0 0.279296875 0.10035682187499999 0.2744140625 0.09384014375000001 0.2705078125 0.09384014375000001 0.26953125 0.09775015000000001 0.275390625 0.10296349062500001 0.275390625 0.11599684531250001 0.28125 0.12381685625000001 0.28125 0.13163686875 0.27734375 0.13945688125 0.279296875 0.1420635515625 0.28515625 0.1342435390625 0.28515625 0.12121018593749999 0.279296875 0.11339017343749999 0.279296875 0.10035682187499999
0 0.2353515625 0.544794171875 0.2421875 0.5434908359375 0.2431640625 0.5369741593749999 0.2373046875 0.5369741593749999 0.234375 0.5408841640625 0.2353515625 0.544794171875
0 0.255859375 0.579984225 0.259765625 0.5878042359375 0.2578125 0.5904109078124999 0.26171875 0.5904109078124999 0.259765625 0.574770884375 0.26171875 0.5643442015625 0.2587890625 0.563040865625 0.255859375 0.579984225
0 0.2255859375 0.4222806484375 0.228515625 0.4209773140625 0.23046875 0.41576397187499997 0.2216796875 0.406640625 0.21484375 0.41055063125 0.2255859375 0.4222806484375
0 0.298828125 0.457470703125 0.306640625 0.44965069062499996 0.2900390625 0.44834735625000005 0.283203125 0.4548640328125 0.298828125 0.457470703125
0 0.2548828125 0.453560696875 0.2490234375 0.453560696875 0.24609375 0.457470703125 0.2470703125 0.46138070937500003 0.259765625 0.4600773734375 0.267578125 0.44443735 0.2666015625 0.44052734375 0.2626953125 0.44052734375 0.2548828125 0.453560696875
0 0.119140625 0.347990534375 0.1181640625 0.344080528125 0.1044921875 0.3466872 0.1015625 0.3584172171875 0.08984375 0.3662372296875 0.0908203125 0.3701472359375 0.103515625 0.3688439 0.107421875 0.355810546875 0.1103515625 0.351900540625 0.1162109375 0.351900540625 0.119140625 0.347990534375
0 0.1875 0.6581843453125 0.185546875 0.6790377109375 0.177734375 0.6868577218749999 0.19140625 0.6868577218749999 0.197265625 0.6790377109375 0.19140625 0.6633976859375 0.1943359375 0.6542743390625 0.1875 0.6581843453125
0 0.0322265625 0.581287559375 0.0244140625 0.581287559375 0.021484375 0.5851975656249999 0.0283203125 0.589107571875 0.0361328125 0.6021409249999999 0.05078125 0.60605093125 0.048828125 0.59823091875 0.0439453125 0.5917142421875 0.0380859375 0.5917142421875 0.0322265625 0.581287559375
0 0.1328125 0.60605093125 0.140625 0.6164776140625 0.140625 0.6373309796875 0.1474609375 0.6464543265625 0.150390625 0.645150990625 0.1484375 0.6164776140625 0.1435546875 0.6073542671875 0.1357421875 0.6021409249999999 0.1328125 0.60605093125
0 0.0068359375 0.4561673671875 0.001953125 0.457470703125 0.0087890625 0.479627403125 0.0146484375 0.48223407500000004 0.0263671875 0.479627403125 0.03125 0.4887507515625 0.033203125 0.47832406875 0.0283203125 0.46920072187499995 0.0126953125 0.46920072187499995 0.0068359375 0.4561673671875
0 0.849609375 0.60605093125 0.8515625 0.6008375906250001 0.8447265625 0.5943209140625 0.84375 0.60605093125 0.849609375 0.60605093125
0 0.84765625 0.389697265625 0.84765625 0.39491060624999996 0.859375 0.4053372890625 0.8623046875 0.38057391875 0.859375 0.381877253125 0.8583984375 0.393607271875 0.84765625 0.389697265625
0 0.822265625 0.457470703125 0.80859375 0.4731107265625 0.8115234375 0.4770207328125 0.814453125 0.4757173984375 0.828125 0.4600773734375 0.826171875 0.4470440203125 0.8212890625 0.43792067343749996 0.822265625 0.457470703125
0 0.8564453125 0.4431340140625 0.8505859375 0.4431340140625 0.8447265625 0.4353140015625 0.83984375 0.4366173375 0.8486328125 0.44834735625000005 0.857421875 0.44965069062499996 0.861328125 0.4470440203125 0.8583984375 0.41706730781249995 0.85546875 0.4209773140625 0.8564453125 0.4431340140625
0 0.8193359375 0.563040865625 0.82421875 0.5617375296875 0.826171875 0.551310846875 0.8212890625 0.544794171875 0.8046875 0.551310846875 0.8193359375 0.563040865625
0 0.8251953125 0.6256009609375 0.8203125 0.6295109671875 0.81640625 0.6477576625 0.8212890625 0.6542743390625 0.8349609375 0.65948768125 0.8359375 0.6712176984375 0.83984375 0.6712176984375 0.84375 0.660791015625 0.8349609375 0.6464543265625 0.82421875 0.63993765 0.8251953125 0.6256009609375
0 0.8974609375 0.672521034375 0.900390625 0.6633976859375 0.8896484375 0.6620943515625 0.8798828125 0.65166766875 0.8759765625 0.65166766875 0.8681640625 0.6620943515625 0.86328125 0.6633976859375 0.86328125 0.6790377109375 0.865234375 0.6790377109375 0.8681640625 0.672521034375 0.8798828125 0.664701021875 0.8857421875 0.677734375 0.8974609375 0.672521034375
0 0.81640625 0.5956242484375001 0.82421875 0.5878042359375 0.8232421875 0.57607421875 0.80859375 0.5904109078124999 0.8037109375 0.6073542671875 0.79296875 0.6138709437500001 0.7998046875 0.6282076328125 0.80859375 0.626904296875 0.810546875 0.6216909562499999 0.806640625 0.619084284375 0.8125 0.6112642734375 0.81640625 0.5956242484375001
0 0.8779296875 0.57607421875 0.8935546875 0.56825420625 0.896484375 0.5643442015625 0.8955078125 0.56043419375 0.8740234375 0.5656475359375001 0.8671875 0.577377553125 0.8662109375 0.589107571875 0.8583984375 0.589107571875 0.84765625 0.579984225 0.849609375 0.593017578125 0.857421875 0.6008375906250001 0.85546875 0.619084284375 0.8603515625 0.6282076328125 0.865234375 0.626904296875 0.861328125 0.619084284375 0.865234375 0.59823091875 0.87109375 0.593017578125 0.8779296875 0.57607421875
0 0.744140625 0.43140399687500003 0.744140625 0.439224009375 0.7470703125 0.44052734375 0.7509765625 0.43010066093750005 0.7626953125 0.42749399062500004 0.763671875 0.423583984375 0.7373046875 0.41706730781249995 0.7255859375 0.43010066093750005 0.720703125 0.423583984375 0.7197265625 0.409247296875 0.71484375 0.423583984375 0.716796875 0.4340106671875 0.70703125 0.4340106671875 0.70703125 0.439224009375 0.71875 0.45225736093749996 0.7236328125 0.43792067343749996 0.7314453125 0.43792067343749996 0.7392578125 0.42749399062500004 0.744140625 0.43140399687500003
0 0.7626953125 0.596927584375 0.775390625 0.5878042359375 0.7744140625 0.5838942312500001 0.7587890625 0.5865009015625 0.75390625 0.5825908953125001 0.75390625 0.5695575421875 0.76171875 0.5617375296875 0.76171875 0.5487041765625 0.7568359375 0.544794171875 0.75390625 0.5565241890625 0.74609375 0.5695575421875 0.74609375 0.5851975656249999 0.7421875 0.593017578125 0.744140625 0.6112642734375 0.7412109375 0.61778095 0.736328125 0.619084284375 0.7373046875 0.6256009609375 0.744140625 0.6242976265625 0.748046875 0.6216909562499999 0.751953125 0.6112642734375 0.7529296875 0.596927584375 0.7626953125 0.596927584375
0 0.564453125 0.6868577218749999 0.568359375 0.6920710640625 0.55859375 0.694677734375 0.5615234375 0.6985877406250001 0.56640625 0.6972844046875 0.5703125 0.694677734375 0.5703125 0.6868577218749999 0.5673828125 0.682947715625 0.564453125 0.6868577218749999
0 0.5849609375 0.808067909375 0.576171875 0.8145845859374999 0.578125 0.8197979265625 0.587890625 0.8119779140625001 0.5888671875 0.800247896875 0.5859375 0.80155123125 0.5849609375 0.808067909375
0 0.609375 0.7337777937500001 0.61328125 0.7415978062499999 0.6142578125 0.732474459375 0.62890625 0.7337777937500001 0.6123046875 0.724654446875 0.609375 0.7337777937500001
0 0.6279296875 0.8237079328125001 0.6171875 0.82501126875 0.6318359375 0.8393479562499999 0.634765625 0.8380446218750001 0.638671875 0.8328312796875 0.6376953125 0.8289212734375001 0.6318359375 0.8289212734375001 0.6279296875 0.8237079328125001
0 0.4951171875 0.6568810093749999 0.4921875 0.660791015625 0.4921875 0.6712176984375 0.4853515625 0.672521034375 0.48046875 0.68164438125 0.48046875 0.68946439375 0.4833984375 0.6933743984375 0.486328125 0.6920710640625 0.484375 0.6842510515625 0.49609375 0.67382436875 0.498046875 0.6633976859375 0.4951171875 0.6568810093749999
0 0.7099609375 0.951434796875 0.703125 0.9605581437499999 0.7080078125 0.969681490625 0.71875 0.9683781546875 0.728515625 0.9605581437499999 0.7216796875 0.9566481359375001 0.7119140625 0.9618614781250001 0.7099609375 0.951434796875
0 0.654296875 0.7833045375000001 0.6591796875 0.7898212140624999 0.677734375 0.7911245484375 0.6630859375 0.7715745187499999 0.6591796875 0.7715745187499999 0.654296875 0.778091196875 0.654296875 0.7833045375000001
0 0.6826171875 0.8028545671874999 0.6767578125 0.808067909375 0.6650390625 0.8054612390625 0.650390625 0.822404596875 0.66015625 0.822404596875 0.6650390625 0.815887921875 0.6787109375 0.815887921875 0.689453125 0.804157903125 0.6826171875 0.8028545671874999
0 0.6748046875 0.8497746390625001 0.66796875 0.8510779749999999 0.6767578125 0.8706280046874999 0.6884765625 0.8758413468749999 0.69921875 0.890178034375 0.6953125 0.8745380109375 0.6904296875 0.868021334375 0.6826171875 0.8654146640624999 0.6748046875 0.8497746390625001
0 0.701171875 0.7337777937500001 0.6982421875 0.7298677890625 0.6953125 0.7311711234375 0.6962890625 0.7429011421875 0.6826171875 0.732474459375 0.6767578125 0.7350811296875001 0.671875 0.7546311593749999 0.6640625 0.7598445015624999 0.6650390625 0.7637545078125 0.673828125 0.762451171875 0.6806640625 0.7429011421875 0.6923828125 0.750721153125 0.7001953125 0.7481144828125 0.701171875 0.7337777937500001
0 0.564453125 0.796337890625 0.5498046875 0.7976412265625 0.546875 0.7937312203125 0.548828125 0.780697865625 0.5419921875 0.7715745187499999 0.54296875 0.7833045375000001 0.5322265625 0.7846078734375 0.5234375 0.796337890625 0.5361328125 0.79503455625 0.53515625 0.8145845859374999 0.5380859375 0.8184945906250001 0.54296875 0.8171912562499999 0.5419921875 0.8054612390625 0.5537109375 0.808067909375 0.5634765625 0.8028545671874999 0.564453125 0.796337890625
0 0.6591796875 0.93058143125 0.66015625 0.9266714234375 0.6552734375 0.9201547484375 0.6455078125 0.9201547484375 0.6376953125 0.9253680890625 0.634765625 0.9214580828125 0.634765625 0.9136380718750001 0.6279296875 0.90712139375 0.626953125 0.9110314 0.630859375 0.9188514124999999 0.6298828125 0.93058143125 0.6162109375 0.9227614187500001 0.611328125 0.9240647531249999 0.619140625 0.9344914359375001 0.619140625 0.9449181187500001 0.6240234375 0.951434796875 0.626953125 0.9501314609374999 0.6337890625 0.9331881015624999 0.6435546875 0.9331881015624999 0.6494140625 0.9279747593750001 0.6591796875 0.93058143125
0 0.58984375 0.9423114484375 0.591796875 0.9501314609374999 0.5888671875 0.954041465625 0.5849609375 0.954041465625 0.580078125 0.9397047781250001 0.5732421875 0.9331881015624999 0.552734375 0.9449181187500001 0.5537109375 0.948828125 0.5732421875 0.946221453125 0.5810546875 0.9618614781250001 0.5927734375 0.9618614781250001 0.59765625 0.9709848265625001 0.59375 0.9892315203125 0.59765625 0.991838190625 0.603515625 0.9788048375 0.603515625 0.9631648140625 0.5947265625 0.9384014421875 0.58984375 0.9423114484375
0 0.5361328125 0.1876802890625 0.548828125 0.1889836234375 0.548828125 0.18377028281250002 0.5361328125 0.16943359375 0.52734375 0.17073692812500002 0.5361328125 0.1876802890625
0 0.5908203125 0.02606670625 0.5859375 0.032583384375 0.5859375 0.037796724999999996 0.5966796875 0.0495267421875 0.6015625 0.0482234078125 0.60546875 0.0456167359375 0.60546875 0.037796724999999996 0.5986328125 0.028673376562500002 0.5908203125 0.02606670625
0 0.5029296875 0.088626803125 0.4931640625 0.0912334734375 0.4921875 0.10035682187499999 0.501953125 0.1055701625 0.5126953125 0.1042668265625 0.515625 0.10035682187499999 0.515625 0.092536809375 0.5029296875 0.088626803125
0 0.529296875 0.10035682187499999 0.5322265625 0.1042668265625 0.54296875 0.10296349062500001 0.544921875 0.0951434796875 0.5302734375 0.07559344999999999 0.5263671875 0.07559344999999999 0.529296875 0.10035682187499999
0 0.466796875 0.233297025 0.46875 0.22287034218750001 0.4658203125 0.2215670078125 0.458984375 0.2567570609375 0.46875 0.2697904140625 0.46875 0.280217096875 0.474609375 0.280217096875 0.474609375 0.26457707343750003 0.46484375 0.2515437203125 0.46875 0.2437237078125 0.466796875 0.233297025
0 0.6787109375 0.059953425000000005 0.671875 0.07950345625 0.66015625 0.0899301390625 0.6611328125 0.096446815625 0.66796875 0.0951434796875 0.6875 0.0690767734375 0.689453125 0.0612567609375 0.6865234375 0.0573467546875 0.6787109375 0.059953425000000005
0 0.59375 0.23590369687499999 0.5849609375 0.211140325 0.5615234375 0.19550030000000002 0.55859375 0.19941030625 0.560546875 0.20723031875000003 0.5703125 0.22808368437499998 0.56640625 0.23590369687499999 0.5615234375 0.2398137015625 0.5498046875 0.23199369062500003 0.5380859375 0.23199369062500003 0.537109375 0.23590369687499999 0.5537109375 0.24242037343749998 0.5634765625 0.25284705625 0.572265625 0.2515437203125 0.578125 0.24893704843750003 0.5771484375 0.23460036093749997 0.5908203125 0.2398137015625 0.59375 0.23590369687499999
0 0.501953125 0.19159029375 0.5048828125 0.1876802890625 0.515625 0.186376953125 0.513671875 0.1655235875 0.515625 0.1498835640625 0.5126953125 0.14597355781250002 0.5068359375 0.14597355781250002 0.5009765625 0.138153546875 0.49609375 0.1420635515625 0.49609375 0.1498835640625 0.4921875 0.1577035765625 0.4921875 0.16813025937499998 0.49609375 0.178556940625 0.48828125 0.18377028281250002 0.498046875 0.19159029375 0.5 0.2046236484375 0.4951171875 0.211140325 0.4873046875 0.211140325 0.486328125 0.21765700156249998 0.4892578125 0.2189603359375 0.4931640625 0.21374699531250002 0.498046875 0.21765700156249998 0.5 0.22287034218750001 0.498046875 0.246330378125 0.5009765625 0.25024038437499996 0.505859375 0.24893704843750003 0.515625 0.2437237078125 0.515625 0.20983698906249998 0.5029296875 0.2033203125 0.501953125 0.19159029375