0 0.37422818593749996 0.1076624890625 0.37354728125 0.11544525937500001 0.362479371875 0.12231928593750001 0.36301173124999997 0.131188496875 0.3658003890625 0.1441762796875 0.369610403125 0.1454899046875 0.3737608703125 0.14291214531250002 0.3726961515625 0.1251737234375 0.380997084375 0.12001820468749999 0.381848215625 0.11028974062500001 0.378208428125 0.107030421875 0.37422818593749996 0.1076624890625
0 0.45189868125 0.19190090937499998 0.4512177765625 0.1996836796875 0.4718215625 0.20344686250000002 0.4692464921875 0.21792596562500002 0.474439996875 0.2183803390625 0.48031440156249994 0.211051940625 0.48099530625 0.20326916874999998 0.47735551875000004 0.20000985 0.4567517328125 0.1962466671875 0.45189868125 0.19190090937499998
0 0.38532099375 0.23509075625000003 0.39553777343749996 0.23794519374999998 0.40245521718750005 0.233648928125 0.40279567031249996 0.2297575421875 0.41750336875 0.2261428359375 0.4245910390625 0.2199008765625 0.402093084375 0.222834025 0.3946649625 0.23296736875000001 0.38532099375 0.23509075625000003
0 0.2665176171875 0.54623285 0.2703276328125 0.5475464750000001 0.2708383109375 0.541709396875 0.26719852187500004 0.538450078125 0.2665176171875 0.54623285
0 0.42164502031250006 0.6872428046875 0.4233689625 0.682492165625 0.42994595156250004 0.682087284375 0.442737803125 0.6704626203124999 0.4302864046875 0.6781958984374999 0.4171324203125 0.6790056609375 0.41662174218750003 0.6848427390625 0.42164502031250006 0.6872428046875
0 0.2818476125 0.7299085125 0.28876505625000004 0.725612246875 0.293766653125 0.7133060234374999 0.28148547968750004 0.719093609375 0.2811450265625 0.7229849953125 0.2702473421875 0.727913328125 0.2712903796875 0.7309454609375 0.2818476125 0.7299085125
0 0.3970762421875 0.45962596875 0.3989704078125 0.4529296359375 0.3844112546875 0.4398923625 0.38111191875 0.43274165781249996 0.375748190625 0.434232978125 0.376621 0.43921080312500005 0.3970762421875 0.45962596875
0 0.399332540625 0.4637445390625 0.3988218625 0.46958161875000004 0.40695256874999997 0.46637179218749997 0.42495960468750005 0.4699077890625 0.4344738 0.465838709375 0.43792168125000003 0.45633743125 0.42530005624999995 0.466016403125 0.4175098015625 0.46533484375 0.4100599984375 0.46076189999999995 0.399332540625 0.4637445390625
0 0.47719815624999995 0.680339559375 0.46974835625000005 0.675766615625 0.4643846265625 0.6772579359375 0.4740907296875 0.6859494515625 0.47928423125 0.686403825 0.49780194375000003 0.68410274375 0.5078268171875 0.6741965859375 0.5040168031250001 0.672882959375 0.49294889375000006 0.679756984375 0.4849884125 0.68102111875 0.47719815624999995 0.680339559375
0 0.42943205781250005 0.5683283578125 0.44156468593750003 0.5791927546875 0.45714519375 0.580555871875 0.466851296875 0.5892473890625001 0.4760250390625 0.58906969375 0.46025262343750006 0.5749459796874999 0.447098640625 0.575755740625 0.42977250937499994 0.5644369734375 0.42943205781250005 0.5683283578125
0 0.41268164687500003 0.5952913796875 0.4133842328125 0.602214896875 0.44262940312500004 0.596931175 0.4504196578125 0.597612734375 0.457869459375 0.602185678125 0.4595934 0.597435040625 0.4509303359375 0.5917756562500001 0.432412621875 0.5940767375 0.41959909062499995 0.5909951125 0.41268164687500003 0.5952913796875
0 0.24908951875000002 0.7005746453125 0.249621878125 0.70944385625 0.2580930359375 0.70234264375 0.274013996875 0.6998143765625 0.28369841875 0.693799603125 0.2895728265625 0.6864712046875 0.28870001562500003 0.6814933796875 0.2693311734375 0.693522925 0.258773940625 0.6945598734375 0.24908951875000002 0.7005746453125
0 0.4056373375 0.630945915625 0.3924833546875 0.6317556765625 0.3692828171875 0.6277653078125 0.3625356 0.63011588125 0.3608116578125 0.63486651875 0.371368890625 0.633829571875 0.3788186921875 0.6384025171875 0.38920569843749997 0.6393112624999999 0.3973364046875 0.636101434375 0.40772341093750003 0.6370101796875 0.41257646093749994 0.6413559390625 0.41655670312500004 0.640723871875 0.4056373375 0.630945915625
0 0.30666368906249997 0.6556167984375 0.28571945 0.6557450015625 0.281568984375 0.6583227609375 0.2810799859375 0.6788661281249999 0.28799743125 0.6745698625000001 0.28608158281249996 0.6665599046875 0.301129734375 0.6590538125000001 0.3110060625 0.6657996359375 0.3283105125 0.6624121140625 0.32467072343750003 0.6591527968750001 0.314113490625 0.66018974375 0.30666368906249997 0.6556167984375
0 0.212249215625 0.8375334078125001 0.21708058593750001 0.827172878125 0.21188708437499998 0.8267185046875 0.20722593906250003 0.8351333421874999 0.18921890624999999 0.8315973453125001 0.179704709375 0.835666425 0.180747746875 0.8386985578124999 0.212249215625 0.8375334078125001
0 0.24979210312500003 0.7074981625000001 0.26086001406250003 0.7006241375 0.276780975 0.6980958703125 0.2897430515625 0.6845255125 0.2859330375 0.6832118859375 0.27192792187500003 0.6937501109374999 0.2560069625 0.6962783796875 0.2518564953125 0.6988561390625 0.24979210312500003 0.7074981625000001
0 0.44731865937500004 0.842414634375 0.44333841874999996 0.8430467015625001 0.4412740265625 0.8516887265624999 0.43608052343750003 0.851234353125 0.42880094843750005 0.844715715625 0.4258637421875 0.848379915625 0.43297309375 0.8568442453125 0.44336010000000003 0.857752990625 0.4456163984375 0.8618715625 0.453236428125 0.8644988140625 0.45981341875000004 0.8640939328125 0.45772734687499994 0.8580296687500001 0.45027754375000006 0.853456725 0.44731865937500004 0.842414634375
0 0.2996193796875 0.6912713359375 0.304131978125 0.6995084796875 0.3006840953125 0.70900975625 0.284422684375 0.7154294109375 0.2811450265625 0.7229849953125 0.267480365625 0.729631834375 0.2685234015625 0.7326639671875 0.2844443640625 0.7301356984375 0.29187248593750004 0.7200023546875001 0.2987899296875 0.7157060890625 0.306580184375 0.716387646875 0.31366785468749997 0.7101456890625 0.30481288281249996 0.6917257078125 0.3065368234375 0.6869750703124999 0.2996193796875 0.6912713359375
0 0.411750228125 0.7853866953125 0.40796189375 0.798779359375 0.38374 0.8064631453125 0.38342122968750003 0.8250608203124999 0.3842940390625 0.8300386453125 0.3907008046875 0.8315794578125001 0.40191726250000004 0.8080534500000001 0.41385798124999995 0.8061572484375 0.420775425 0.8018609828125 0.42439353437499994 0.7904140125 0.42109419687500005 0.7832633078125 0.411750228125 0.7853866953125
0 0.4106855109375 0.767648275 0.4110259640625 0.7637568890625 0.3928270234375 0.7474602953125 0.3769060609375 0.7499885625 0.36234690937499997 0.7369512890625 0.35836666875 0.73758335625 0.358026215625 0.741474740625 0.362538815625 0.749711884375 0.35093854687500003 0.7477167 0.3467880796875 0.750294459375 0.3473204390625 0.7591636703125 0.35200326249999997 0.765455121875 0.3571967671875 0.76590949375 0.3667109609375 0.7618404140624999 0.3660083765625 0.754916896875 0.37362840625 0.7575441484375001 0.3919758921875 0.757188759375 0.40168199375 0.7658802765625 0.4106855109375 0.767648275
0 0.38750987187499997 0.8979601984375 0.412264121875 0.899145621875 0.40862433437499995 0.8958863031250001 0.393043825 0.8945231843749999 0.372418359375 0.8760537125000001 0.3789736703125 0.86094254375 0.3734180359375 0.8496732671875 0.35541100000000003 0.8461372703125001 0.345534671875 0.8393914468749999 0.34017094375 0.8408827671875001 0.34728029375 0.849347096875 0.36528732812500003 0.85288309375 0.36892711718750004 0.8561424125 0.3680759859375 0.8658708765625001 0.36254203125 0.8693078890624999 0.36154235468749996 0.8956883343750001 0.372610265625 0.888814309375 0.38750987187499997 0.8979601984375
0 0.678905675 0.3637068328125 0.6842694046875 0.3622155125 0.68322636875 0.3591833796875 0.6737121734375 0.36325246093749997 0.674584984375 0.3682302859375 0.6811619765625 0.36782540468749997 0.678905675 0.3637068328125
0 0.6897383203125 0.3146596328125 0.697358346875 0.31728688437499997 0.7070427703125 0.31127211250000003 0.7006360046875 0.30973130000000004 0.6897383203125 0.3146596328125
0 0.6139218484375 0.3139083078125 0.637314290625 0.3306592734375 0.6376547421875001 0.3267678890625 0.6192855765624999 0.3124169875 0.6139218484375 0.3139083078125
0 0.724090271875 0.251005128125 0.7239417265625 0.2676571109375 0.7275815140625 0.270916428125 0.73173198125 0.26833866875 0.7296459078125 0.26227440468749996 0.733093790625 0.2527731265625 0.727027475 0.2473409296875 0.7230472359375 0.24797299687500002 0.724090271875 0.251005128125
0 0.7715376 0.3816140046875 0.7654712875 0.37618180625000003 0.75768103125 0.375500246875 0.7528279812500001 0.3711544890625 0.747294025 0.3745915015625 0.7561273171875 0.37830519375 0.7504231359375 0.3836879 0.7691327546875 0.3941474140625 0.7838404531250001 0.39053270625000003 0.7827974156249999 0.387500575 0.7696434328125 0.38831033593750003 0.76219363125 0.383737390625 0.7715376 0.3816140046875
0 0.16532138125 0.2374097265625 0.1718983734375 0.2370048453125 0.158722709375 0.2231083171875 0.143652878125 0.215908121875 0.142971975 0.2236908921875 0.15318875468749998 0.22654533125 0.16532138125 0.2374097265625
0 0.1940558734375 0.23796308281249998 0.193715421875 0.24185446875 0.208763571875 0.234348375 0.1940558734375 0.23796308281249998
0 0.1385677765625 0.28898519375 0.1312882015625 0.28246655625 0.1361195703125 0.272106025 0.1238383984375 0.2778936125 0.1247112078125 0.2828714375 0.1366736109375 0.295681525 0.1385677765625 0.28898519375
0 0.13254160625 0.19336956875 0.147951890625 0.1966783796875 0.15506124062499999 0.2051427109375 0.1590414796875 0.20451064375 0.1571256328125 0.1965006859375 0.14846256875 0.1908413015625 0.14050208749999998 0.1921054359375 0.133052284375 0.187532490625 0.13254160625 0.19336956875
0 0.1413532171875 0.182376971875 0.1531237140625 0.18242646406250002 0.152421128125 0.1755029453125 0.1448011 0.17287569375 0.1394373703125 0.1743670140625 0.13215779375 0.1678483765625 0.1313066640625 0.177576840625 0.1413532171875 0.182376971875
0 0.24379964531249998 0.2825071046875 0.23477444687500001 0.2660328171875 0.24237279531249997 0.2539537796875 0.23009162343749998 0.259741365625 0.23028352968750002 0.2725019625 0.234796128125 0.28073910625 0.24379964531249998 0.2825071046875
0 0.16029810312499998 0.2350096609375 0.1718983734375 0.2370048453125 0.158722709375 0.2231083171875 0.143652878125 0.215908121875 0.142971975 0.2236908921875 0.15318875468749998 0.22654533125 0.16029810312499998 0.2350096609375
0 0.1293169609375 0.5891257453125001 0.136064178125 0.5867751718750001 0.1325946171875 0.581570159375 0.1284441515625 0.5841479203125 0.1293169609375 0.5891257453125001
0 0.0318319859375 0.566872815625 0.038068526562499996 0.5703593203125 0.0351096421875 0.55931723125 0.030959176562500003 0.561894990625 0.0318319859375 0.566872815625
0 0.2038952734375 0.45448833750000006 0.2085780984375 0.46077978750000004 0.2179220671875 0.4586564015625 0.204576178125 0.446705565625 0.2038952734375 0.45448833750000006
0 0.2329051765625 0.40703144062499996 0.2384391328125 0.403594428125 0.237566321875 0.39861660312499997 0.2280521265625 0.4026856828125 0.22581750781249998 0.4132734 0.2323944984375 0.41286852031250004 0.2329051765625 0.40703144062499996
0 0.0422406734375 0.5824878499999999 0.045348103125 0.5768779578125 0.0418785390625 0.5716729453125 0.0378983 0.5723050125 0.0379199796875 0.5870113015625 0.046923496875 0.5887793 0.0422406734375 0.5824878499999999
0 0.1982778140625 0.5186961984375 0.20157714843750002 0.5258469031249999 0.20677065312499998 0.526301275 0.2046845796875 0.5202370109375 0.1911684625 0.51023186875 0.18684777187499998 0.5147553203124999 0.18755035625 0.5216788390625 0.1982778140625 0.5186961984375
0 0.1344671046875 0.5601675390625 0.1372557609375 0.5731553218750001 0.14608905156250002 0.5768690125 0.148323671875 0.566281296875 0.141214321875 0.557816965625 0.144662203125 0.5483156890625 0.141022415625 0.5450563703125 0.13359429375 0.5551897140625 0.1344671046875 0.5601675390625
0 0.084150828125 0.596937734375 0.0948782875 0.59395509375 0.10526529375 0.5948638390625 0.1097562125 0.58839469375 0.10368989843750001 0.5829624953125 0.0882796140625 0.5796536859375 0.0888119734375 0.5885228953125 0.08310779375 0.5939056015624999 0.084150828125 0.596937734375
0 0.26751407656250004 0.40025639999999996 0.26821666093749996 0.4071799171875 0.2791360265625 0.4169578734375 0.28122210000000003 0.4230221375 0.2898851640625 0.428681521875 0.28952303281249997 0.41786661875000003 0.27756063124999997 0.40505653124999996 0.27460174843749996 0.394014440625 0.2706215078125 0.3946465078125 0.26751407656250004 0.40025639999999996
0 0.17030773125 0.449589221875 0.18812285625 0.44036462343749994 0.1888037609375 0.43258185156250006 0.20489495 0.4281078921875 0.20159561250000002 0.4209571875 0.181353959375 0.4280089078125 0.18084328125 0.4338459859375 0.16943491875 0.44461139687499995 0.17030773125 0.449589221875
0 0.1255254109375 0.482922403125 0.1286545203125 0.4920188 0.1245257359375 0.50930285 0.13076227499999998 0.5127893546875 0.138190396875 0.502656009375 0.1390415265625 0.49292754531250005 0.13365611718749998 0.4797125765625 0.1260360890625 0.477085325 0.1255254109375 0.482922403125
0 0.2130473375 0.439604353125 0.22654177187500002 0.43490320625 0.25233906093749997 0.4391207625 0.25648952812500003 0.436543003125 0.23535338281249998 0.423910609375 0.22756312812499999 0.42322905000000005 0.20542730781250002 0.4369771015625 0.2130473375 0.439604353125
0 0.10345463125000001 0.540789321875 0.0953022453125 0.529292859375 0.088725253125 0.529697740625 0.0864906328125 0.5402854578125 0.090130421875 0.5435447765625 0.0913653640625 0.5593375046875 0.098644940625 0.5658561421875 0.0983044890625 0.5697475265625 0.10696755312499999 0.5754069109375 0.109031946875 0.5667648875 0.099666296875 0.554181984375 0.10345463125000001 0.540789321875
0 0.643433615625 0.7242920625 0.6392831484375 0.726869821875 0.640326184375 0.7299019546875 0.6482866656249999 0.7286378203125 0.64984038125 0.725832875 0.643433615625 0.7242920625
0 0.653526746875 0.8781007750000001 0.6575069859375 0.8774687078125 0.6597416046875 0.8668809906250001 0.6529943874999999 0.8692315640625001 0.653526746875 0.8781007750000001
0 0.666166834375 0.7635320875 0.668593359375 0.7657049671875 0.6807043078125 0.7618630734375 0.680342175 0.7510481703125 0.666166834375 0.7635320875
0 0.7015835046875 0.7176160046875 0.7166316546875 0.7101099125 0.713672771875 0.699067821875 0.711608378125 0.707709846875 0.70192395625 0.7137246187499999 0.696730453125 0.713270246875 0.6963900015625 0.71716163125 0.7015835046875 0.7176160046875
0 0.717439425 0.6709688703125 0.7163963890625 0.6679367375 0.690428871875 0.6656648749999999 0.685575821875 0.6613191171875 0.6850651437499999 0.6671561953125 0.68749166875 0.6693290734375 0.717439425 0.6709688703125
0 0.7046042124999999 0.65318095625 0.7148209921875 0.6560353953125 0.7170772921874999 0.6601539671875 0.7416613171875001 0.6632850828125 0.73819175625 0.658080071875 0.722611246875 0.656716953125 0.7203549484375 0.6525983828124999 0.7049446640625 0.649289571875 0.7046042124999999 0.65318095625
0 0.721549746875 0.7585745375 0.7397270078125 0.760164840625 0.74664445 0.755868575 0.7493897484375001 0.7394437796875 0.7426425296875 0.741794353125 0.7417914 0.7515228171875 0.73487395625 0.7558190828125 0.72448695 0.7549103374999999 0.721549746875 0.7585745375
0 0.7300176890625 0.6318773203125 0.7559852046875 0.634149184375 0.7601356703125 0.6315714234375001 0.7590926328125 0.6285392921875 0.73555164375 0.6284403078125 0.7204818140625 0.6212401109375 0.7201413609375 0.625131496875 0.7300176890625 0.6318773203125
0 0.7496836234375001 0.5865438125 0.7590275921875 0.584420425 0.7626457 0.5729734546875 0.774586421875 0.5710772546875 0.781503865625 0.5667809874999999 0.7806310546875 0.5618031625000001 0.7723301218749999 0.5669586828125001 0.7551958984375 0.5684005109375 0.7496836234375001 0.5865438125
0 0.610845746875 0.6930125015625 0.5996076109375 0.7018322203125 0.6006506484374999 0.704864353125 0.615528571875 0.699303953125 0.6191466812499999 0.6878569828125001 0.63540809375 0.6814373296875 0.635918771875 0.6756002515625 0.6322789828125 0.6723409328125001 0.6277880640625 0.6788100781249999 0.6115266515625 0.68522973125 0.610845746875 0.6930125015625
0 0.6290880484375 0.7387216734375001 0.6143586703125 0.7276300906250001 0.59098790625 0.7255854140625 0.5908176796875 0.7275311062500001 0.6088247140624999 0.731067103125 0.6209573421875 0.7419315 0.6339411 0.74306743125 0.6498620609375 0.7405391640625 0.6675069625 0.73326025625 0.65330994375 0.7310378859375 0.6476057609375 0.7364205921875 0.6290880484375 0.7387216734375001
0 0.6904939140625 0.7097837421875 0.6807878109375001 0.701092225 0.6790421906249999 0.691136575 0.6728056515625 0.6876500703125 0.6572251421875 0.6862869515625001 0.656884690625 0.6901783375 0.667271696875 0.6910870828125 0.6733380109375 0.69651928125 0.676999478125 0.7144848875 0.6879188421875 0.7242628437499999 0.6931123453125 0.7247172171875 0.6948362875 0.719966578125 0.6899832359375 0.7156208203125 0.6904939140625 0.7097837421875