0 0.5126953125 0.30498046875 0.498046875 0.314103815625 0.4921875 0.32713716875 0.49609375 0.3323505109375 0.4951171875 0.3388671875 0.4873046875 0.333653846875 0.484375 0.3375638515625 0.4912109375 0.3466872 0.498046875 0.3453838640625 0.501953125 0.3375638515625 0.501953125 0.321923828125 0.51171875 0.3114971453125 0.5126953125 0.30498046875
0 0.7958984375 0.30498046875 0.7900390625 0.30498046875 0.7841796875 0.31280048125 0.7744140625 0.3154071515625 0.765625 0.32453049843750004 0.771484375 0.32453049843750004 0.7861328125 0.3206204921875 0.7939453125 0.31019380937499996 0.798828125 0.308890475 0.7958984375 0.30498046875
0 0.90625 0.23069035468750002 0.9013671875 0.24502704375 0.8876953125 0.24242037343749998 0.876953125 0.246330378125 0.8798828125 0.25284705625 0.90625 0.2515437203125 0.908203125 0.23590369687499999 0.9140625 0.23069035468750002 0.9111328125 0.2267803484375 0.90625 0.23069035468750002
0 0.9111328125 0.672521034375 0.9052734375 0.672521034375 0.904296875 0.6764310390625 0.91015625 0.68164438125 0.91015625 0.6972844046875 0.916015625 0.7051044171874999 0.916015625 0.712924428125 0.912109375 0.7181377703125 0.921875 0.7181377703125 0.923828125 0.710317759375 0.916015625 0.6920710640625 0.916015625 0.6790377109375 0.9111328125 0.672521034375
0 0.9248046875 0.758541165625 0.9169921875 0.7715745187499999 0.9013671875 0.7715745187499999 0.89453125 0.7833045375000001 0.8955078125 0.78721454375 0.8984375 0.7859112078125 0.9033203125 0.77939453125 0.9189453125 0.77939453125 0.931640625 0.75723783125 0.9248046875 0.758541165625
0 0.9638671875 0.8549879812500001 0.958984375 0.8615046578125 0.9658203125 0.8628079921875 0.9775390625 0.8836613578125 0.9912109375 0.8914813703125001 0.99609375 0.890178034375 0.9873046875 0.8784480171875 0.9794921875 0.8758413468749999 0.9677734375 0.8549879812500001 0.9638671875 0.8549879812500001
0 0.8857421875 0.8289212734375001 0.8779296875 0.8393479562499999 0.865234375 0.8380446218750001 0.8740234375 0.84716796875 0.880859375 0.845864634375 0.8857421875 0.8367412859375 0.8916015625 0.8367412859375 0.900390625 0.830224609375 0.8857421875 0.8289212734375001
0 0.9013671875 0.8784480171875 0.8984375 0.8823580234374999 0.900390625 0.9006047171875 0.89453125 0.9110314 0.89453125 0.9188514124999999 0.8984375 0.9266714234375 0.896484375 0.9292780953124999 0.900390625 0.931884765625 0.90234375 0.9292780953124999 0.900390625 0.9136380718750001 0.904296875 0.905818059375 0.9013671875 0.8784480171875
0 0.7802734375 0.7715745187499999 0.78125 0.778091196875 0.794921875 0.7911245484375 0.794921875 0.80155123125 0.796875 0.80155123125 0.798828125 0.788517878125 0.7939453125 0.7820012015625 0.7880859375 0.7820012015625 0.7802734375 0.7715745187499999
0 0.7998046875 0.808067909375 0.7958984375 0.808067909375 0.8046875 0.822404596875 0.8046875 0.8276179390625 0.796875 0.8406512921875 0.796875 0.845864634375 0.8046875 0.8562913156249999 0.80078125 0.8406512921875 0.806640625 0.8354379515625 0.80859375 0.8197979265625 0.7998046875 0.808067909375
0 0.7880859375 0.8497746390625001 0.7783203125 0.8497746390625001 0.7705078125 0.8575946515625 0.767578125 0.8510779749999999 0.775390625 0.8406512921875 0.775390625 0.8354379515625 0.771484375 0.822404596875 0.7685546875 0.8184945906250001 0.7626953125 0.8184945906250001 0.759765625 0.82501126875 0.7626953125 0.8237079328125001 0.765625 0.8276179390625 0.76171875 0.8354379515625 0.763671875 0.8562913156249999 0.7685546875 0.8654146640624999 0.775390625 0.864111328125 0.7783203125 0.8549879812500001 0.7880859375 0.8549879812500001 0.79296875 0.845864634375 0.7880859375 0.8497746390625001
0 0.771484375 0.9162447406249999 0.78125 0.9240647531249999 0.779296875 0.9449181187500001 0.7822265625 0.948828125 0.78515625 0.9475247890625 0.7890625 0.9188514124999999 0.7841796875 0.9123347359375 0.7724609375 0.9123347359375 0.771484375 0.9162447406249999
0 0.767578125 0.9344914359375001 0.7587890625 0.9019080531249999 0.755859375 0.9110314 0.76171875 0.9214580828125 0.7548828125 0.9357947718749999 0.744140625 0.9423114484375 0.748046875 0.95273813125 0.7490234375 0.943614784375 0.7568359375 0.9410081140625 0.7626953125 0.9331881015624999 0.767578125 0.9344914359375001
0 0.6650390625 0.8445612984374999 0.662109375 0.848471303125 0.6650390625 0.8549879812500001 0.671875 0.8536846453125 0.6767578125 0.8497746390625001 0.6875 0.8510779749999999 0.6826171875 0.8445612984374999 0.6650390625 0.8445612984374999
0 0.693359375 0.7911245484375 0.6962890625 0.79503455625 0.708984375 0.7937312203125 0.708984375 0.7859112078125 0.7060546875 0.7820012015625 0.7021484375 0.7820012015625 0.693359375 0.7911245484375
0 0.6806640625 0.677734375 0.68359375 0.6842510515625 0.68359375 0.6972844046875 0.69921875 0.7077110875 0.69921875 0.702497746875 0.6875 0.6920710640625 0.6875 0.68164438125 0.6806640625 0.677734375
0 0.6826171875 0.604747596875 0.6787109375 0.61778095 0.6728515625 0.6203876203124999 0.6650390625 0.6334209734375 0.658203125 0.634724309375 0.6630859375 0.64384765625 0.66796875 0.642544321875 0.671875 0.6321176390625001 0.685546875 0.619084284375 0.685546875 0.6086576015625 0.6826171875 0.604747596875
0 0.541015625 0.53827749375 0.55078125 0.54609750625 0.5517578125 0.563040865625 0.5595703125 0.56825420625 0.56640625 0.566950871875 0.556640625 0.5565241890625 0.556640625 0.54609750625 0.5517578125 0.5369741593749999 0.541015625 0.53827749375
0 0.650390625 0.41576397187499997 0.6455078125 0.409247296875 0.64453125 0.4287973265625 0.65234375 0.439224009375 0.650390625 0.45225736093749996 0.654296875 0.45225736093749996 0.658203125 0.44443735 0.658203125 0.4366173375 0.650390625 0.4261906546875 0.650390625 0.41576397187499997
0 0.6474609375 0.46659405 0.642578125 0.47050405624999997 0.6513671875 0.4848407453125 0.65625 0.48353740937499995 0.66796875 0.47050405624999997 0.6630859375 0.46920072187499995 0.6552734375 0.4770207328125 0.6474609375 0.46659405
0 0.6943359375 0.406640625 0.697265625 0.41576397187499997 0.7001953125 0.41967397812499996 0.703125 0.41837064375 0.701171875 0.4053372890625 0.6865234375 0.393607271875 0.6875 0.4053372890625 0.6943359375 0.406640625
0 0.689453125 0.3610238890625 0.6953125 0.355810546875 0.6923828125 0.3466872 0.673828125 0.347990534375 0.689453125 0.3610238890625
0 0.548828125 0.2697904140625 0.5537109375 0.2789137609375 0.55859375 0.2776104265625 0.5703125 0.26457707343750003 0.5634765625 0.2632737390625 0.5576171875 0.27109375 0.548828125 0.2697904140625
0 0.3583984375 0.2606670671875 0.35546875 0.26718374375 0.3583984375 0.27109375 0.3857421875 0.265880409375 0.390625 0.2776104265625 0.390625 0.26457707343750003 0.3876953125 0.2606670671875 0.3740234375 0.2632737390625 0.3583984375 0.2606670671875
0 0.3427734375 0.6699143640624999 0.337890625 0.6764310390625 0.337890625 0.6868577218749999 0.345703125 0.702497746875 0.34765625 0.7181377703125 0.3505859375 0.7220477765625 0.353515625 0.720744440625 0.349609375 0.694677734375 0.34375 0.6842510515625 0.345703125 0.6712176984375 0.3427734375 0.6699143640624999
0 0.2568359375 0.63602764375 0.251953125 0.6373309796875 0.255859375 0.645150990625 0.2490234375 0.6490609984375 0.2421875 0.660791015625 0.2421875 0.6686110281250001 0.2490234375 0.675127703125 0.251953125 0.67382436875 0.24609375 0.6633976859375 0.26171875 0.6477576625 0.26171875 0.642544321875 0.2568359375 0.63602764375
0 0.0693359375 0.589107571875 0.06640625 0.593017578125 0.0732421875 0.596927584375 0.0810546875 0.6125676078125 0.0947265625 0.615174278125 0.1005859375 0.622994290625 0.103515625 0.6216909562499999 0.0986328125 0.6073542671875 0.0830078125 0.604747596875 0.0751953125 0.589107571875 0.0693359375 0.589107571875
0 0.109375 0.54609750625 0.1162109375 0.5526141828125 0.138671875 0.55391751875 0.142578125 0.551310846875 0.1435546875 0.544794171875 0.1298828125 0.5421875 0.109375 0.54609750625
0 0.0078125 0.845864634375 0.01953125 0.8615046578125 0.01953125 0.8745380109375 0.0263671875 0.8836613578125 0.03125 0.8823580234374999 0.025390625 0.8745380109375 0.0234375 0.8536846453125 0.0087890625 0.8419546265625 0.0078125 0.845864634375
0 0.01953125 0.804157903125 0.0234375 0.8171912562499999 0.021484375 0.830224609375 0.025390625 0.830224609375 0.029296875 0.822404596875 0.02734375 0.80155123125 0.0302734375 0.7898212140624999 0.01953125 0.804157903125
0 0.2099609375 0.7898212140624999 0.205078125 0.796337890625 0.20703125 0.8145845859374999 0.197265625 0.8328312796875 0.19921875 0.8432579625000001 0.203125 0.845864634375 0.201171875 0.8354379515625 0.212890625 0.8197979265625 0.208984375 0.80155123125 0.2099609375 0.7898212140624999
0 0.447265625 0.8615046578125 0.447265625 0.86932466875 0.458984375 0.8797513515625001 0.451171875 0.89278470625 0.453125 0.8953913765625 0.4609375 0.890178034375 0.46484375 0.8771446812500001 0.4501953125 0.8575946515625 0.447265625 0.8615046578125
0 0.548828125 0.9032113890625 0.5361328125 0.8993013828124999 0.5244140625 0.91494140625 0.5107421875 0.9175480765625 0.505859375 0.9240647531249999 0.5068359375 0.9279747593750001 0.509765625 0.9266714234375 0.5263671875 0.9253680890625 0.5341796875 0.909728065625 0.5458984375 0.909728065625 0.548828125 0.9032113890625
0 0.5751953125 0.852381309375 0.5673828125 0.852381309375 0.5595703125 0.8602013218750001 0.5517578125 0.8602013218750001 0.544921875 0.8667179984375 0.5625 0.86932466875 0.5673828125 0.8628079921875 0.5849609375 0.8654146640624999 0.587890625 0.8615046578125 0.5751953125 0.852381309375
0 0.462890625 0.762451171875 0.470703125 0.7702711843750001 0.4775390625 0.7846078734375 0.4931640625 0.7820012015625 0.498046875 0.788517878125 0.4951171875 0.774181190625 0.4794921875 0.7767878609375 0.4716796875 0.7611478359375 0.462890625 0.762451171875
0 0.4140625 0.68946439375 0.4228515625 0.6933743984375 0.427734375 0.7077110875 0.4296875 0.702497746875 0.427734375 0.6920710640625 0.4150390625 0.680341046875 0.4140625 0.68946439375
0 0.2685546875 0.563040865625 0.28515625 0.566950871875 0.2890625 0.5617375296875 0.2861328125 0.5526141828125 0.265625 0.55391751875 0.2685546875 0.563040865625
0 0.2001953125 0.503087440625 0.197265625 0.509604115625 0.2001953125 0.50830078125 0.20703125 0.5148174578125 0.2080078125 0.5291541468750001 0.212890625 0.5278508109375 0.2109375 0.525244140625 0.212890625 0.5122107875 0.2080078125 0.5056941109374999 0.2001953125 0.503087440625
0 0.1826171875 0.25284705625 0.1728515625 0.2398137015625 0.166015625 0.24111703750000002 0.1669921875 0.24502704375 0.171875 0.246330378125 0.1787109375 0.2606670671875 0.189453125 0.25936373125 0.2001953125 0.25284705625 0.201171875 0.24893704843750003 0.1904296875 0.2476337140625 0.1826171875 0.25284705625
0 0.267578125 0.2776104265625 0.2744140625 0.29194711562500003 0.283203125 0.29325045156249996 0.2841796875 0.2867337734375 0.2763671875 0.2867337734375 0.2724609375 0.276307090625 0.267578125 0.2776104265625
0 0.3427734375 0.2476337140625 0.3369140625 0.24242037343749998 0.333984375 0.2437237078125 0.3388671875 0.2554537265625 0.34375 0.254150390625 0.3486328125 0.2476337140625 0.35546875 0.24893704843750003 0.3505859375 0.24242037343749998 0.3427734375 0.2476337140625
0 0.1416015625 0.211140325 0.13671875 0.220263671875 0.1396484375 0.2267803484375 0.146484375 0.22808368437499998 0.14453125 0.220263671875 0.1494140625 0.2189603359375 0.150390625 0.21505033125 0.1416015625 0.211140325
0 0.478515625 0.2984637921875 0.478515625 0.3114971453125 0.484375 0.321923828125 0.482421875 0.295857121875 0.4716796875 0.2815204328125 0.470703125 0.288037109375 0.478515625 0.2984637921875
0 0.5029296875 0.31019380937499996 0.49609375 0.3193171578125 0.494140625 0.32713716875 0.498046875 0.3375638515625 0.4951171875 0.3414738578125 0.484375 0.33495718124999996 0.4912109375 0.3466872 0.49609375 0.3453838640625 0.5 0.34277719375000004 0.5 0.32453049843750004 0.5126953125 0.30498046875 0.5029296875 0.31019380937499996
0 0.470703125 0.389697265625 0.466796875 0.389697265625 0.46484375 0.40273061875 0.4697265625 0.41185396562500004 0.490234375 0.4131573015625 0.4853515625 0.404033953125 0.4736328125 0.404033953125 0.470703125 0.4001239484375 0.470703125 0.389697265625
0 0.5107421875 0.4431340140625 0.50390625 0.45225736093749996 0.50390625 0.465290715625 0.5078125 0.46789738593749997 0.5107421875 0.453560696875 0.5166015625 0.4587740390625 0.51953125 0.457470703125 0.5107421875 0.4431340140625
0 0.5234375 0.363630559375 0.5244140625 0.36754056562500004 0.52734375 0.3662372296875 0.5283203125 0.3623272234375 0.5390625 0.363630559375 0.5283203125 0.3545072109375 0.5234375 0.363630559375
0 0.7509765625 0.265880409375 0.7470703125 0.2632737390625 0.744140625 0.26718374375 0.75 0.2723970859375 0.7548828125 0.2867337734375 0.771484375 0.29325045156249996 0.771484375 0.288037109375 0.7666015625 0.2815204328125 0.7587890625 0.2815204328125 0.7509765625 0.265880409375
0 0.81640625 0.6295109671875 0.8154296875 0.6256009609375 0.806640625 0.634724309375 0.8046875 0.6477576625 0.798828125 0.652971003125 0.796875 0.660791015625 0.796875 0.6686110281250001 0.798828125 0.6686110281250001 0.80078125 0.6581843453125 0.80859375 0.6503643328125001 0.810546875 0.6373309796875 0.81640625 0.6295109671875
0 0.7177734375 0.544794171875 0.71484375 0.54609750625 0.7197265625 0.56043419375 0.7265625 0.559130859375 0.7373046875 0.539580828125 0.7294921875 0.539580828125 0.7236328125 0.5500075109375 0.7177734375 0.544794171875
0 0.701171875 0.47832406875 0.708984375 0.47832406875 0.7109375 0.4757173984375 0.708984375 0.4600773734375 0.7041015625 0.4587740390625 0.701171875 0.47832406875
0 0.5908203125 0.4718073921875 0.59765625 0.4731107265625 0.6005859375 0.4587740390625 0.5947265625 0.4587740390625 0.58984375 0.465290715625 0.5908203125 0.4718073921875
0 0.6396484375 0.4561673671875 0.634765625 0.4600773734375 0.6328125 0.46789738593749997 0.6328125 0.4731107265625 0.63671875 0.4731107265625 0.638671875 0.47050405624999997 0.63671875 0.465290715625 0.640625 0.46268404375000005 0.6396484375 0.4561673671875
0 0.646484375 0.5851975656249999 0.650390625 0.5851975656249999 0.6533203125 0.5786808890625 0.662109375 0.577377553125 0.6533203125 0.56825420625 0.646484375 0.5851975656249999
0 0.7333984375 0.6282076328125 0.728515625 0.634724309375 0.73046875 0.6373309796875 0.7392578125 0.6334209734375 0.744140625 0.626904296875 0.7412109375 0.622994290625 0.7333984375 0.6282076328125
0 0.7421875 0.6764310390625 0.7490234375 0.6855543859375001 0.751953125 0.6842510515625 0.7392578125 0.6464543265625 0.736328125 0.6581843453125 0.7421875 0.6686110281250001 0.7421875 0.6764310390625
0 0.3837890625 0.750721153125 0.37890625 0.75723783125 0.380859375 0.762451171875 0.3837890625 0.758541165625 0.3955078125 0.758541165625 0.3984375 0.7520244890625001 0.3837890625 0.750721153125
0 0.4013671875 0.7376878 0.3935546875 0.7220477765625 0.388671875 0.728564453125 0.388671875 0.736384465625 0.3935546875 0.7429011421875 0.3974609375 0.740294471875 0.4052734375 0.750721153125 0.41796875 0.7520244890625001 0.4169921875 0.7559344953125 0.4091796875 0.7559344953125 0.404296875 0.762451171875 0.404296875 0.7702711843750001 0.4091796875 0.7767878609375 0.4140625 0.775484525 0.408203125 0.7676645140625 0.421875 0.7598445015624999 0.419921875 0.7468111484375 0.4013671875 0.7376878
0 0.4140625 0.68164438125 0.4169921875 0.690767728125 0.421875 0.68946439375 0.4140625 0.68164438125
0 0.4775390625 0.664701021875 0.4736328125 0.664701021875 0.47265625 0.6686110281250001 0.478515625 0.67382436875 0.474609375 0.68946439375 0.4794921875 0.69598106875 0.482421875 0.694677734375 0.486328125 0.68946439375 0.482421875 0.6842510515625 0.482421875 0.67382436875 0.4775390625 0.664701021875
0 0.365234375 0.8328312796875 0.3681640625 0.8419546265625 0.375 0.8432579625000001 0.380859375 0.8328312796875 0.3818359375 0.8184945906250001 0.3740234375 0.8211012609375 0.365234375 0.8328312796875
0 0.15234375 0.6998910765625 0.15234375 0.710317759375 0.16015625 0.7155311 0.1640625 0.710317759375 0.1640625 0.702497746875 0.1552734375 0.69598106875 0.15234375 0.6998910765625
0 0.326171875 0.9553448015624999 0.3291015625 0.9644681484375001 0.3359375 0.9631648140625 0.341796875 0.9605581437499999 0.3388671875 0.954041465625 0.3291015625 0.951434796875 0.326171875 0.9553448015624999
0 0.4951171875 0.8914813703125001 0.4873046875 0.894088040625 0.482421875 0.9110314 0.466796875 0.9240647531249999 0.47265625 0.9292780953124999 0.462890625 0.9344914359375001 0.4658203125 0.9384014421875 0.474609375 0.93709810625 0.490234375 0.9136380718750001 0.490234375 0.9006047171875 0.49609375 0.8953913765625 0.4951171875 0.8914813703125001
0 0.5888671875 0.8810546875 0.5810546875 0.8810546875 0.5732421875 0.8888747 0.56640625 0.890178034375 0.5673828125 0.894088040625 0.578125 0.89278470625 0.5888671875 0.8888747 0.595703125 0.8745380109375 0.5908203125 0.873234675 0.5888671875 0.8810546875
0 0.517578125 0.88496469375 0.515625 0.871931340625 0.5048828125 0.8602013218750001 0.498046875 0.8667179984375 0.517578125 0.88496469375
0 0.2822265625 0.404033953125 0.2841796875 0.409247296875 0.29296875 0.4001239484375 0.2880859375 0.393607271875 0.2802734375 0.3962139421875 0.2724609375 0.393607271875 0.2568359375 0.406640625 0.251953125 0.41576397187499997 0.2578125 0.4261906546875 0.2607421875 0.41706730781249995 0.2685546875 0.41446063593750004 0.2744140625 0.406640625 0.2822265625 0.404033953125
0 0.0546875 0.0273700421875 0.0517578125 0.023460035937500002 0.0478515625 0.023460035937500002 0.0458984375 0.028673376562500002 0.0361328125 0.023460035937500002 0.029296875 0.029976712500000002 0.029296875 0.0482234078125 0.0322265625 0.05213341406250001 0.03515625 0.050830078125 0.0361328125 0.0364933890625 0.0498046875 0.039100059375 0.0546875 0.035190053124999995 0.0546875 0.0273700421875
0 0.1943359375 0.023460035937500002 0.1904296875 0.023460035937500002 0.185546875 0.029976712500000002 0.1826171875 0.046920071875000004 0.1708984375 0.0443134015625 0.1640625 0.0534367484375 0.185546875 0.0534367484375 0.189453125 0.0456167359375 0.189453125 0.032583384375 0.1953125 0.0273700421875 0.1943359375 0.023460035937500002
0 0.21875 0.043010065624999996 0.21875 0.0612567609375 0.205078125 0.07950345625 0.205078125 0.0899301390625 0.208984375 0.0899301390625 0.2109375 0.07950345625 0.224609375 0.06386343125 0.2255859375 0.039100059375 0.21875 0.043010065624999996
0 0.265625 0.13163686875 0.2724609375 0.132940203125 0.2734375 0.126423528125 0.2646484375 0.1199068515625 0.26171875 0.1055701625 0.2568359375 0.1042668265625 0.263671875 0.1368502109375 0.259765625 0.1629169171875 0.267578125 0.1759502703125 0.265625 0.186376953125 0.26953125 0.186376953125 0.271484375 0.1733436 0.265625 0.1629169171875 0.26953125 0.144670221875 0.265625 0.13163686875
0 0.4072265625 0.11208683906250001 0.4072265625 0.1068734984375 0.3974609375 0.1068734984375 0.3837890625 0.132940203125 0.376953125 0.13163686875 0.376953125 0.1368502109375 0.388671875 0.1498835640625 0.390625 0.1342435390625 0.396484375 0.126423528125 0.3984375 0.11599684531250001 0.4072265625 0.11208683906250001
0 0.341796875 0.029976712500000002 0.3447265625 0.039100059375 0.349609375 0.037796724999999996 0.35546875 0.0221567015625 0.3525390625 0.0156400234375 0.3447265625 0.0156400234375 0.341796875 0.029976712500000002
0 0.39453125 0.2046236484375 0.3994140625 0.21635366562499997 0.404296875 0.21505033125 0.408203125 0.2046236484375 0.4072265625 0.19810697187499998 0.4013671875 0.19810697187499998 0.39453125 0.2046236484375
0 0.6904296875 0.9253680890625 0.685546875 0.9292780953124999 0.6884765625 0.9331881015624999 0.697265625 0.931884765625 0.69921875 0.9240647531249999 0.6962890625 0.9201547484375 0.6923828125 0.9279747593750001 0.6904296875 0.9253680890625
0 0.67578125 0.905818059375 0.6826171875 0.9175480765625 0.6953125 0.9188514124999999 0.6884765625 0.8993013828124999 0.6806640625 0.894088040625 0.67578125 0.897998046875 0.67578125 0.905818059375
0 0.5771484375 0.156400240625 0.5693359375 0.156400240625 0.56640625 0.1629169171875 0.5703125 0.1629169171875 0.5791015625 0.16161358125 0.58984375 0.1498835640625 0.5810546875 0.1511868984375 0.5771484375 0.156400240625
0 0.609375 0.12381685625000001 0.5986328125 0.1068734984375 0.595703125 0.10817683281249998 0.6025390625 0.122513521875 0.609375 0.12381685625000001
0 0.71875 0.0951434796875 0.7216796875 0.10166015625 0.736328125 0.11339017343749999 0.73828125 0.110783503125 0.7314453125 0.09905348593749999 0.7236328125 0.0912334734375 0.71875 0.0951434796875