0 0.13082915625 0.6724416953125 0.114933859375 0.6657221921875001 0.12352061406249999 0.6762384171875 0.12930785 0.675321809375 0.13281312812499999 0.6787253718749999 0.1312918234375 0.6816054874999999 0.1351499796875 0.6809944156250001 0.13082915625 0.6724416953125
0 0.11830583125000001 0.6994972453125 0.1199369234375 0.7097955578125 0.1234422015625 0.713199121875 0.1419723359375 0.7115838171875 0.143846521875 0.7046890671875 0.15968692499999998 0.7048193578124999 0.1600398046875 0.700804721875 0.152268596875 0.695437653125 0.136835965625 0.6978819421875 0.12596725312499998 0.6916858875 0.1221090953125 0.692296959375 0.11830583125000001 0.6994972453125
0 0.154691715625 0.7544350390625 0.170179240625 0.7585799640625 0.1709947859375 0.763729121875 0.16251781875 0.7663913234375 0.1683599484375 0.7720639265625 0.1749078375 0.7697072625 0.1794168609375 0.75447770625 0.186725403125 0.7506809828125001 0.1905286671875 0.7434806984375 0.18925045468749999 0.72916775 0.1816439265625 0.7435683203125001 0.17585668906250002 0.744484928125 0.172814078125 0.75024515625 0.154691715625 0.7544350390625
0 0.1661642578125 0.8331124437499999 0.1638822984375 0.8374326140624999 0.1673875765625 0.8408361781250001 0.1770329703125 0.8393084984374999 0.1887172296875 0.850653709375 0.194912240625 0.852311678125 0.19542980000000001 0.8680646859375001 0.20273834218750003 0.8642679609374999 0.2124935234375 0.8759187078125 0.2248835421875 0.8792346468750001 0.230725671875 0.8849072546875 0.22675772656249998 0.8723399000000001 0.22325244843749997 0.868936334375 0.2174652125 0.8698529421875 0.20928623124999998 0.8619112953125001 0.2053182859375 0.849343940625 0.19906838437500002 0.8410967578124999 0.17773872968749999 0.8312792265625 0.1661642578125 0.8331124437499999
0 0.236716771875 0.7229694046875 0.24057492812499998 0.7223583328125 0.251741628125 0.7179505374999999 0.24087291562500002 0.711754484375 0.242284434375 0.6956959421875 0.2294317484375 0.6832162109375 0.2294866421875 0.6898054234375001 0.2369049703125 0.699187128125 0.233862359375 0.7049473578125001 0.236716771875 0.7229694046875
0 0.20571035000000001 0.6645404234375001 0.20641610781250003 0.6565111531250001 0.1982371265625 0.6485695046875 0.197884246875 0.6525841406249999 0.20571035000000001 0.6645404234375001
0 0.20079355312499997 0.677195403125 0.2097331875 0.6836969921875 0.2162810765625 0.681340328125 0.21780238281250003 0.6784602140625 0.210438946875 0.675667721875 0.20302061718750003 0.6662860171875 0.20149931250000003 0.66916613125 0.17794259375000002 0.6702579859375 0.17566063437499999 0.6745781578125001 0.1892190796875 0.67902861875 0.20079355312499997 0.677195403125
0 0.189964021875 0.490210465625 0.194229953125 0.49217397187499995 0.194120165625 0.4789955453125 0.1905599953125 0.46900276874999997 0.1967001109375 0.46407152500000004 0.19588456406250002 0.45892236718749996 0.1881682484375 0.4601445109375 0.1862940640625 0.4670392625 0.188630915625 0.46930830468750007 0.189964021875 0.490210465625
0 0.170281125 0.353452284375 0.1718573234375 0.3571613828125 0.176476134375 0.355110253125 0.1830240234375 0.3527535890625 0.191038325 0.3409275953125 0.1948964828125 0.34031652343749996 0.19997795937500001 0.3474291859375 0.2037812234375 0.3402289 0.1956022421875 0.3322872515625 0.1878859265625 0.3335093953125 0.170281125 0.353452284375
0 0.2949968609375 0.39176084218749996 0.3039913890625 0.4048516453125 0.3086102 0.4028005140625 0.30890818593749997 0.3921966671875 0.30306605625 0.38652406250000004 0.2949968609375 0.39176084218749996
0 0.293938221875 0.403804746875 0.2881509859375 0.4047213546875 0.2846457078125 0.4013177921875 0.2798073234375 0.377012065625 0.276004059375 0.384212353125 0.2820108703125 0.4096525984375 0.29592219375 0.410088425 0.293938221875 0.403804746875
0 0.34612528125 0.315044653125 0.3485170265625 0.323902909375 0.3531358375 0.3218517796875 0.3460703875 0.3084554390625 0.3395224984375 0.3108121046875 0.34612528125 0.315044653125
0 0.3512381328125 0.37229644687499996 0.3547434109375 0.375700009375 0.3574331421875 0.3739544171875 0.3483288265625 0.347685184375 0.3464546421875 0.354579934375 0.3512381328125 0.37229644687499996
0 0.403566353125 0.3468539109375 0.4039192328125 0.342839275 0.3873181765625 0.34414904218750003 0.3845735515625 0.339305421875 0.38188381875 0.3410510140625 0.38620464375 0.349603734375 0.39316030625 0.349821646875 0.403566353125 0.3468539109375
0 0.3742145421875 0.2551733234375 0.36989371875 0.2466206046875 0.36410648125 0.2475372125 0.364161375 0.254126428125 0.3591896859375 0.2601921921875 0.360765884375 0.263901290625 0.37117193125000003 0.260933553125 0.3742145421875 0.2551733234375
0 0.3908469734375 0.30400268750000004 0.3811466859375 0.2989411546875 0.3941326765625 0.28104939687499997 0.395246209375 0.27559470468749997 0.3920938109375 0.26817650625 0.393967996875 0.26128175625 0.3970655015625 0.262110740625 0.39595196875 0.2675654328125 0.399457246875 0.270968996875 0.4040760578125 0.2689178671875 0.40133143281250006 0.26407424687500003 0.40741665468750005 0.252553790625 0.405675775 0.22907704999999998 0.4167326875 0.2114908265625 0.4151564890625 0.20778172968750003 0.40591886875 0.21188398749999998 0.4013549515625 0.2205243296875 0.3846990015625 0.21524488437499997 0.37937443125 0.225325284375 0.382879709375 0.228728846875 0.3878514 0.22266308124999998 0.3998885390625 0.2299936578125 0.40315072343749997 0.2505902828125 0.400868765625 0.25491045625000003 0.3908155984375 0.25386355625 0.387012334375 0.2610638421875 0.38945897343749997 0.2765113125 0.3817975515625 0.28432266875 0.37612010156250003 0.29841770625 0.3715012921875 0.30046883593749996 0.3893256671875 0.306882803125 0.39440714374999997 0.3139954640625 0.3970968765625 0.31224987187500003 0.3989710609375 0.305355121875 0.4113610796875 0.30867106093749996 0.41557211718750003 0.3040453546875 0.41627787656250004 0.29601608437500004 0.41318037187499995 0.2951870984375 0.4120668390625 0.30064179062499996 0.40394275156250004 0.29928935624999997 0.3908469734375 0.30400268750000004
0 0.179722703125 0.8375629046874999 0.17621742499999998 0.8341593406250001 0.17159861406250002 0.8362104703125001 0.1751038921875 0.839614034375 0.179722703125 0.8375629046874999
0 0.27409859375 0.9902020921875 0.298415965625 0.9876701812500001 0.3041483078125 0.980164359375 0.3122723953125 0.981516790625 0.3145543546875 0.9771966203125 0.30444629375 0.969560509375 0.297545525 0.975931809375 0.2763256578125 0.9792927062500001 0.272114621875 0.9839184140624999 0.27409859375 0.9902020921875
0 0.30042345625 0.9504039421874999 0.3001254703125 0.9610077890625 0.306728253125 0.9652403390625001 0.316263859375 0.9505342296875 0.31832624374999996 0.9198572031250001 0.31446808593750003 0.9204682765625 0.3106648234375 0.9276685625000001 0.3084926515625 0.9451671625 0.30188986875 0.9409346125000001 0.29808660468750003 0.9481348984375 0.30042345625 0.9504039421874999
0 0.55220744375 0.8920511328125 0.5504979390625 0.9187135234375001 0.55212903125 0.9290118359375 0.5568027359375 0.9335499203125 0.5547638703125 0.920677028125 0.5623703984375 0.9062764578125 0.5622606109375 0.8930980312499999 0.5684007281250001 0.8881667859375 0.576713015625 0.86573694375 0.5674753953125 0.8698392046875 0.5633192499999999 0.8810541234375 0.55220744375 0.8920511328125
0 0.5460359546875 0.8468432453125001 0.5306033234374999 0.849287534375 0.5263922859375 0.853913240625 0.5298975640625 0.8573168046875 0.5453301953125 0.8548725156250001 0.55660668125 0.8636431484375 0.567012728125 0.8606754109375 0.5460359546875 0.8468432453125001
0 0.6318564171875 0.7144882781249999 0.63840430625 0.7121316125 0.6333228296875 0.7050189484375 0.637886746875 0.6963786062499999 0.6362556546875 0.68608029375 0.6273709125 0.6861679171875 0.6250889546875 0.6904880875 0.6297626578125 0.695026171875 0.6251987421874999 0.7036665156249999 0.6318564171875 0.7144882781249999
0 0.7064866624999999 0.630091021875 0.7122738984375 0.6291744125000001 0.7152616171874999 0.6168249718750001 0.73150979375 0.6195298390625 0.74110029375 0.6114129453125 0.737595015625 0.60800938125 0.7244992375 0.6127227125 0.719825534375 0.608184628125 0.71210921875 0.6094067734374999 0.7064866624999999 0.630091021875
0 0.7448016265625 0.6847232796875 0.7408885749999999 0.6787451375 0.7297218765625 0.6831529328125 0.72311909375 0.678920384375 0.720837134375 0.68324055625 0.733282046875 0.693145709375 0.7379008578125 0.69109458125 0.7448016265625 0.6847232796875
0 0.74504471875 0.6675302171874999 0.7535216874999999 0.664868015625 0.7584933781250001 0.65880225 0.7569171781249999 0.6550931515625 0.74808733125 0.6617699890625001 0.73833215 0.650119240625 0.7325449140625 0.6510358484375 0.7268125703125 0.658541671875 0.7352895390625 0.6558794703124999 0.74504471875 0.6675302171874999
0 0.881334928125 0.7040055578125 0.8859537390625001 0.7019544296875 0.8750301328125 0.6891691609375 0.8476152562499999 0.6908720875000001 0.8422906859375001 0.7009524875 0.8438668859374999 0.7046615875 0.8507676546875 0.6982902859375 0.859299515625 0.7022172984374999 0.8743243734374999 0.69719843125 0.881334928125 0.7040055578125
0 0.9621837015624999 0.5777163562500001 0.953651840625 0.5737893421875 0.9402031828125 0.5825173078125 0.9417793812499999 0.5862264078125 0.9772634531250001 0.5792867015625001 0.9737581750000001 0.5758831390625 0.9621837015624999 0.5777163562500001
0 0.9268486015624999 0.41704560625 0.91334505 0.419184359375 0.9074480265625 0.406922540625 0.9009001375000001 0.4092792046875 0.91456836875 0.42690809375 0.9238059890624999 0.42280583437499997 0.9377722078125 0.42983087500000006 0.9268486015624999 0.41704560625
0 0.8444706671875 0.4525258765625 0.848736596875 0.45448938125 0.848924796875 0.43070710625 0.8372405374999999 0.4193618953125 0.8332725921874999 0.406794540625 0.8301750875 0.40596555624999997 0.8314533000000001 0.42027850312500004 0.8454744125 0.43389275625 0.843247346875 0.44480214218749997 0.8444706671875 0.4525258765625
0 0.8431532234375 0.29438475 0.8540219375 0.300580803125 0.8497011125 0.292028084375 0.8431532234375 0.29438475
0 0.832315884375 0.338327825 0.8361740421875 0.337716753125 0.832613871875 0.3277239765625 0.825603315625 0.32091685000000003 0.8212275984374999 0.3057749171875 0.8111195375 0.29813880625 0.8181849859374999 0.311535146875 0.8198160781249999 0.3218334578125 0.8315003390625 0.33317867031250004 0.832315884375 0.338327825
0 0.840996715625 0.17464438437500002 0.8352094796875 0.17556099218750001 0.8286066968749999 0.17132844375 0.8027680203124999 0.1767404703125 0.81287608125 0.18437658125 0.8279009374999999 0.1793577140625 0.8472466187500001 0.1828915671875 0.840996715625 0.17464438437500002
0 0.7397906609375 0.22234380625 0.72816129375 0.21758780781249998 0.725361775 0.20615497500000002 0.7211507375 0.21078068125 0.7247109093749999 0.22077345781250002 0.732889890625 0.2287151046875 0.741366859375 0.2260529046875 0.7397906609375 0.22234380625
0 0.7324585984375 0.2696904453125 0.7327565859375 0.259086596875 0.7288435343749999 0.2531084546875 0.714932209375 0.252672628125 0.70324795 0.2413274171875 0.6967000609375 0.24368408281249998 0.71422645 0.26070190000000004 0.7258009234375 0.25886868281250003 0.7324585984375 0.2696904453125
0 0.5347986031249999 0.332666671875 0.541699371875 0.3262953703125 0.5289564734375001 0.326994065625 0.5180877609375 0.32079801093750004 0.5061604078124999 0.32664586406249996 0.510073459375 0.33262400468750003 0.521240159375 0.32821621093750003 0.53017979375 0.3347178 0.5347986031249999 0.332666671875
0 0.44508860781250004 0.41549358124999997 0.4425321828125 0.3868676828125 0.4362822796875 0.37862049999999997 0.4262291125 0.377573603125 0.4258762328125 0.3815882390625 0.4367449453125 0.3877842921875 0.4411206640625 0.402926225 0.44123045000000005 0.416104653125 0.44508860781250004 0.41549358124999997
0 0.502365 0.42753519687499997 0.513123925 0.42055282343749995 0.5114379390625 0.403665296875 0.5072269031250001 0.4082910046875 0.5080424484375 0.41344016093749997 0.504239184375 0.4206404453125 0.49809906875000004 0.425571690625 0.4996752671875 0.4292807890625 0.502365 0.42753519687499997
0 0.372575640625 0.47580302343750003 0.37906863749999997 0.4668571453125 0.38800827187500003 0.473358734375 0.3964852390625 0.47069653437500003 0.39602257343749997 0.46153274218749996 0.38678495156250003 0.4656350015625 0.381703475 0.4585223390625 0.373987159375 0.4597444828125 0.3679019375 0.47126494062499996 0.3632831265625 0.47331606875 0.36678840468749996 0.47671963125000005 0.372575640625 0.47580302343750003
0 0.3846441546875 0.5332727296875001 0.3883376328125 0.5128940171874999 0.4041780359375 0.51302430625 0.40564444843749997 0.5035549796875001 0.3990965578125 0.50591164375 0.3847774609375 0.502901240625 0.3810839828125 0.5232799531250001 0.3827150765625 0.533578265625 0.3846441546875 0.5332727296875001
0 0.41736008125 0.5650393203124999 0.4271152625 0.57669006875 0.429154128125 0.5895629578125 0.4400228421875 0.5957590125000001 0.441544146875 0.5928788984375 0.43412581875 0.58349719375 0.434831578125 0.5754679234375 0.429342328125 0.5657806828124999 0.4227395453125 0.561548134375 0.42034779999999994 0.5526898765625 0.4165445359375 0.5598901640625 0.41736008125 0.5650393203124999
0 0.5592336640625 0.7616192953125 0.55953165 0.7510154453125 0.5564341453125 0.7501864609375 0.5538542015625 0.76511048125 0.5620880765625 0.7796413421875 0.5702670578125 0.787582990625 0.5772227203125 0.7878009031250001 0.5592336640625 0.7616192953125
0 0.7148460359375 0.8451784046874999 0.7172926734375 0.8606258734375001 0.723134803125 0.8662984796875 0.7428882578125 0.8724069109375 0.7416649390625001 0.8646831765625 0.7381596609375001 0.8612796125 0.7222643640624999 0.8545601093749999 0.7174808734375 0.8368435984374999 0.7139755953125 0.8334400343749999 0.7015855765625 0.8301240953125 0.696966765625 0.8321752234375 0.7148460359375 0.8451784046874999
0 0.7231818421875 0.7791986453125 0.7343485421875 0.7747908515625 0.7342936484375 0.7682016375 0.718100365625 0.7720859828125 0.7093254109375 0.785352034375 0.710901609375 0.7890611328125 0.7155204203125 0.7870100046874999 0.7231818421875 0.7791986453125
0 0.697390203125 0.6975108375 0.6990212953125 0.7078091515625 0.690301234375 0.7276644140624999 0.6919323281249999 0.7379627265625001 0.6735668734375 0.759345671875 0.6733786734375 0.7831279484375 0.679165909375 0.782211340625 0.679354109375 0.7584290640625 0.686309771875 0.758646978125 0.686254878125 0.7520577640624999 0.6961982578125 0.739926234375 0.696088471875 0.72674780625 0.70217369375 0.7152273484375 0.6996721609375001 0.6931906671875 0.697390203125 0.6975108375
0 0.671355471875 0.6330160921875 0.6728767765625 0.6301359765625001 0.668501059375 0.61499404375 0.6711358984375 0.6066592390625 0.66518398125 0.5878082046875 0.6613807171875 0.5950084906249999 0.6654584484375 0.620754271875 0.6694263921875 0.633321628125 0.671355471875 0.6330160921875
0 0.5671459875 0.5056868625 0.5736938765625 0.5033301953125 0.5832294828125 0.48862408906250004 0.583174590625 0.482034875 0.5877934 0.4799837453125 0.5862172015625 0.47627464531249997 0.58235904375 0.4768857171875 0.5751602890624999 0.49386086875 0.5655697875000001 0.5019777624999999 0.5671459875 0.5056868625
0 0.5374805265625 0.561849090625 0.5409858046875 0.5652526531250001 0.5436755359375 0.5635070609375 0.55174473125 0.5582702796875 0.5540266890625001 0.553950109375 0.5528033703124999 0.546226375 0.5577750609375001 0.540160609375 0.5508193984374999 0.5399426968750001 0.545549721875 0.5566123109375 0.5397624859375 0.55752891875 0.5374805265625 0.561849090625
0 0.5308071875 0.6882662921875 0.532900946875 0.7077283984375 0.540319275 0.7171101015625 0.535535784375 0.6993935921875 0.5373550765624999 0.685909628125 0.54191899375 0.677269284375 0.5353711031249999 0.6796259499999999 0.5268392421875 0.6756989375 0.5192876078124999 0.6966887234375 0.5209187 0.7069870359375 0.5308071875 0.6882662921875
0 0.41910881718750004 0.6822051078125 0.4161210984375 0.6945545515625 0.421963228125 0.7002271546875 0.433184821875 0.7024085765625 0.4416617890625 0.6997463734375 0.44312820156250005 0.690277046875 0.44003069687499996 0.6894480609375 0.43891716406250003 0.6949027531249999 0.43353770156250004 0.6983939390625 0.42342964062500005 0.690757828125 0.42413540000000005 0.6827285578125 0.41910881718750004 0.6822051078125
0 0.43011869062499997 0.7517187203125 0.4173208984375 0.7458282031250001 0.4115336625 0.7467448109375 0.4037075609375 0.7347885265625 0.39908875 0.73683965625 0.41082790312500006 0.75477408125 0.43017358437500003 0.758307934375 0.43011869062499997 0.7517187203125
0 0.24539760156249998 0.5592859625 0.2519454921875 0.556929296875 0.2588462609375 0.5505579968750001 0.25995979375 0.5451033046875 0.256454515625 0.541699740625 0.24996151875 0.5506456187500001 0.24417428281250003 0.551562228125 0.2414296578125 0.5467186078124999 0.236810846875 0.5487697375 0.24539760156249998 0.5592859625
0 0.11516909687500002 0.55484008125 0.1217718796875 0.5590726296875 0.122587425 0.5642217859375 0.1284295546875 0.569894390625 0.1369065234375 0.5672321890625 0.1217169859375 0.5524834171874999 0.11516909687500002 0.55484008125
0 0.11027581875 0.5239451421875 0.1168786015625 0.528177690625 0.11850969375 0.5384760046875 0.126280903125 0.5438430734375 0.131660365625 0.5403518875 0.135926296875 0.54231539375 0.139431575 0.54571895625 0.1395413609375 0.5588973828125 0.14339951875 0.5582863109375 0.14755566250000002 0.547071390625 0.14399549218750002 0.5370786125 0.134702978125 0.5345916578125001 0.1272846484375 0.525209953125 0.123426490625 0.525821025 0.11641593593749999 0.5190139 0.1106286984375 0.5199305078124999 0.11027581875 0.5239451421875
0 0.29383633750000004 0.8089324281250001 0.30125466562500003 0.8183141328125 0.30054890625 0.826343403125 0.30329353124999997 0.8311870234375001 0.307041903125 0.817397525 0.2996235734375 0.8080158203125001 0.29565562968750003 0.7954484640625 0.2898135 0.789775859375 0.28595534218749996 0.79038693125 0.2836733828125 0.794707103125 0.29220524531250003 0.7986341140625 0.29383633750000004 0.8089324281250001
0 0.278442890625 0.630587834375 0.2711343484375 0.6343845578125 0.264531565625 0.6301520078125 0.25874432812500003 0.631068615625 0.2564623703125 0.6353887874999999 0.27194989375 0.6395337125 0.275400278125 0.6363480625 0.27901534375 0.652930053125 0.2848574734375 0.658602659375 0.290534921875 0.6445076234375 0.3049638078125 0.6606964546875 0.3234939421875 0.6590811515625 0.329579165625 0.64756069375 0.328002965625 0.64385159375 0.3215099703125 0.6527974734375 0.309935496875 0.6546306890625 0.2994196640625 0.6444200015625 0.2986041171875 0.63927084375 0.28849605624999997 0.6316347328125 0.278442890625 0.630587834375
0 0.6569343953125 0.3858992484375 0.6407411125 0.38978359375 0.6455246031249999 0.40750010625 0.6513667328125 0.4131727109375 0.6656309375 0.40959390156250003 0.6651133765624999 0.393840896875 0.6569343953125 0.3858992484375
0 0.7265537671875 0.4883566390625 0.731172578125 0.486305509375 0.7364971484375 0.4762251109375 0.7403553046875 0.47561403750000003 0.74836960625 0.46378804531249995 0.756085921875 0.4625659 0.7564388015625 0.458551265625 0.7432881296875 0.45667538125 0.72497756875 0.48464753906249997 0.7265537671875 0.4883566390625
0 0.8982182140624999 0.1800967859375 0.9012608249999999 0.1743365578125 0.897700653125 0.16434378125 0.8860712875000001 0.1595877828125 0.878652959375 0.150206078125 0.8837893296875 0.1639079546875 0.8946580421875 0.170104009375 0.89436005625 0.1807078578125 0.8982182140624999 0.1800967859375
0 0.7288043515625 0.4338973359375 0.7272281515625 0.4301882375 0.720272490625 0.42997032500000004 0.724185540625 0.435948465625 0.7288043515625 0.4338973359375
0 0.72942384375 0.369139721875 0.7352659734375 0.37481232656249996 0.7345602140625 0.3828415984375 0.738418371875 0.3822305265625 0.7391241296875 0.3742012546875 0.7336348796875 0.3645140140625 0.7157556109375001 0.351510834375 0.7229543671875 0.334535684375 0.7179277828124999 0.334012234375 0.70722375 0.3475838203125 0.70844706875 0.35530755625 0.72942384375 0.369139721875
0 0.618117628125 0.8275091390625 0.6270572624999999 0.8340107296875001 0.6336051515625 0.8316540640625 0.6420821203125 0.8289918640625 0.642435 0.824977228125 0.6389297218750001 0.821573665625 0.6254261703124999 0.8237124171874999 0.6188233875 0.8194798703125 0.6053747296875 0.8282078359374999 0.6088800078125 0.8316114000000001 0.618117628125 0.8275091390625
0 0.369595825 0.906458575 0.367611853125 0.9001748968750001 0.359432871875 0.89223325 0.35557471406249996 0.892844321875 0.3449804671875 0.919594334375 0.3462037875 0.9273180703125 0.3500619453125 0.926706996875 0.35995043125000004 0.9079862546875 0.3692978390625 0.9170624234375 0.375085075 0.916145815625 0.3781276859375 0.9103855859375001 0.39051770625 0.9137015265624999 0.3908705859375 0.909686890625 0.382691603125 0.90174524375 0.369595825 0.906458575
0 0.7741612453125 0.5454758515625 0.77573744375 0.5491849515625 0.7534589390625 0.5645897546875001 0.7569642171875001 0.5679933187499999 0.7697071156249999 0.567294621875 0.7754394578125 0.5597888 0.790464315625 0.554769934375 0.7908171953124999 0.5507552984374999 0.782285334375 0.5468282859375 0.79111518125 0.5401514484375001 0.785680825 0.5370534218749999 0.7764432046875 0.54115568125 0.7741612453125 0.5454758515625