0 0.32897632187500003 0.5936978125000001 0.332986190625 0.5909063671875 0.33178589375 0.587932978125 0.3240388078125 0.5857081296875 0.322565859375 0.59054248125 0.32897632187500003 0.5936978125000001
0 0.018449675 0.37374222343749997 0.0090933125 0.380255596875 0.010225446874999999 0.3851809203125 0.019581807812499998 0.378667546875 0.018449675 0.37374222343749997
0 0.050937601562500004 0.33969904687499997 0.043122354687499996 0.3394261328125 0.0311609109375 0.345848534375 0.0455229484375 0.345372909375 0.050937601562500004 0.33969904687499997
0 0.0484006828125 0.337656140625 0.05234238906250001 0.33681662968750004 0.0512784171875 0.329939371875 0.04901415 0.3200887234375 0.0422628734375 0.32669306875 0.0484006828125 0.337656140625
0 0.165371640625 0.4238221078125 0.1587566890625 0.4265225828125 0.1543378421875 0.44102563906250003 0.166299284375 0.4346032375 0.165371640625 0.4238221078125
0 0.1502182859375 0.4096127328125 0.1328421890625 0.42170899687499996 0.136579403125 0.42672529218750005 0.1486090109375 0.41835095468750005 0.1502182859375 0.4096127328125
0 0.3195102734375 0.566006834375 0.32352014218749997 0.5632153890625 0.322456171875 0.5563381296875 0.31731416874999996 0.5542042515625 0.305352725 0.560626653125 0.3195102734375 0.566006834375
0 0.1200776734375 0.5258191296875 0.11085763906249999 0.5284286328125 0.137699784375 0.5440233484375 0.14164148906250001 0.5431838375 0.14057752031249998 0.536306578125 0.12762026875000002 0.5338997859375 0.1200776734375 0.5258191296875
0 0.2941559625 0.6198422765625 0.2995024546875 0.6161203484375 0.309922784375 0.616484234375 0.313932653125 0.6136927890625 0.3130050078125 0.602911659375 0.290486909375 0.6128740453125 0.2941559625 0.6198422765625
0 0.2390935234375 0.5534270421875 0.22973716406250003 0.5599404140625001 0.22946451093750003 0.5677481546875 0.233269890625 0.570812515625 0.23848005625000002 0.5709944578124999 0.247904578125 0.56252915 0.2468406078125 0.555651890625 0.2390935234375 0.5534270421875
0 0.319945890625 0.5161870000000001 0.3091165796875 0.527534725 0.3127174703125 0.536454890625 0.31665917656250003 0.53561538125 0.316863665625 0.529759575 0.33009356875 0.5243586265625 0.32923408906249996 0.5116255625 0.319945890625 0.5161870000000001
0 0.1537306390625 0.8318675390625 0.1616822140625 0.8282365828125 0.157808671875 0.8271241578125 0.153143809375 0.8113267328125 0.1468015125 0.806219465625 0.13638118125 0.8058555796875 0.1349763953125 0.8087379968749999 0.1452604 0.8130057531249999 0.147388340625 0.826760271875 0.1537306390625 0.8318675390625
0 0.2693735953125 0.6199540140625001 0.2690327796875 0.629713690625 0.2753069140625 0.6367728921875 0.28733652187500003 0.62839855625 0.2863407140625 0.6195693624999999 0.2733834625 0.61716256875 0.2693735953125 0.6199540140625001
0 0.28374738437499997 0.507105659375 0.2825470875 0.5041322703125 0.27079013281250003 0.504698865625 0.2738041953125 0.4930782265625 0.2675300578125 0.4860190234375 0.2567689125 0.4954148140625 0.2449437953125 0.4979333453125 0.26143377343749996 0.5112122390625 0.2744591875 0.511667096875 0.28374738437499997 0.507105659375
0 0.1902636953125 0.45791472187500004 0.19807894374999999 0.4581876359375 0.2178556359375 0.4520381484375 0.218060125 0.44618234375 0.2260798625 0.44059945312500004 0.23163084218750002 0.43102171875 0.2309076890625 0.414384784375 0.221687653125 0.4169942875 0.2186735921875 0.4286149265625 0.210449365625 0.4400536234375 0.206439496875 0.44284506874999996 0.20129749375 0.44071119062499997 0.1946143796875 0.4453636 0.18913156250000002 0.45298939843749997 0.1902636953125 0.45791472187500004
0 0.76614681875 0.2493700875 0.7580589171875001 0.2569049140625 0.7529169140625 0.2547710359375 0.748907046875 0.25756248125000003 0.755317509375 0.2607178140625 0.76320091875 0.25903879218750003 0.7767034765624999 0.245830103125 0.76614681875 0.2493700875
0 0.8094107781250001 0.28019563125 0.8054009109375 0.2829870765625 0.8033144921875 0.305388846875 0.8072561984375 0.3045493359375 0.8074606875000001 0.2986935296875 0.81287534375 0.2930196671875 0.8118795359375 0.2841904734375 0.8094107781250001 0.28019563125
0 0.8835267531250001 0.32382444375 0.8927467874999999 0.3212149421875 0.8971656343750001 0.30671188437499997 0.894696878125 0.3027170421875 0.8907551734375 0.303556553125 0.8835267531250001 0.32382444375
0 0.91662815 0.2722138515625 0.9115543109375001 0.2681280375 0.9037390625 0.2678551234375 0.8879040765624999 0.2731651 0.8837578828125 0.279860415625 0.8876314234375 0.280972840625 0.9088129015625 0.27194093750000004 0.9113498218749999 0.27398384375 0.91662815 0.2722138515625
0 0.9271699203124999 0.1944093578125 0.9232282156249999 0.19524886875 0.9256288093749999 0.20119564531249998 0.9226147484375 0.21281628437500003 0.9261474749999999 0.22368838593749998 0.9326942640624999 0.222939846875 0.9322437609374999 0.19849517187500001 0.9271699203124999 0.1944093578125
0 0.7968209828124999 0.22992094062500001 0.7971617984375 0.2201612640625 0.801239828125 0.215417884375 0.79201979375 0.2180273859375 0.785132190625 0.22853560156250002 0.774711859375 0.228171715625 0.7653555 0.2346850875 0.7692290421875 0.23579751249999997 0.7771806171875 0.2321665578125 0.790137865625 0.23457335 0.7968209828124999 0.22992094062500001
0 0.9358062609375001 0.357896290625 0.9346741265625 0.3529709671875 0.9247309359375 0.338943534375 0.9253859296875 0.3575324046875 0.9147611093749999 0.363024325 0.9146247828125 0.3669281953125 0.9209670796875 0.3720354609375 0.9249087875 0.37119595156249996 0.9251814406250001 0.3633882109375 0.9358062609375001 0.357896290625
0 0.8347235656249999 0.1902039015625 0.8270446437500001 0.1860271171875 0.8337277578125001 0.1813747078125 0.8542957671875 0.1899102203125 0.8699944265624999 0.1885041140625 0.8750001031249999 0.1945418625 0.8778778375 0.18682509375 0.8701989156250001 0.182648309375 0.857105340625 0.18414538593750002 0.8443525781250001 0.1758827875 0.833932246875 0.1755189015625 0.8246440500000001 0.180080340625 0.8216299875 0.1917009796875 0.8280404515625 0.1948563109375 0.8347235656249999 0.1902039015625
0 0.7624244874999999 0.31861830156250004 0.7712355421875 0.3277204109375 0.789471121875 0.32835721093750003 0.7970818796875 0.33448593125000003 0.815181134375 0.3390266015625 0.8217960874999999 0.33632612812499996 0.8205957890625 0.3333527390625 0.8154537859375001 0.3312188609375 0.8101072953124999 0.3349407890625 0.7949539390625 0.3207314140625 0.77925528125 0.3221375203125 0.77284481875 0.31898218749999996 0.769312090625 0.3081100875 0.7626971390625 0.3108105609375 0.7624244874999999 0.31861830156250004
0 0.8253554515625 0.30909000625 0.82916083125 0.3121543671875 0.8384490281250001 0.3075929296875 0.837521384375 0.2968118 0.8343976359375 0.2742280875 0.8124930031250001 0.26662305625 0.8058098890625001 0.271275465625 0.8122885140625 0.2724788625 0.823704653125 0.28167194218749997 0.823295675 0.29338355312500003 0.8283013484374999 0.2994213015625 0.8253554515625 0.30909000625
0 0.7033584453125 0.6282689953125 0.7019536578125 0.6311514125000001 0.7135742859375 0.6344886875 0.7201892375 0.6317882125 0.718988940625 0.628814825 0.7137106125 0.6305848171874999 0.7033584453125 0.6282689953125
0 0.64206339375 0.5909508453125001 0.6381216890625 0.59179035625 0.6393219859375 0.5947637453125 0.6624269140625 0.6053421640625001 0.662563240625 0.60143829375 0.649674153125 0.597079565625 0.64206339375 0.5909508453125001
0 0.7665354234375 0.64904118125 0.7677357203125 0.6520145703125 0.7782242140625 0.6504265203124999 0.78850821875 0.6546942765625 0.7911814640625 0.6528333140625 0.7835707046875 0.64670459375 0.7665354234375 0.64904118125
0 0.5493710234375 0.5564449078125 0.53754590625 0.5589634390625 0.5355276531250001 0.5794132734375 0.539469359375 0.5785737625 0.542619746875 0.563049253125 0.549098371875 0.56425265 0.55183978125 0.56043975 0.5493710234375 0.5564449078125
0 0.77381711875 0.5525568453124999 0.7722760078124999 0.5593431328125 0.777281684375 0.5653808812500001 0.7743357859375 0.5750495859375 0.7806780859375 0.580156853125 0.784619790625 0.5793173421875 0.7838966359375 0.5626804078125 0.77381711875 0.5525568453124999
0 0.7436616218750001 0.594498734375 0.7476033265625001 0.5936592234375 0.7464711937499999 0.5887339 0.7427339765625 0.5837176046875 0.7456117124999999 0.5760008359375 0.7406060359375 0.5699630859375 0.7136275640624999 0.5582722421875 0.7147596968750001 0.563197565625 0.7326544609375001 0.5735940421875 0.7347824015625 0.5873485609375 0.7436616218750001 0.594498734375
0 0.78985659375 0.5413910640624999 0.7796407515625 0.535171371875 0.7756990484374999 0.5360108828125 0.778099640625 0.541957659375 0.7870470218750001 0.5471558984375 0.7948622703125 0.5474288125 0.8028138453125001 0.54379785625 0.8182398531249999 0.5501994906250001 0.831265265625 0.5506543484375 0.8314015921875001 0.546750478125 0.8209812609375 0.5463865921875 0.7994174453125 0.529021884375 0.8011630453125 0.5163797921875 0.7946162578125 0.51712833125 0.7971531781250001 0.5191712374999999 0.7942072796875 0.5288399421875 0.801749875 0.536920596875 0.78985659375 0.5413910640624999
0 0.7940176765625 0.6089602578125 0.7876072125 0.6058049249999999 0.7835973453125 0.6085963703124999 0.7858616125 0.61844701875 0.796009290625 0.6266186453125 0.798409884375 0.632565421875 0.8047521828124999 0.6376726890625 0.8151725140625 0.638036575 0.825115703125 0.6520640078125 0.8290574093749999 0.6512244968750001 0.8279934390625 0.6443472390625 0.821787465625 0.6353361015625001 0.82212828125 0.625576425 0.816986278125 0.623442546875 0.8165772984374999 0.6351541578125001 0.8100305125 0.635902696875 0.8064977828125001 0.6250305968750001 0.7936768609375 0.6187199328124999 0.7940176765625 0.6089602578125
0 0.7488569015625 0.5204161671875001 0.7537262515625 0.5303577859375 0.7553355265625 0.5216195640625 0.7632871015625 0.5179886078125 0.7636279171875 0.50822893125 0.7834046078125 0.5020794453125 0.7901558859375 0.4954751 0.7889555890625 0.4925017125 0.7600951890625 0.49735683125 0.753412075 0.502009240625 0.7503980125 0.5136298796875 0.7335672203125 0.5101106625 0.7295573515625 0.5129021078125 0.7319579453125 0.5188488859375 0.7383684078125 0.5220042171875 0.7488569015625 0.5204161671875001
0 0.725221553125 0.5997177390624999 0.7188792546875 0.594610471875 0.7202840390625 0.5917280546875 0.7294359109374999 0.5910704875 0.7256986953125 0.5860541921875 0.7152102 0.5876422421874999 0.7025256015625 0.5774277078125001 0.6829533984375 0.5777213890625 0.6841536968749999 0.580694778125 0.6971109484375 0.583101571875 0.7072586265624999 0.5912731984375 0.7124687921875 0.591455140625 0.7107913531250001 0.6021452984375 0.75299134375 0.6260935828124999 0.7622113781250001 0.62348408125 0.746989859375 0.611226640625 0.7536048125 0.6085261671875 0.7638888171875 0.6127939234374999 0.7771187187499999 0.607392975 0.7786598312499999 0.6006066875 0.78674773125 0.5930718609375 0.785547434375 0.590098471875 0.7803372703125 0.5899165296875 0.7736541546875 0.5945689390625 0.7707764203125 0.6022857078125 0.76409330625 0.6069381171875 0.7486672984375 0.6005364828124999 0.7379743140625 0.6079803375 0.7304317171875 0.5998996828125 0.725221553125 0.5997177390624999
0 0.3858580109375 0.1598718046875 0.3952143734375 0.1533584328125 0.3940822390625 0.14843310781250002 0.3889402375 0.1462992296875 0.3849303671875 0.149090675 0.3858580109375 0.1598718046875
0 0.43048523593750004 0.1516586453125 0.43062156093750004 0.14775477343750001 0.428152803125 0.1437599328125 0.4189327703125 0.146369434375 0.41619135937499996 0.150182334375 0.419655925 0.1630063703125 0.42633903906250004 0.1583539609375 0.4239384453125 0.1524071828125 0.42794831406249995 0.14961573749999998 0.43048523593750004 0.1516586453125
0 0.57218215 0.1272920765625 0.5566198171875001 0.12479431249999999 0.552609946875 0.12758575781249998 0.558952246875 0.132693025 0.5667674953125 0.1329659390625 0.5813340203124999 0.126634509375 0.5802018875 0.12170918593749999 0.57218215 0.1272920765625
0 0.460095428125 0.1253322375 0.4757259234375 0.1258780671875 0.4797357921875 0.123086621875 0.478535496875 0.1201132328125 0.46804700312499997 0.12170128281249999 0.45268915937500004 0.1133477125 0.43959558125 0.114844790625 0.43452174218749995 0.1107589765625 0.43058003593749994 0.11159848750000001 0.43685417187500003 0.1186576890625 0.4524846703125 0.1192035171875 0.460095428125 0.1253322375
0 0.5160706265624999 0.12826409218749998 0.517202759375 0.1331894171875 0.529164203125 0.12676701562499998 0.5399935124999999 0.11541928906250001 0.5389295421875 0.10854203124999999 0.5297776703125 0.1091995984375 0.5160706265624999 0.12826409218749998
0 0.6412924484375 0.164883140625 0.6452341546875 0.16404363125000002 0.6444428375 0.14935863124999998 0.639368996875 0.14527281718750001 0.6237385015625 0.1447269890625 0.6111220640624999 0.1325605203125 0.607180359375 0.1334000296875 0.6183920078125 0.148448915625 0.6352228015625 0.151968134375 0.63495015 0.15977587499999998 0.6412924484375 0.164883140625
0 0.358443921875 0.19800079375 0.3624537921875 0.19520934843749999 0.360189525 0.1853587015625 0.36419939375 0.18256725625 0.37989805312499997 0.18116115 0.3865811671875 0.176508740625 0.385585359375 0.1676795453125 0.3832529296875 0.15978083437499999 0.37924306093750004 0.16257227968750002 0.381507328125 0.1724229265625 0.3748242140625 0.1770753359375 0.3617988 0.17662047812499998 0.3525106015625 0.181181915625 0.35216978593750004 0.1909415921875 0.358443921875 0.19800079375
0 0.565650246875 0.202305125 0.5638364828125 0.21689915312500002 0.5731246796875 0.212337715625 0.57480211875 0.20164755781250002 0.5711330640625001 0.194679328125 0.574283453125 0.17915481718749998 0.5705462359375 0.174138521875 0.5653360703125 0.1739565796875 0.566331878125 0.1827857734375 0.560917221875 0.18845963593749998 0.5606445703125 0.19626737656249998 0.565650246875 0.202305125