0 0.6278185453125 0.3202458375 0.6318387249999999 0.3199630765625 0.6330988671875 0.305310859375 0.6287395265625 0.3075170734375 0.6278185453125 0.3202458375
0 0.461303996875 0.1837890546875 0.45471674531249995 0.18361917187500001 0.45369927499999996 0.1893895296875 0.445319753125 0.1918785046875 0.446094553125 0.1949900046875 0.45849425625 0.1922182703125 0.461303996875 0.1837890546875
0 0.6862354328125 0.259149128125 0.6964072234375001 0.25400129531250004 0.6995561203125 0.24364862812500002 0.689723484375 0.24687300625000003 0.6862354328125 0.259149128125
0 0.4991259125 0.299537109375 0.5130752171874999 0.3029883765625 0.5137535296875 0.2991414703125 0.5104116609375 0.2955773265625 0.5027104515625 0.29421939531249997 0.49859378281250005 0.28754375 0.4975763140625 0.2933141078125 0.4991259125 0.299537109375
0 0.7163648593749999 0.2158720078125 0.70987409375 0.22266053125 0.7103097375 0.227695484375 0.720142371875 0.22447110625 0.7258583390625 0.21457108281249998 0.7163648593749999 0.2158720078125
0 0.390145340625 0.30213670000000004 0.385786003125 0.30434291406249997 0.38656080312499996 0.307454415625 0.3946011671875 0.30688889375 0.4070973578125 0.3110755640625 0.42162848750000004 0.30372151875000003 0.431557609375 0.30745554531249997 0.43625610468750003 0.3033258796875 0.41751181875 0.2970458734375 0.4055477578125 0.3048525625 0.390145340625 0.30213670000000004
0 0.349607265625 0.2543320140625 0.3493645953125 0.26321387343749997 0.3634103875 0.2736235453125 0.367769725 0.27141733125 0.3591972296875 0.25998949374999997 0.365348840625 0.25512442343749997 0.36728729375 0.2366253015625 0.360360884375 0.238378871875 0.35866510156250003 0.24799613437499998 0.349607265625 0.2543320140625
0 0.7221744046875 0.2654861375 0.7214960921875 0.26933304375 0.7399012218750001 0.2775365015625 0.7382054375 0.287153765625 0.7456639765624999 0.2973935546875 0.7551574546875 0.296092628125 0.748473715625 0.28896433906249996 0.75050865625 0.2774236234375 0.7449388734375 0.2714833828125 0.7221744046875 0.2654861375
0 0.2778287140625 0.19606065156250002 0.2779252 0.20301905781250001 0.28092791250000004 0.2085066546875 0.278214659375 0.2238942765625 0.2914856515625 0.231192446875 0.28882209531249997 0.22378139843749997 0.29376325937500003 0.2107698734375 0.2874186796875 0.20171813125 0.2876613484375 0.1928362734375 0.2778287140625 0.19606065156250002
0 0.06261889375 0.3732965328125 0.0619405796875 0.3771434375 0.0704165875 0.38161286875 0.0805386828125 0.3992637078125 0.07884290000000001 0.40888097187500005 0.0825239265625 0.41052166406249996 0.090128646875 0.4049211875 0.0914852734375 0.39722737812500003 0.0776821546875 0.377935846875 0.06261889375 0.3732965328125
0 0.48457152968750006 0.7273371359375 0.4944041640625 0.7241127578125 0.496535590625 0.719530446875 0.48960918124999997 0.7212840171875 0.48457152968750006 0.7273371359375
0 0.5472044796875 0.6273187296875 0.5549056890624999 0.6286766609375001 0.563478184375 0.6401044984375 0.567837521875 0.6378982843750001 0.5662879234375 0.6316752828125 0.5530169328125 0.6243771109375 0.551128175 0.6200775625 0.54710799375 0.6203603234374999 0.5472044796875 0.6273187296875
0 0.6481943828125 0.6024859890625 0.6429637578125 0.594622296875 0.6356017046875 0.5913409125 0.6312423671875 0.5935471265625 0.631338853125 0.6005055328125 0.64383504375 0.604692203125 0.6481943828125 0.6024859890625
0 0.5179463390625 0.6806657546875 0.5187211406250001 0.68377725625 0.524290921875 0.689717496875 0.5232734515625 0.6954878546875001 0.5174610000000001 0.6984294734375001 0.5175574859375 0.7053878796874999 0.5309746609375 0.6968457859375 0.531652975 0.6929988812500001 0.521966521875 0.6803829953125 0.5179463390625 0.6806657546875
0 0.6424784171875 0.6123860140625 0.6421392609375001 0.614309465625 0.6510509124999999 0.6238138515625 0.6664533296874999 0.6265297125 0.6745901812499999 0.6329225968750001 0.6752684953125 0.6290756921875 0.6674708 0.6207593546875 0.654635453125 0.6184961375 0.6501796265625 0.6137439453125 0.6424784171875 0.6123860140625
0 0.591908921875 0.6590003906249999 0.6162726859375 0.648421965625 0.6154014 0.6383520593750001 0.620099896875 0.6342223921875 0.6149657562499999 0.63331710625 0.6077001906249999 0.636994128125 0.608910634375 0.6451405828125 0.594379503125 0.652494628125 0.591908921875 0.6590003906249999
0 0.475560484375 0.7634300921875 0.4926586859375 0.7565286906249999 0.5080611015625001 0.759244553125 0.5160049796874999 0.751720625 0.5036052765625 0.7544923609375 0.49367615468750004 0.7507583328125 0.46306429375 0.759243421875 0.475560484375 0.7634300921875
0 0.4464133640625 0.5609567859375 0.4370163734375 0.56921611875 0.437112859375 0.576174525 0.4430217984375 0.5801913125 0.4443784234375 0.5724975015625 0.4537754140625 0.5642381703125 0.45067621718749995 0.5517921671875 0.45348595625000004 0.5433629515625 0.44399247812500003 0.544663878125 0.4426358515625 0.5523576890624999 0.4464133640625 0.5609567859375
0 0.49760275624999994 0.69096141875 0.5012837828125 0.6926021109375 0.5092276609375 0.6850781828125 0.50622495 0.6795905859375 0.497748940625 0.675121153125 0.4985734375 0.655433984375 0.5031754453125 0.6443459109375 0.48767654218749995 0.63467164375 0.4807501328125 0.6364252140625 0.47726207968749995 0.648701334375 0.48418849062499997 0.6469477640625 0.486659071875 0.6404420015625 0.49290716718749994 0.6425353375 0.490533071875 0.6559995062499999 0.493632271875 0.6684455093749999 0.48970857656250005 0.6756866765625 0.501526453125 0.6837202515625 0.49760275624999994 0.69096141875
0 0.46051466406249997 0.4434562921875 0.4576084390625 0.44492710156250004 0.45668745624999996 0.45765586562499994 0.47005493125 0.47191244218749995 0.46869830468749996 0.47960625312499994 0.4746072453125 0.4836230421875 0.47843445312500005 0.46942346874999996 0.46695573437500004 0.45946644062499997 0.466423603125 0.4474730796875 0.46051466406249997 0.4434562921875
0 0.5113445546875 0.9432746109375 0.5174961625 0.9384095406249999 0.5148326062499999 0.930998490625 0.5094558 0.9389750625 0.5092131281250001 0.9478569203125 0.510762728125 0.9540799218749999 0.5113445546875 0.9432746109375
0 0.5930054375 0.9755229234374999 0.5963473078125 0.97908706875 0.60598696875 0.961945878125 0.586371396875 0.9455959640625 0.585693084375 0.9494428703125 0.5982857593750001 0.960587946875 0.5930054375 0.9755229234374999
0 0.6287075546875001 0.8856302984375001 0.647016196875 0.8868753500000001 0.6552495359375 0.9002266406249999 0.6669709265625 0.9013018109375001 0.66072283125 0.899208475 0.65394260625 0.88512178125 0.6454665984375 0.8806523484375001 0.6319529359375 0.8822360359375001 0.6287075546875001 0.8856302984375001
0 0.6468700140625 0.9027156156249999 0.6461916999999999 0.9065625203125001 0.6544250390624999 0.9199138109374999 0.6643541609375 0.9236478375000001 0.66847083125 0.9303234828125 0.6724910125 0.930040721875 0.6712805687500001 0.92189426875 0.6602374921874999 0.91697219375 0.654232065625 0.9059969984375 0.6468700140625 0.9027156156249999
0 0.5206918484374999 0.95781395 0.5366760937499999 0.9497245 0.5383718765625 0.9401072359375 0.547429709375 0.93377135625 0.5469940671875 0.928736403125 0.5310098234375 0.936825853125 0.5322202671875 0.9449723078125001 0.5199170484375 0.9547024484375 0.5206918484374999 0.95781395
0 0.5762493015625 0.9279451249999999 0.5882133625 0.9201384359375 0.60652200625 0.9213834890625 0.617711265625 0.9104653 0.6020661796875 0.9166312968750001 0.5837575375 0.9153862437500001 0.563074796875 0.927605359375 0.5762493015625 0.9279451249999999