0 0.2521334734375 0.6026432734375 0.24094728124999998 0.59596345625 0.241763909375 0.6037331578125 0.249949396875 0.6068005953125 0.25871653125 0.6029333078125 0.2521334734375 0.6026432734375
0 0.4354498875 0.6884437015625 0.431050909375 0.68399634375 0.4286626734375 0.6862112406249999 0.4129041703125 0.6859036421875 0.413312484375 0.68978849375 0.43186753749999995 0.6917660453125001 0.4354498875 0.6884437015625
0 0.6872084546874999 0.70224241875 0.70395691875 0.6995001421875 0.6943731578125 0.695597728125 0.68400359375 0.6966876125 0.6672859546875001 0.712191890625 0.6752672859375 0.7133169015624999 0.6872084546874999 0.70224241875
0 0.1616696453125 0.8890589578125001 0.178826421875 0.8902015328124999 0.1522592140625 0.8743369671875 0.13888894375 0.871814471875 0.13929725937499998 0.8756993234375001 0.1500751375 0.8784942890625 0.1616696453125 0.8890589578125001
0 0.2866628109375 0.6942624359375 0.285642025 0.6845503078124999 0.281447203125 0.6820453765625001 0.26589285625 0.6836802046875 0.266505328125 0.6895074812499999 0.27230258125 0.694789815625 0.2866628109375 0.6942624359375
0 0.814524675 0.8911409296875 0.8215160453125 0.895315815625 0.821373540625 0.91889739375 0.8279565968749999 0.919187428125 0.8315389484375 0.9158650828124999 0.8294973765625 0.896440828125 0.8163004375 0.8830987562500001 0.8127180875000001 0.8864211015624999 0.814524675 0.8911409296875
0 0.459078040625 0.726219890625 0.48302203437499996 0.729594925 0.4889926171875 0.7240576843750001 0.49076837968750003 0.716015509375 0.4809804625 0.7101706703125 0.4766123078125 0.718485315625 0.4610579625 0.7201201421875 0.45747561093750005 0.7234424875000001 0.459078040625 0.726219890625
0 0.7320765296875 0.7800096937500001 0.7261059453125001 0.7855469359375 0.7277083765625 0.7883243390625 0.7407011578125 0.799723984375 0.7415177859375001 0.8074936875000001 0.7369454765625 0.81386590625 0.7413444546875 0.8183132640625 0.7542755859375 0.8041889046874999 0.7536631140625001 0.798361628125 0.7340872765625 0.7866719484375 0.7320765296875 0.7800096937500001
0 0.3816529734375 0.7127548765625 0.3910325765625 0.714714865625 0.397442303125 0.7258244765625 0.4070260640625 0.7297268906250001 0.41719147031250003 0.7266945796875001 0.42316205625 0.7211573375 0.3942066140625 0.70750766875 0.38383705 0.7085975546875 0.3816529734375 0.7127548765625
0 0.5122008328125001 0.670557434375 0.505821934375 0.672209825 0.497463115625 0.6799619640625 0.49967801874999995 0.68856664375 0.5048628 0.6880217015625 0.5118233437499999 0.6794345859375001 0.5182022453124999 0.6777821937499999 0.5319191765625 0.6586655359375 0.5313067046875 0.652838259375 0.52711188125 0.650333328125 0.5181405921875 0.652258190625 0.5122008328125001 0.670557434375
0 0.1963066125 0.6949217796875 0.19272426250000002 0.698244125 0.19453085 0.702963953125 0.1997156328125 0.7024190109374999 0.206707003125 0.7065938968750001 0.20731947499999998 0.7124211734375 0.2145150015625 0.718538484375 0.2440212625 0.7124914265625 0.22925272031250002 0.7091339546875 0.206676178125 0.6938318953125 0.1963066125 0.6949217796875
0 0.2883460953125 0.64793425625 0.2797522953125 0.64098196875 0.2718017890625 0.6526189578125 0.27442500625 0.6651084890625001 0.28001810312500003 0.668448396875 0.2877952765625 0.667630984375 0.2951641359375 0.66292871875 0.3055336984375 0.661838834375 0.3061153453125 0.6549041078125 0.30171636562500004 0.6504567515625 0.29932813125 0.6526716484375 0.2883460953125 0.64793425625
0 0.8028260656249999 0.75489866875 0.781474465625 0.7512511625 0.7661242765625 0.754828415625 0.7547339265625 0.746206171875 0.7511515765625 0.7495285171875 0.75275400625 0.7523059203125 0.7587554187500001 0.7595306796875 0.766736746875 0.7606556921875 0.7769021546875 0.75762338125 0.7912932109375 0.769858003125 0.804255165625 0.768495646875 0.8227793921875 0.757711196875 0.8183804125 0.7532638406250001 0.8028260656249999 0.75489866875
0 0.4117909078125 0.637905509375 0.3956240890625 0.6337130609375 0.384611228125 0.6162136671875 0.3742416625 0.6173035515625 0.368271078125 0.62284079375 0.3704859796875 0.6314454734375 0.3792839390625 0.6403401875 0.39105177812499997 0.6400852796875001 0.389071859375 0.646185028125 0.38149884218749996 0.6489448671875 0.3886943703125 0.655062178125 0.40404455937500006 0.651484925 0.41001514375000003 0.6459476828125 0.4117909078125 0.637905509375
0 0.19434589375 0.6263919421875 0.1909677015625 0.6316567125 0.1943767203125 0.63915394375 0.192805115625 0.64913854375 0.17329092968749998 0.6629728671875 0.175914146875 0.675462396875 0.181303084375 0.67685988125 0.19924566562499998 0.6730101562499999 0.20282801718750001 0.6696878109375 0.20201138749999997 0.6619181078125 0.2085636171875 0.6494461406250001 0.2087061234375 0.6258645625 0.20451130156250003 0.6233596312499999 0.19434589375 0.6263919421875
0 0.3827546109375 0.6733614218749999 0.3863369625 0.6700390765625001 0.36877187031249997 0.6650116515625 0.349431015625 0.6680263984375 0.34275548125 0.6294503578125 0.3345699953125 0.6263829203125 0.3311609734375 0.6188856890625 0.3241696046875 0.614710803125 0.31639243125 0.6155282171875001 0.31083016093750004 0.6249503109375001 0.312432590625 0.6277277140625 0.3194239625 0.6319026 0.32044474843750004 0.6416147265625 0.3262420015625 0.6468970609375 0.3248745546875 0.6588240859375001 0.3291002015625 0.6740910203125 0.3641995609375 0.6713838703125 0.37238504843750003 0.6744513078125001 0.3827546109375 0.6733614218749999
0 0.3905428890625 0.09908890000000001 0.3945335546875 0.09965140624999999 0.3939210828125 0.09382412968750001 0.38972626093749996 0.0913191984375 0.3905428890625 0.09908890000000001
0 0.3468189046875 0.082081759375 0.3577701140625 0.07405715 0.3511870578125 0.0737671140625 0.3452164734375 0.07930435625 0.3468189046875 0.082081759375
0 0.3195275453125 0.096733496875 0.3254981296875 0.0911962546875 0.32488565937499997 0.085368978125 0.319905034375 0.087856346875 0.31911923125 0.0928486453125 0.3109337453125 0.089781209375 0.311342059375 0.093666059375 0.3195275453125 0.096733496875
0 0.36362901875000003 0.1048634875 0.36820133125 0.09849126875 0.3657822703125 0.0879441625 0.3584442375 0.1054084296875 0.3602508265625 0.11012825781249999 0.367038040625 0.11236071875 0.36362901875000003 0.1048634875
0 0.2695403890625 0.294447928125 0.2773175609375 0.2936305140625 0.2901061859375 0.303087734375 0.2894937140625 0.2972604578125 0.2795016390625 0.2894731921875 0.26094658593750003 0.287495640625 0.2613549 0.29138049062500004 0.2695403890625 0.294447928125
0 0.6310844390625 0.0934457984375 0.615121778125 0.091195775 0.6035272703125 0.08063110625 0.5901570015625001 0.0781086125 0.5905653156249999 0.0819934625 0.5973525296875 0.0842259234375 0.6007615484375 0.0917231546875 0.61054946875 0.09756799375 0.6263079703125001 0.0978755921875 0.6309111078125 0.104265375 0.6360958890624999 0.10372043281250001 0.6352792609375 0.0959507296875 0.6310844390625 0.0934457984375
0 0.496488309375 0.3589694921875 0.5056637578125 0.3589870546875 0.49706995468750004 0.35203476718750004 0.4988457171875 0.34399259375 0.4944467375 0.3395452359375 0.48608791875 0.347297375 0.4880986640625 0.3539596296875 0.496488309375 0.3589694921875
0 0.714961684375 0.21817401250000001 0.7107668625 0.21566908125 0.7151350140625 0.2073544375 0.7133284265625 0.202634609375 0.7051737640625 0.2123291734375 0.7073886671875 0.22093385312499997 0.728331953125 0.2206965078125 0.7325267765625 0.22320143906249998 0.73375171875 0.23485599218750003 0.738150696875 0.23930335 0.74193720625 0.2379234296875 0.740099790625 0.22044160000000002 0.7303118734375 0.214596759375 0.714961684375 0.21817401250000001
0 0.684527115625 0.2527949484375 0.6635838296875 0.25303229374999997 0.6576132453125 0.2585695359375 0.6600323046875001 0.26911664062499996 0.6684219484375 0.27412650312500003 0.6632063406250001 0.26190944531250004 0.6691769265625 0.25637220156249996 0.6875278203125 0.2564073296875 0.6934984046875 0.2508700875 0.6930900906249999 0.2469852359375 0.689099425 0.24642272968749998 0.684527115625 0.2527949484375
0 0.242372334375 0.3601476734375 0.27109279375 0.3590929140625 0.277063378125 0.3535556734375 0.27645090625 0.3477283953125 0.2838197640625 0.34302613125 0.2744401609375 0.3410661421875 0.2629073046875 0.35602547812499996 0.24216817656249998 0.3582052484375 0.242372334375 0.3601476734375
0 0.047973829687500004 0.393345021875 0.049198773437499996 0.404999575 0.044422304687500004 0.40942936874999997 0.04643305 0.416091621875 0.057823400000000004 0.42471386562499996 0.06160990937500001 0.42333394531249996 0.0575884171875 0.4100094375 0.067141353125 0.40114985000000003 0.06912127343749999 0.3950501015625 0.05933335468749999 0.3892052625 0.05155618125 0.3900226765625 0.047973829687500004 0.393345021875
0 0.016383546875 0.27981423437499997 0.006013982812500001 0.28090411875 0.007034768750000001 0.290616246875 0.014403626562499999 0.2859139828125 0.022793271875 0.2909238453125 0.0303662875 0.28816400625 0.0435324 0.288744075 0.0443182015625 0.283751775 0.04012338125 0.28124684375000003 0.0221808 0.28509656875 0.016383546875 0.27981423437499997