0 0.306640625 0.441830678125 0.30859375 0.439224009375 0.3056640625 0.43270733124999994 0.3046875 0.441830678125 0.306640625 0.441830678125
0 0.142578125 0.8875713640624999 0.14453125 0.8875713640624999 0.1484375 0.8797513515625001 0.1455078125 0.8758413468749999 0.142578125 0.8771446812500001 0.142578125 0.8875713640624999
0 0.2802734375 0.5161207937500001 0.28515625 0.5148174578125 0.29296875 0.5122107875 0.2900390625 0.50830078125 0.27734375 0.5122107875 0.2802734375 0.5161207937500001
0 0.2490234375 0.6985877406250001 0.259765625 0.6972844046875 0.26171875 0.6920710640625 0.2587890625 0.6881610578124999 0.248046875 0.694677734375 0.2490234375 0.6985877406250001
0 0.30078125 0.41576397187499997 0.302734375 0.41837064375 0.30078125 0.4261906546875 0.3046875 0.4287973265625 0.3046875 0.4209773140625 0.310546875 0.41837064375 0.3076171875 0.3988206140625 0.30078125 0.41576397187499997
0 0.134765625 0.593017578125 0.130859375 0.6034442609374999 0.1357421875 0.6099609375 0.138671875 0.6086576015625 0.140625 0.60605093125 0.138671875 0.5878042359375 0.1337890625 0.5838942312500001 0.134765625 0.593017578125
0 0.2939453125 0.581287559375 0.3037109375 0.5943209140625 0.30859375 0.593017578125 0.2958984375 0.5734675484375 0.2900390625 0.5734675484375 0.275390625 0.5825908953125001 0.2939453125 0.581287559375
0 0.2509765625 0.52394080625 0.2587890625 0.5265474765625 0.2685546875 0.5421875 0.283203125 0.5565241890625 0.28125 0.5487041765625 0.2607421875 0.521334134375 0.25 0.5200307984375 0.2509765625 0.52394080625
0 0.1025390625 0.675127703125 0.0947265625 0.690767728125 0.0849609375 0.6881610578124999 0.08203125 0.6920710640625 0.0908203125 0.6985877406250001 0.099609375 0.6972844046875 0.103515625 0.6842510515625 0.111328125 0.6790377109375 0.1083984375 0.675127703125 0.1025390625 0.675127703125
0 0.0751953125 0.909728065625 0.0810546875 0.9227614187500001 0.0859375 0.9214580828125 0.0791015625 0.9019080531249999 0.0625 0.8953913765625 0.0634765625 0.90712139375 0.0751953125 0.909728065625
0 0.1611328125 0.64384765625 0.158203125 0.6477576625 0.158203125 0.6555776734375 0.1650390625 0.664701021875 0.1748046875 0.664701021875 0.181640625 0.6712176984375 0.1806640625 0.65948768125 0.1748046875 0.6542743390625 0.1650390625 0.6542743390625 0.1611328125 0.64384765625
0 0.2177734375 0.6412409859375 0.2119140625 0.64384765625 0.2080078125 0.65166766875 0.19140625 0.6503643328125001 0.2041015625 0.65948768125 0.20703125 0.6581843453125 0.2138671875 0.65166766875 0.2275390625 0.6542743390625 0.23046875 0.6503643328125001 0.2177734375 0.6412409859375
0 0.2353515625 0.56043419375 0.234375 0.5487041765625 0.2275390625 0.539580828125 0.228515625 0.5643442015625 0.2333984375 0.5708608765625 0.240234375 0.5695575421875 0.25 0.55391751875 0.2451171875 0.5526141828125 0.2392578125 0.56043419375 0.2353515625 0.56043419375
0 0.1396484375 0.521334134375 0.1318359375 0.5187274640624999 0.1328125 0.525244140625 0.140625 0.5356708234374999 0.140625 0.54609750625 0.1474609375 0.555220853125 0.15234375 0.5565241890625 0.15625 0.5487041765625 0.1484375 0.5434908359375 0.14453125 0.5278508109375 0.1396484375 0.521334134375
0 0.0078125 0.7389911359375 0.0126953125 0.7455078125 0.0244140625 0.7455078125 0.0302734375 0.7376878 0.04296875 0.7442044765625 0.046875 0.7389911359375 0.0341796875 0.7272611171875 0.0185546875 0.7376878 0.0078125 0.7389911359375
0 0.146484375 0.9032113890625 0.1279296875 0.9019080531249999 0.1181640625 0.9123347359375 0.107421875 0.9162447406249999 0.1083984375 0.9201547484375 0.123046875 0.9188514124999999 0.1279296875 0.9123347359375 0.1396484375 0.91494140625 0.146484375 0.9084247296875001 0.146484375 0.9032113890625
0 0.169921875 0.7702711843750001 0.177734375 0.762451171875 0.1767578125 0.758541165625 0.1689453125 0.7611478359375 0.1640625 0.7676645140625 0.1640625 0.780697865625 0.15625 0.7911245484375 0.150390625 0.80937124375 0.15234375 0.8171912562499999 0.15625 0.8171912562499999 0.154296875 0.8119779140625001 0.15625 0.80155123125 0.16796875 0.788517878125 0.169921875 0.7702711843750001
0 0.0625 0.551310846875 0.0595703125 0.5500075109375 0.0517578125 0.56043419375 0.0361328125 0.563040865625 0.0234375 0.579984225 0.033203125 0.579984225 0.0400390625 0.5708608765625 0.0556640625 0.56825420625 0.060546875 0.5617375296875 0.0625 0.551310846875
0 0.1494140625 0.622994290625 0.1396484375 0.615174278125 0.12109375 0.619084284375 0.1259765625 0.6256009609375 0.1396484375 0.6256009609375 0.1494140625 0.6334209734375 0.15625 0.6321176390625001 0.166015625 0.6216909562499999 0.1650390625 0.61778095 0.1572265625 0.622994290625 0.1494140625 0.622994290625
0 0.150390625 0.7520244890625001 0.1435546875 0.750721153125 0.1298828125 0.7611478359375 0.1162109375 0.7611478359375 0.109375 0.7702711843750001 0.109375 0.775484525 0.11328125 0.775484525 0.1220703125 0.7689678484375 0.1259765625 0.7715745187499999 0.1357421875 0.7689678484375 0.150390625 0.7520244890625001
0 0.1494140625 0.71944110625 0.154296875 0.710317759375 0.154296875 0.6972844046875 0.1396484375 0.6673076921875001 0.13671875 0.6712176984375 0.140625 0.6764310390625 0.140625 0.68946439375 0.150390625 0.702497746875 0.150390625 0.7077110875 0.1474609375 0.7142277640625 0.1396484375 0.7142277640625 0.1318359375 0.7220477765625 0.107421875 0.7311711234375 0.1103515625 0.7350811296875001 0.119140625 0.736384465625 0.1396484375 0.7272611171875 0.1435546875 0.71944110625 0.1474609375 0.716834434375 0.1494140625 0.71944110625
0 0.716796875 0.47050405624999997 0.7158203125 0.46398737968750003 0.7109375 0.465290715625 0.7119140625 0.46920072187499995 0.716796875 0.47050405624999997
0 0.791015625 0.6164776140625 0.7919921875 0.604747596875 0.7890625 0.60605093125 0.7890625 0.6164776140625 0.791015625 0.6164776140625
0 0.8125 0.566950871875 0.8115234375 0.56043419375 0.806640625 0.5643442015625 0.8076171875 0.56825420625 0.8125 0.566950871875
0 0.796875 0.44965069062499996 0.794921875 0.4340106671875 0.7919921875 0.43270733124999994 0.7890625 0.441830678125 0.796875 0.44965069062499996
0 0.798828125 0.6034442609374999 0.80078125 0.6086576015625 0.80859375 0.593017578125 0.8076171875 0.5786808890625 0.8046875 0.5956242484375001 0.798828125 0.6034442609374999
0 0.66796875 0.6321176390625001 0.671875 0.6321176390625001 0.6748046875 0.5995342546875 0.66796875 0.6086576015625 0.669921875 0.6138709437500001 0.66796875 0.6321176390625001
0 0.822265625 0.525244140625 0.8134765625 0.5109074515625001 0.796875 0.506997446875 0.8017578125 0.5161207937500001 0.822265625 0.525244140625
0 0.7353515625 0.487447415625 0.734375 0.491357421875 0.7421875 0.49917743437500006 0.7421875 0.509604115625 0.75390625 0.525244140625 0.748046875 0.509604115625 0.748046875 0.49396409218750004 0.7431640625 0.487447415625 0.7353515625 0.487447415625
0 0.794921875 0.49917743437500006 0.7841796875 0.4978740984375 0.7763671875 0.5109074515625001 0.76953125 0.5148174578125 0.7705078125 0.5187274640624999 0.779296875 0.5174241281249999 0.7880859375 0.5056941109374999 0.7939453125 0.50830078125 0.796875 0.504390775 0.794921875 0.49917743437500006
0 0.82421875 0.5487041765625 0.8232421875 0.5369741593749999 0.818359375 0.5487041765625 0.818359375 0.5565241890625 0.8251953125 0.563040865625 0.8310546875 0.563040865625 0.83984375 0.577377553125 0.837890625 0.559130859375 0.8330078125 0.5526141828125 0.8271484375 0.5526141828125 0.82421875 0.5487041765625
0 0.650390625 0.60605093125 0.6474609375 0.604747596875 0.642578125 0.6242976265625 0.65234375 0.63993765 0.650390625 0.6503643328125001 0.654296875 0.6503643328125001 0.658203125 0.645150990625 0.658203125 0.6373309796875 0.650390625 0.6242976265625 0.650390625 0.60605093125
0 0.6796875 0.44965069062499996 0.6826171875 0.4561673671875 0.6884765625 0.4561673671875 0.69140625 0.4600773734375 0.685546875 0.47832406875 0.677734375 0.48353740937499995 0.6806640625 0.487447415625 0.68359375 0.48614408124999997 0.6962890625 0.46659405 0.70703125 0.46789738593749997 0.6904296875 0.44574068437500003 0.6796875 0.44965069062499996
0 0.6962890625 0.3831805890625 0.6953125 0.389697265625 0.70703125 0.397517278125 0.697265625 0.4209773140625 0.7001953125 0.42749399062500004 0.703125 0.4261906546875 0.7109375 0.41837064375 0.7109375 0.3923039359375 0.7060546875 0.38578725937499997 0.6962890625 0.3831805890625
0 0.72265625 0.63993765 0.720703125 0.6295109671875 0.72265625 0.6112642734375 0.7197265625 0.6099609375 0.7138671875 0.6282076328125 0.7041015625 0.6282076328125 0.69921875 0.6321176390625001 0.7119140625 0.63602764375 0.7158203125 0.6334209734375 0.71875 0.63993765 0.712890625 0.6503643328125001 0.712890625 0.660791015625 0.7197265625 0.664701021875 0.7275390625 0.677734375 0.73828125 0.6764310390625 0.7373046875 0.672521034375 0.7294921875 0.672521034375 0.716796875 0.6555776734375 0.72265625 0.63993765
0 0.4453125 0.6686110281250001 0.447265625 0.67382436875 0.462890625 0.6477576625 0.4619140625 0.64384765625 0.451171875 0.652971003125 0.4453125 0.6686110281250001
0 0.4912109375 0.7220477765625 0.486328125 0.7311711234375 0.48828125 0.736384465625 0.48046875 0.7468111484375 0.48046875 0.7598445015624999 0.484375 0.7598445015624999 0.482421875 0.7520244890625001 0.4912109375 0.7455078125 0.494140625 0.7389911359375 0.4912109375 0.7220477765625
0 0.552734375 0.702497746875 0.5458984375 0.6985877406250001 0.5390625 0.710317759375 0.5390625 0.7181377703125 0.5234375 0.728564453125 0.525390625 0.7337777937500001 0.5380859375 0.7298677890625 0.544921875 0.7181377703125 0.544921875 0.710317759375 0.552734375 0.702497746875
0 0.5029296875 0.638634315625 0.4873046875 0.63602764375 0.484375 0.63993765 0.484375 0.6477576625 0.490234375 0.652971003125 0.486328125 0.6686110281250001 0.490234375 0.6686110281250001 0.494140625 0.6555776734375 0.509765625 0.63993765 0.5087890625 0.6334209734375 0.5029296875 0.638634315625
0 0.458984375 0.6920710640625 0.4521484375 0.682947715625 0.4462890625 0.682947715625 0.4453125 0.6920710640625 0.453125 0.6972844046875 0.455078125 0.7077110875 0.4677734375 0.716834434375 0.4765625 0.7311711234375 0.478515625 0.728564453125 0.474609375 0.7155311 0.458984375 0.6998910765625 0.458984375 0.6920710640625
0 0.4501953125 0.77939453125 0.4443359375 0.77939453125 0.4375 0.7859112078125 0.4404296875 0.8028545671874999 0.4287109375 0.800247896875 0.421875 0.804157903125 0.4248046875 0.810674578125 0.4306640625 0.808067909375 0.4423828125 0.810674578125 0.4521484375 0.800247896875 0.4580078125 0.808067909375 0.46484375 0.80937124375 0.4560546875 0.79503455625 0.44140625 0.7937312203125 0.44140625 0.788517878125 0.4501953125 0.77939453125
0 0.443359375 0.39491060624999996 0.4365234375 0.38578725937499997 0.43359375 0.389697265625 0.4365234375 0.3962139421875 0.443359375 0.39491060624999996
0 0.4580078125 0.359720553125 0.4609375 0.3584172171875 0.462890625 0.347990534375 0.4580078125 0.3466872 0.455078125 0.355810546875 0.4580078125 0.359720553125
0 0.46484375 0.4079439609375 0.4677734375 0.41185396562500004 0.47265625 0.41055063125 0.4853515625 0.404033953125 0.486328125 0.4001239484375 0.4755859375 0.3988206140625 0.46484375 0.4079439609375
0 0.484375 0.3792705828125 0.4736328125 0.3701472359375 0.4599609375 0.3753605765625 0.4541015625 0.37275390625 0.447265625 0.381877253125 0.4453125 0.3923039359375 0.44921875 0.3923039359375 0.4541015625 0.3831805890625 0.4658203125 0.3831805890625 0.4716796875 0.37796724843749996 0.484375 0.3792705828125
0 0.4736328125 0.31280048125 0.4775390625 0.31280048125 0.478515625 0.308890475 0.4697265625 0.29716045625 0.4619140625 0.29716045625 0.45703125 0.314103815625 0.4501953125 0.318013821875 0.447265625 0.32453049843750004 0.447265625 0.329743840625 0.451171875 0.329743840625 0.4541015625 0.3232271640625 0.462890625 0.3167104859375 0.4658203125 0.3075871390625 0.4736328125 0.31280048125
0 0.482421875 0.32453049843750004 0.49609375 0.34277719375000004 0.494140625 0.3453838640625 0.498046875 0.35059720625 0.5 0.3662372296875 0.50390625 0.3662372296875 0.501953125 0.33495718124999996 0.4931640625 0.3232271640625 0.4833984375 0.318013821875 0.482421875 0.32453049843750004
0 0.4892578125 0.2867337734375 0.4765625 0.29325045156249996 0.4765625 0.2984637921875 0.4814453125 0.3023737984375 0.4873046875 0.29716045625 0.4970703125 0.29976712656250004 0.49609375 0.3167104859375 0.498046875 0.3167104859375 0.50390625 0.308890475 0.50390625 0.2984637921875 0.4990234375 0.28934044375 0.4892578125 0.2867337734375