0 0.9395807546875 0.3781143078125 0.9269345453125 0.37496125468749997 0.9179293109375 0.3787547484375 0.9103415859374999 0.3768629171875 0.9036988687499999 0.3711808671875 0.900697125 0.372445365625 0.9068673374999999 0.3800225234375 0.9195135453125 0.383175578125 0.92851878125 0.37938208281249997 0.9411649859375 0.3825351359375 0.94866935 0.37937389062500004 0.9496143578125 0.3755836734375 0.946056746875 0.373690203125 0.9395807546875 0.3781143078125
0 0.5245907734374999 0.23237442343749998 0.5205606578124999 0.2323760609375 0.5201715171875 0.239324246875 0.52625836875 0.24184832812499998 0.5276758796875 0.23616300156249997 0.5245907734374999 0.23237442343749998
0 0.4855680859375 0.24881289843749999 0.4952125484375 0.25323045 0.497185925 0.25070309218750003 0.48145461093749997 0.243761459375 0.47292188125 0.24565984531249999 0.47086514218750003 0.243134125 0.469920134375 0.24692434375 0.4855680859375 0.24881289843749999
0 0.6557778812499999 0.2449538703125 0.641797525 0.2525392203125 0.6423533890625001 0.2556971890625 0.64693936875 0.25885352031250003 0.6579179796875 0.2525326671875 0.6557778812499999 0.2449538703125
0 0.5899338765625 0.3150925578125 0.5956315859375 0.324564825 0.6009124875 0.3087717046875 0.596243146875 0.300562296875 0.5899338765625 0.3150925578125
0 0.596854709375 0.2765597703125 0.6101401421875 0.2879238703125 0.61417025625 0.28792223125 0.6151152640625 0.2841320140625 0.604359071875 0.273398525 0.6057765828125 0.26771319843749997 0.6026914765625 0.26392461875 0.5986613625 0.2639262578125 0.596854709375 0.2765597703125
0 0.729015221875 0.1343872859375 0.7249851078125 0.134388925 0.7231784546875 0.1470224375 0.7348796546874999 0.153965709375 0.7379647609375 0.1577542890625 0.73654725 0.16343961406250002 0.73963235625 0.16722819375 0.7436624703125 0.16722655625 0.7444407546875 0.1533301828125 0.733767925 0.147649771875 0.729015221875 0.1343872859375
0 0.3995185484375 0.1629449875 0.416111509375 0.16104332500000001 0.42425509687499996 0.1660931265625 0.4221149984375 0.158514328125 0.40235357031249996 0.151574334375 0.39665586249999996 0.14210206718750001 0.39334833593749996 0.15536782968750001 0.3995185484375 0.1629449875
0 0.5131127265625001 0.0252015234375 0.5057750859375 0.038468925 0.5138353140625 0.0384656484375 0.5213396765625 0.035304403125 0.5227571890625 0.029619076562500003 0.534291665625 0.026456192187499998 0.5361816796875 0.01887575625 0.5330965734374999 0.015087178125 0.5276489484375 0.0207741421875 0.5131127265625001 0.0252015234375
0 0.4437387765625 0.1256603140625 0.47203293593750006 0.1307019234375 0.48206653906249997 0.1281712890625 0.4890150375 0.12185207499999999 0.48592993125 0.1180634953125 0.47392295000000006 0.1231214875 0.45368901875 0.11807660312499998 0.4431829109375 0.1225023453125 0.4437387765625 0.1256603140625
0 0.6343495921875 0.0453646828125 0.6243159859375 0.047895317187499994 0.6339604484375 0.05231286875 0.6439940515625 0.049782234375 0.6477740812499999 0.0346213640625 0.6618378015624999 0.0320890921875 0.6617544390625001 0.027036014062500002 0.638602125 0.028308703125 0.634655371875 0.03336341875 0.6343495921875 0.0453646828125
0 0.312521071875 0.813568440625 0.31710705 0.8167247703125 0.3250839171875 0.811668415625 0.3139385828125 0.8078831140625 0.312521071875 0.813568440625
0 0.527673315625 0.8772765046875 0.5165279796875 0.873491203125 0.5229206125 0.8640140203125 0.51786213125 0.8627527984375 0.5049101421875 0.8716010093750001 0.5282291796874999 0.8804344734375 0.527673315625 0.8772765046875
0 0.45935613125 0.8280364421874999 0.47247484218749997 0.8292943875000001 0.482508446875 0.826763753125 0.463302884375 0.8229817265625 0.45143496250000004 0.8059323015625001 0.44693234375 0.8078290484374999 0.4474882078125 0.8109870156250001 0.45935613125 0.8280364421874999
0 0.46577642812500003 0.8507728328124999 0.46238554218749994 0.85898551875 0.4639697765625 0.863406346875 0.4937648078125 0.86781570625 0.4906797 0.8640271265624999 0.46894489687499996 0.8596144906250001 0.47036240781250005 0.8539291640625001 0.47936764375 0.8501356703124999 0.4792842828125 0.8450825921874999 0.46577642812500003 0.8507728328124999
0 0.3765027265625 0.7832237625 0.3615773625 0.7945993296875 0.3616607234375 0.7996524078125 0.3713051859375 0.804069959375 0.378809546875 0.8009087125000001 0.3765027265625 0.7832237625
0 0.2642154 0.7864276046875001 0.2525975625 0.7845374109375001 0.25165255468750003 0.788327628125 0.2608245125 0.7946402890625001 0.2768616078125 0.7895806578125 0.28578348125 0.7807340859375 0.2994580578125 0.78515 0.2968454546875 0.7794663109375 0.280085771875 0.77126181875 0.272581409375 0.7744230640625 0.2642154 0.7864276046875001
0 0.261880546875 0.828116721875 0.2536535953125 0.81801384375 0.25357023437500004 0.812960765625 0.23839478593750002 0.8091771015625 0.23792228125 0.8110722109375 0.24353662968749998 0.8154914 0.24828933281249999 0.8287538859374999 0.2342256140625 0.831286159375 0.23644907499999998 0.8439180328125 0.24459266406250002 0.848967834375 0.2484560546875 0.838860040625 0.2609355390625 0.8319069390625 0.261880546875 0.828116721875
0 0.3223602875 0.7687180765625 0.3186359546875 0.7567184515625 0.3030713640625 0.7598829734375 0.30220971875 0.7687262687499999 0.30679569687499997 0.7718825984375 0.310269946875 0.7687229921875 0.31644015937500003 0.77630015 0.33067060000000004 0.7838740328125 0.3363683109375 0.7933463 0.34798614843750003 0.7952364937499999 0.337619096875 0.77755481875 0.3223602875 0.7687180765625
0 0.3458180171875 0.8470317671875 0.3360901953125 0.8375611375 0.324944859375 0.833775834375 0.32683487499999997 0.8261953999999999 0.33828598906249996 0.8179794375 0.325167278125 0.81672149375 0.31568953906249997 0.8224100968749999 0.2984573546875 0.8161007124999999 0.28842374843749996 0.818631346875 0.28850711093750003 0.823684425 0.2970398421875 0.8217860390625 0.3163287671875 0.83062114375 0.3199697375 0.837567690625 0.33475604375 0.8482995421874999 0.3385637390625 0.86535224375 0.3416488453125 0.8691408234375 0.3456789609375 0.8691391859375001 0.3458180171875 0.8470317671875
0 0.5068005234374999 0.7724329296875 0.5103581328125 0.7743264015625 0.5230600375 0.7503189578125 0.5132488515625 0.7357952515624999 0.520753215625 0.73263400625 0.53490029375 0.7351548109375 0.5221707265625 0.7269486796875 0.5115812562500001 0.7263213453125 0.513943775 0.7168458015625 0.5088852921875 0.7155845796875 0.4934040640625 0.7238021796874999 0.50613363125 0.7320083109375 0.5042436171875 0.7395887453125 0.5124705671875 0.7496916234375 0.5074954453125 0.7534834796875 0.499907721875 0.7515916484375 0.49793434531249997 0.7541190062500001 0.5071063046875001 0.7604316671875 0.5068005234374999 0.7724329296875
0 0.3584369265625 0.726383603125 0.3710831328125 0.72953665625 0.37678084218749996 0.739008925 0.38942705 0.7421619781250001 0.39440217031249997 0.738370121875 0.3837293390625 0.7326897109375 0.372973146875 0.721956221875 0.3577977 0.7181725578125 0.3511549828125 0.7124905078125 0.3329777875 0.709971340625 0.327363440625 0.7055521515625001 0.3272800796875 0.7004990734375001 0.32072072500000004 0.6998701015625 0.32033158125 0.7068182875 0.321915815625 0.711239115625 0.3310877734375 0.7175517765625 0.34476235 0.721967690625 0.34239983125 0.731443234375 0.348180903125 0.7459685796875 0.352211015625 0.745966940625 0.3534618046875 0.7301754593750001 0.3584369265625 0.726383603125
0 0.292510659375 0.5167062828125 0.29409489375 0.5211271125 0.3016826171875 0.52301894375 0.3061852359375 0.521122196875 0.303100128125 0.5173336171875 0.29709663750000004 0.5198626140625 0.296929915625 0.5097564593749999 0.292427296875 0.51165320625 0.292510659375 0.5167062828125
0 0.18717182968749999 0.5135909125 0.186615965625 0.5104329437499999 0.1805291125 0.5079088625 0.1763322765625 0.4978043453125 0.170801290625 0.4984382328125 0.176026496875 0.5098056093750001 0.18717182968749999 0.5135909125
0 0.2548497875 0.5546199281249999 0.2467061984375 0.549570128125 0.238173465625 0.5514685140625 0.24678955937499997 0.5546232046874999 0.2419811609375 0.5685212171875 0.2548497875 0.5546199281249999
0 0.14350746875 0.554033553125 0.1475375828125 0.554031915625 0.14895509375 0.5483465890625 0.154958584375 0.5458175921875 0.1562927328125 0.5350791874999999 0.13883812812500002 0.5458241453125 0.13939399218749998 0.5489821140625 0.14350746875 0.554033553125
0 0.32847627031250004 0.4371051578125 0.3208885453125 0.43521332656249995 0.3163859296875 0.4371100734375 0.31694179375 0.4402680421875 0.325002021875 0.440264765625 0.332283965625 0.4541578609375 0.341928428125 0.4585754125 0.3489602859375 0.4573092765625 0.34587517968750003 0.45352069687499996 0.3357582140625 0.45099825468750004 0.3361473546875 0.44405006875 0.32847627031250004 0.4371051578125
0 0 0.6080531812500001 0.0032870953124999997 0.6046216703125 0.0005911296875 0.5938849046875 0.0111805984375 0.5945122390625001 0.003982015625 0.5856722203125 0 0.5866765484375 0 0.6080531812500001
0 0.19798335312499998 0.5887515484375 0.1928415078125 0.5824372484375 0.187783025 0.581176028125 0.1802786625 0.5843372734375001 0.1745252578125 0.6020255015625 0.1970383453125 0.5925417656249999 0.19798335312499998 0.5887515484375
0 0.14842689375 0.57740219375 0.1535687359375 0.5837164921875 0.1502612109375 0.5969822546875 0.15904402812500001 0.6102431015625001 0.1619624109375 0.603925525 0.1583214390625 0.596978978125 0.163685703125 0.5862389343750001 0.1507894125 0.56792665 0.14842689375 0.57740219375
0 0.07321654375 0.5989084921875001 0.08933699843750001 0.5989019390625 0.0968413609375 0.59574069375 0.10126061718749998 0.5887908687500001 0.11832608124999999 0.584994096875 0.1187152234375 0.5780459109375 0.0976196453125 0.5818443203125 0.08972614062499999 0.5919537515625 0.07321654375 0.5989084921875001
0 0.2302519296875 0.6209520140625 0.22914020000000002 0.614636078125 0.2113521484375 0.605168725 0.20818367968749998 0.59632706875 0.20415356562500003 0.59632870625 0.2032919203125 0.6051720015625001 0.22060746718750002 0.6165344625 0.210184721875 0.626013284375 0.2108239484375 0.6342243296875 0.224498525 0.6386402437500001 0.22900114062500002 0.6367434953125 0.22844527656250002 0.633585528125 0.21682743750000003 0.631695334375 0.2302519296875 0.6209520140625
0 0.226333575 0.47504501718750003 0.21471573593749999 0.47315482343750004 0.21604988593750002 0.46241642031249997 0.2067945671875 0.45105068125000003 0.20498791249999998 0.46368419375 0.1862548546875 0.458007059375 0.1817522375 0.4599038078125 0.1818355984375 0.464956884375 0.1934534359375 0.466847078125 0.18808917187500002 0.4775871203125 0.19078513749999998 0.4883238859375 0.1968719890625 0.4908479671875 0.1991511453125 0.4763193453125 0.20365376406250002 0.4744225984375 0.21582746875 0.4794707609375 0.226333575 0.47504501718750003
0 0.05395565 0.53069931875 0.05845826875 0.528802571875 0.066045990625 0.5306944031249999 0.074022859375 0.52563805 0.0704652484375 0.5237445796875 0.0619325171875 0.5256429640625 0.05078718125 0.5218576625 0.06168243125 0.5104837328125 0.061599071875 0.5054306546875 0.049592090625 0.5104886468750001 0.039475125 0.5079662046875 0.031970760937499995 0.51112745 0.0325266265625 0.51428541875 0.0473129328125 0.52501726875 0.0449504140625 0.5344928125 0.0485913875 0.5414393609375 0.043699625 0.55028429375 0.0472572375 0.552177765625 0.0547615984375 0.5490165203124999 0.057124117187500004 0.539540975 0.05395565 0.53069931875
0 0 0.476440965625 0.010375015625000001 0.48460739531249997 0.0255504640625 0.48839105937499994 0.051704525 0.48585387031250005 0.049091921875 0.4801701828125 0.04103169375 0.480173459375 0.037946587500000004 0.4763848796875 0.0388915953125 0.4725946625 0.053983681250000005 0.4713252484375 0.061960546875 0.46626889531250004 0.0555402515625 0.44353250468749994 0.0515101359375 0.4435341421875 0.0493143421875 0.4631158421875 0.032248878125000005 0.4669126125 0.02941385625 0.478283265625 0.019380249999999998 0.48081389999999996 0.0026205687500000002 0.47260940781249994 0 0.474992646875 0 0.476440965625
0 0.8128675 0.6061874703125001 0.7943011624999999 0.610616490625 0.78996526875 0.6226193921875 0.79502375 0.6238806140625 0.8120058531250001 0.615030765625 0.8128675 0.6061874703125001
0 0.9137867046875 0.7078403093750001 0.9153709390625 0.7122611375 0.9229586624999999 0.7141529703125 0.933464771875 0.7097272265625 0.9378840265624999 0.7027774015625 0.9327421812500001 0.6964631031249999 0.9276837 0.69520188125 0.91370334375 0.7027872328125 0.9137867046875 0.7078403093750001
0 0.8809069328125 0.6080547265625 0.8839920375 0.61184330625 0.8915797624999999 0.6137351375 0.8984449 0.602362846875 0.8982781765625001 0.5922566921875 0.8896620828125 0.589102 0.8822410812499999 0.5973163234375 0.8809069328125 0.6080547265625
0 0.9044760546875 0.6320474234375 0.9054210609375 0.62825720625 0.8806845125 0.6251090671874999 0.8761818953124999 0.627005815625 0.874847746875 0.63774421875 0.8819629656249999 0.6415311609375001 0.9044760546875 0.6320474234375
0 0.7309314359375 0.5253709984375 0.7208144703125 0.5228485546874999 0.719396959375 0.52853388125 0.7345724078125 0.5323175453125 0.7495811328124999 0.5259950546875001 0.75622385 0.5316771046875 0.7668133203124999 0.5323044390625 0.77645778125 0.536721990625 0.7784311578125 0.5341946328125 0.7459401625 0.5190485078125 0.7309314359375 0.5253709984375
0 0.8521952328125 0.7609230171875 0.872762609375 0.7861802124999999 0.87987783125 0.789967153125 0.8843804484375 0.78807040625 0.883741221875 0.7798593609375 0.8664256734375 0.7684968984375 0.8591437296875 0.754603803125 0.852584375 0.7539748312500001 0.8521952328125 0.7609230171875
0 0.7694255562500001 0.6295757703125 0.74682910625 0.634006428125 0.7401863890625 0.6283243781250001 0.7375737875 0.622640690625 0.7479965328125 0.6131618703124999 0.7508315546875 0.6017912171875001 0.74727394375 0.599897746875 0.7369345593750001 0.6144296453125 0.7244550750000001 0.6213827453125 0.7235934296875 0.630226040625 0.7247051609375 0.636541978125 0.7388522390625 0.6390627828125 0.73048623125 0.6510673234375 0.7335713359375 0.654855903125 0.759725396875 0.6523187140625 0.780570890625 0.6333610734375 0.777485784375 0.62957249375 0.7694255562500001 0.6295757703125
0 0.8359364515625 0.599861703125 0.8404390703125 0.5979649546875 0.8418565812500001 0.5922796296875 0.850861815625 0.588486134375 0.8482492140625 0.5828024468749999 0.8406614890625 0.5809106140625 0.8340187718750001 0.5752285640625 0.82390180625 0.572706121875 0.812839834375 0.573973896875 0.809671365625 0.5651322390625 0.7997211234375 0.5727159515625 0.7866024109375 0.57145800625 0.7814605671875 0.5651437078125 0.7833505828125 0.5575632734375 0.7772637312499999 0.5550391921875 0.7752903546875001 0.55756655 0.7794038296875 0.5626179890625 0.7744287078125 0.5664098453124999 0.7688977218749999 0.5670437328125 0.746607053125 0.5594731265624999 0.7421044359375 0.5613698734375 0.7421877984374999 0.5664229515625 0.7448837609375001 0.5771597171875 0.7777639 0.58535765625 0.7871582765625 0.5746159750000001 0.7987761156250001 0.5765061703125001 0.8018612218750001 0.5802947484375001 0.8005270718749999 0.5910331531249999 0.8212335078124999 0.5941829296875001 0.8359364515625 0.599861703125