0 0.41232790625 0.3258104984375 0.4149777078125 0.32991534375 0.41799117499999994 0.3288195484375 0.4204850390625 0.32115482812499996 0.4157050375 0.3195140609375 0.41232790625 0.3258104984375
0 0.642986728125 0.023149354687500002 0.6368038546875 0.0135713796875 0.6318420203125 0.0145309328125 0.63802489375 0.02410890625 0.642986728125 0.023149354687500002
0 0.675875353125 0.05680558125 0.67642085 0.04900461875 0.670419809375 0.0368263234375 0.670393915625 0.0511962109375 0.675875353125 0.05680558125
0 0.678005553125 0.054341503125 0.6787069875 0.05831010625000001 0.6856171890625 0.057486796875 0.6955408578125 0.0555676921875 0.689176153125 0.0485900390625 0.678005553125 0.054341503125
0 0.587809846875 0.1682340578125 0.5853418765625 0.161528890625 0.5710018703124999 0.15660658593750001 0.5770029109375 0.1687848796875 0.587809846875 0.1682340578125
0 0.6025394109375 0.153585834375 0.5910569328124999 0.13579816718749999 0.5859132671875 0.13935804062499998 0.593862675 0.1516725796875 0.6025394109375 0.153585834375
0 0.4403323765625 0.31731661718750004 0.44298217968750003 0.3214214640625 0.44989238125000003 0.320598153125 0.4522044125 0.31553375625 0.446203371875 0.30335545937499997 0.4403323765625 0.31731661718750004
0 0.48745569531250005 0.1194080359375 0.4851695578125 0.1101025484375 0.468647565625 0.1363840953125 0.4693490015625 0.14035269687500002 0.47625920156249996 0.1395293890625 0.47911672968749996 0.126664028125 0.48745569531250005 0.1194080359375
0 0.38741458125 0.29009892187499997 0.3909476515625 0.2955720515625 0.3902203234375 0.3059733328125 0.3928701265625 0.3100781796875 0.4036770625 0.30952735625 0.394506615625 0.28667529062499997 0.38741458125 0.29009892187499997
0 0.45571100937500003 0.237387884375 0.4495281359375 0.22780990937499998 0.44173466718750004 0.22726493749999999 0.43853936875 0.2309610546875 0.43817570312500004 0.2361616953125 0.44630694374999996 0.2458759125 0.45321714531249996 0.245052603125 0.45571100937500003 0.237387884375
0 0.49010665781249996 0.31949065625 0.4791437828125 0.3082719125 0.47010338125000006 0.3115593015625 0.4708048171875 0.3155279046875 0.47664991875 0.3159366328125 0.4815858609375 0.3293469671875 0.49434116406250006 0.3289323875 0.49010665781249996 0.31949065625
0 0.180419253125 0.1423595671875 0.183770490625 0.1504330171875 0.1850174234375 0.14660065625000002 0.20096802500000002 0.142489959375 0.2062935234375 0.13632976562500002 0.20702085312500002 0.1259284828125 0.2041892171875 0.12442395625 0.1995651546875 0.1345527546875 0.1857447515625 0.1361993734375 0.180419253125 0.1423595671875
0 0.388167803125 0.265327753125 0.3784259671875 0.2646465375 0.3711521015625 0.2706704859375 0.379101509375 0.282985025 0.387960078125 0.2822979578125 0.39081760625 0.269432596875 0.388167803125 0.265327753125
0 0.500445778125 0.2836311359375 0.50345924375 0.282535340625 0.5033033046875001 0.2707657734375 0.5148116765624999 0.2741835546875 0.5220855421875 0.26815960156249996 0.513071034375 0.2570771015625 0.510966728125 0.24517129375 0.4971204328125 0.26118779999999997 0.496211271875 0.2741894046875 0.500445778125 0.2836311359375
0 0.5528692828125 0.1919211328125 0.5523237859375 0.199722096875 0.5577793296875 0.21970135468750002 0.56362443125 0.220110084375 0.5689240375 0.22831977656250002 0.578302209375 0.2342016328125 0.594954246875 0.23405954062499998 0.592668109375 0.2247540515625 0.5811597374999999 0.221336271875 0.5700150296875 0.21271784999999999 0.567365228125 0.20861300468750002 0.5696772593749999 0.2035486046875 0.565260921875 0.1967071953125 0.5578311171875 0.19096158125 0.5528692828125 0.1919211328125
0 0.7411888453125 0.774731546875 0.733940871875 0.7663856109375 0.7362529046875 0.7613212109374999 0.7336031015625 0.7572163671875 0.7302259703125 0.7635128046874999 0.731628840625 0.771450009375 0.7443582515625 0.7854053171875 0.7411888453125 0.774731546875
0 0.7088721890625 0.8168933546874999 0.7062223859375 0.812788509375 0.6839070781250001 0.8099215531249999 0.6846085140625 0.8138901562499999 0.690453615625 0.8142988859375 0.695935053125 0.8199082578124999 0.704793621875 0.819221190625 0.7088721890625 0.8168933546874999
0 0.66268334375 0.8894415578125001 0.6649694828125 0.8987470453125 0.6793094890625 0.90366935 0.6833880546875 0.901341515625 0.6826866203125 0.8973729125000001 0.66268334375 0.8894415578125001
0 0.713107275 0.9243239734375001 0.7173676734375001 0.91939581875 0.7179131703125 0.9115948546875 0.7131590609375 0.8955842 0.7066125234375 0.89120686875 0.7053655921875001 0.8950392265625 0.7136527703125 0.9165230109375001 0.711522571875 0.9189870890625 0.713107275 0.9243239734375001
0 0.79049646875 0.937574659375 0.789795034375 0.9336060578125001 0.7837681 0.9357976499999999 0.772259728125 0.9323798703125 0.7612709609375 0.9355310125 0.7617905640625 0.9420999390624999 0.7862360703125 0.942502815625 0.79049646875 0.937574659375
0 0.75955563125 0.8060657906250001 0.7692974687499999 0.80674700625 0.7738956375 0.81098809375 0.7716095000000001 0.80168260625 0.761348059375 0.7944324671875 0.7620753890625 0.7840311828125001 0.755892515625 0.7744532093750001 0.754645584375 0.77828556875 0.7579968218750001 0.78635901875 0.75513929375 0.799224378125 0.75955563125 0.8060657906250001
0 0.6268077234375 0.9405001265624999 0.6317695578125 0.9395405734375 0.6461354578125 0.9300929921875 0.627535053125 0.93009884375 0.6224172796875 0.9192888296874999 0.6185205453125 0.9190163437500001 0.613195046875 0.9251765359374999 0.6138964812500001 0.929145140625 0.6216899515625001 0.9296901140625 0.6268077234375 0.9405001265624999
0 0.7979256953125 0.8453313890624999 0.8023679250000001 0.8378029124999999 0.8067842640625 0.8446443218749999 0.7975361375000001 0.8649019171875001 0.7983935109375 0.8806400859375 0.7921847453125 0.8854319984375 0.7997963828125 0.8885772921875 0.8042386140625 0.8810488140625001 0.8031994062500001 0.8679109687500001 0.8119020359375 0.855454334375 0.8126293656250001 0.8450530515624999 0.808394859375 0.8356113203125 0.7968864875 0.8321935390625 0.79350935625 0.838489978125 0.7979256953125 0.8453313890624999
0 0.672112721875 0.7685947546875 0.6627086578125 0.777082784375 0.6614358328125001 0.7952850312499999 0.655045234375 0.8026772640625 0.6498756734375 0.8206070249999999 0.6523436453125 0.8273121937499999 0.6553571109375 0.826216396875 0.65766914375 0.8211519968750001 0.6541360734375 0.8156788703125001 0.6688656374999999 0.8010306453125 0.6680082625 0.7852924765625 0.67138539375 0.7789960390624999 0.6823741625 0.7758448953125 0.6799061921875 0.7691397281250001 0.672112721875 0.7685947546875
0 0.6794389546875 0.8318199156249999 0.6762436546874999 0.8355160328125001 0.6804781609375 0.8449577640625 0.691285096875 0.844406940625 0.71396406875 0.8420732546874999 0.7223289281249999 0.820447378125 0.717912590625 0.8136059687499999 0.7164838265625 0.8200386500000001 0.706897928125 0.8311270000000001 0.695207725 0.8303095421875 0.688998959375 0.8351014515624999 0.6794389546875 0.8318199156249999
0 0.3647120359375 0.698758040625 0.3618804 0.697253515625 0.3581396046875 0.7087505953125001 0.360607575 0.7154557625 0.3636210421875 0.714359965625 0.3620363390625 0.70902308125 0.3647120359375 0.698758040625
0 0.40414661875 0.6388027125 0.4034451828125 0.6348341109375 0.400431715625 0.6359299078125 0.389053390625 0.6586515796875 0.392950125 0.658924065625 0.3977560203125 0.646194946875 0.40414661875 0.6388027125
0 0.3417476578125 0.76117159375 0.338734190625 0.762267390625 0.3399552296875 0.7728049171875 0.3353311671875 0.782933715625 0.33709770156249996 0.7856702796875 0.3434883 0.7782780453125 0.3417476578125 0.76117159375
0 0.44186645156250004 0.5473710484375001 0.43976214531249996 0.5354652390625 0.41939520625000004 0.5327345265625001 0.420096640625 0.5367031296875 0.435501746875 0.540393396875 0.4340729828125 0.5468260765624999 0.43778788593750007 0.5496988843749999 0.44186645156250004 0.5473710484375001
0 0.437919090625 0.771816109375 0.431190721875 0.7700391 0.4249819546875 0.7748310109375 0.41542195 0.771549475 0.41009645156249996 0.7777096703125 0.41079788749999996 0.7816782734375 0.427449925 0.781536178125 0.437919090625 0.771816109375
0 0.3970551640625 0.74021523125 0.3977566 0.7441838328125 0.402718434375 0.7432242812500001 0.4078621 0.7396644078125 0.4154737375 0.7428097015625 0.421682503125 0.7380177890625 0.4343077609375 0.7114637562499999 0.4293459265625 0.7124233078125 0.418331265625 0.7299443390625 0.4045108625 0.7315909578124999 0.3970551640625 0.74021523125
0 0.4485183015625 0.78823549375 0.45509073125 0.7782429390625001 0.45438929687499996 0.7742743375 0.4483623625 0.776465928125 0.44285503125 0.78522644375 0.4423095359375 0.7930274078124999 0.4456607734375 0.80110085625 0.438724678125 0.8162940531249999 0.4378155171875 0.8292956578125 0.44171225312500006 0.8295681437500001 0.44243958125000005 0.819166859375 0.4605462765625 0.7982221984375 0.47311974687499997 0.8004079374999999 0.47260014375 0.7938390156249999 0.4704699453125 0.79630309375 0.460909940625 0.7930215578124999 0.452570975 0.8002775468750001 0.4485183015625 0.78823549375
0 0.38084505 0.7900359109374999 0.38422218125 0.7837394718749999 0.381572378125 0.7796346265625 0.371648709375 0.78155373125 0.3631279125 0.7914100421875 0.35710097812499997 0.7936016343750001 0.3517754796875 0.7997618281250001 0.35104815 0.8101631125000001 0.3366822515625 0.8196106953125 0.3373836859375 0.8235792984374999 0.3442938875 0.8227559875000001 0.353516121875 0.8168682796875 0.36325795781250003 0.8175494953125 0.3655699890625 0.8124850953125 0.35387978593749997 0.8116676375 0.35336018281250003 0.8050987140625001 0.36434895 0.80194756875 0.3711032125 0.7893546953125 0.38084505 0.7900359109374999
0 0.47091128906249996 0.747992790625 0.4608057875 0.7525122171875 0.469482525 0.7544254718750001 0.4728337625 0.7624989203125 0.4825756 0.7631801359375 0.48803114374999995 0.78315939375 0.4943958484375 0.790137046875 0.497409315625 0.7890412515625 0.49356436718749996 0.7600289921875001 0.4891480296875 0.7531875828125 0.47763965781250006 0.7497698015625 0.48174411875 0.7330720796875 0.479094315625 0.728967234375 0.47306738125000003 0.7311588265625 0.46969025000000003 0.7374552640625 0.47091128906249996 0.747992790625
0 0.39248288750000004 0.7216042546875 0.3978083859375 0.7154440609375 0.40064002031249996 0.7169485843750001 0.4009777921875 0.7261178312500001 0.4061214578125 0.7225579578125 0.40490042031250006 0.7120204296875 0.4155514171875 0.699700040625 0.415940975 0.6801295109375001 0.4129275078125 0.6812253078125 0.41006997968750003 0.6940906703125 0.40154918124999994 0.7039469828125 0.4011855171875 0.7091476234375 0.3905604125 0.707098125 0.365153959375 0.7484366265625 0.367440096875 0.7577421140625 0.38022129374999997 0.7429576453125 0.38268926406250003 0.7496628140625 0.3780652015625 0.7597916125 0.38300114218750003 0.77320194375 0.3897295125 0.77497895625 0.39697748437499997 0.7833248921875 0.39999095156250003 0.7822290953125 0.40035461562499997 0.7770284546874999 0.395938278125 0.77018704375 0.388326640625 0.7670417515625 0.383910303125 0.760200340625 0.3908463984375 0.74500714375 0.38378025781249997 0.7340608875 0.3921192234375 0.7268048968749999 0.39248288750000004 0.7216042546875
0 0.8439044953125 0.39779784687499997 0.85008736875 0.407375821875 0.855049203125 0.40641626875 0.857361234375 0.4013518703125 0.8547114312499999 0.39724702343749996 0.8439044953125 0.39779784687499997
0 0.8505551859375 0.44268452031249994 0.8544519203125001 0.44295700625 0.8585304875 0.44062917031250004 0.8562443484375001 0.43132368281250005 0.852529446875 0.4284508734375 0.8395923109375 0.4314657765625 0.8440086484375 0.43830718593749995 0.8500355828125 0.43611559375000003 0.8526853843750001 0.440220440625 0.8505551859375 0.44268452031249994
0 0.869961759375 0.585145496875 0.8730011187500001 0.569679815625 0.870351315625 0.5655749671875 0.8650258171875 0.5717351640625 0.8644803203125001 0.5795361265625 0.8702995296875 0.5943147421874999 0.8752613640625 0.593355190625 0.869961759375 0.585145496875
0 0.8758321734375001 0.47319545312500005 0.8747411812499999 0.488797378125 0.877390984375 0.492902225 0.88040445 0.49180642968750005 0.8791834125 0.481268903125 0.8880678734374999 0.46621195000000004 0.8870286671875001 0.4530741 0.8912890671874999 0.44814594531249996 0.8905876312500001 0.44417734218750005 0.8833137656250001 0.45020129375 0.882222771875 0.4658032203125 0.8758321734375001 0.47319545312500005
0 0.8709485984375 0.5290342328125 0.8659867640625001 0.529993784375 0.8719878062499999 0.5421720796875 0.88295068125 0.5533908234375 0.8898608828125001 0.5525675125 0.8895231109375 0.5433982687500001 0.8709485984375 0.5290342328125
0 0.8299816796874999 0.6529017859375 0.8306831140625001 0.6568703890625 0.8453867859375 0.656592053125 0.849647184375 0.6516638968749999 0.8507381765625001 0.636061971875 0.8633375421875 0.623877825 0.8626361062499999 0.6199092234375 0.84720510625 0.63058884375 0.8431006468750001 0.6472865640625 0.835307178125 0.6467415921875 0.8299816796874999 0.6529017859375
0 0.806755471875 0.369069775 0.8094052749999999 0.373174621875 0.8193289421875001 0.37125551562500003 0.8219787453125 0.37536036250000004 0.8228361203125001 0.39109853125 0.8272524578124999 0.39793994062500004 0.8361110265624999 0.3972528734375 0.844086328125 0.39519752656249996 0.841436525 0.39109268125 0.83151285625 0.3930117859375 0.82709651875 0.38617037656250003 0.8280056796874999 0.37316877187499997 0.8237711734375001 0.3637270390625 0.8140293375000001 0.36304582343749997 0.806755471875 0.369069775
0 0.795222365625 0.5759996562499999 0.780700528125 0.5736776734375 0.7849350328125 0.583119403125 0.7955601375 0.5851689015625 0.802652171875 0.58174526875 0.8180572765624999 0.5854355359375 0.8232009437500001 0.5818756625 0.8235646078125001 0.5766750218750001 0.8147060390625 0.5773620875 0.8092246015625 0.5717527140625001 0.8014311328125 0.5712077421874999 0.795222365625 0.5759996562499999