0 0.568359375 0.7676645140625 0.576171875 0.7676645140625 0.580078125 0.7598445015624999 0.5771484375 0.750721153125 0.576171875 0.75723783125 0.568359375 0.7676645140625
0 0.677734375 0.5904109078124999 0.67578125 0.60605093125 0.6796875 0.60605093125 0.68359375 0.5878042359375 0.6806640625 0.5838942312500001 0.67578125 0.5878042359375 0.677734375 0.5904109078124999
0 0.71484375 0.32713716875 0.71484375 0.3375638515625 0.728515625 0.355810546875 0.73046875 0.347990534375 0.720703125 0.33495718124999996 0.7197265625 0.318013821875 0.71484375 0.32713716875
0 0.8359375 0.88496469375 0.83203125 0.897998046875 0.8359375 0.897998046875 0.83984375 0.8875713640624999 0.8515625 0.8771446812500001 0.8544921875 0.8602013218750001 0.8359375 0.88496469375
0 0.658203125 0.736384465625 0.658203125 0.7520244890625001 0.6640625 0.7520244890625001 0.669921875 0.7468111484375 0.6708984375 0.732474459375 0.6611328125 0.732474459375 0.658203125 0.736384465625
0 0.9482421875 0.21374699531250002 0.9287109375 0.21374699531250002 0.9140625 0.22547701406249998 0.9169921875 0.22938701875 0.921875 0.22808368437499998 0.9267578125 0.2215670078125 0.9501953125 0.22417367812500003 0.951171875 0.21765700156249998 0.9482421875 0.21374699531250002
0 0.70703125 0.5408841640625 0.71484375 0.54609750625 0.71484375 0.5617375296875 0.7177734375 0.5656475359375001 0.720703125 0.5643442015625 0.7265625 0.5408841640625 0.7216796875 0.5343674890625 0.7138671875 0.5317608171875 0.70703125 0.5408841640625
0 0.841796875 0.29325045156249996 0.8291015625 0.2789137609375 0.8232421875 0.2789137609375 0.8095703125 0.29716045625 0.802734375 0.2984637921875 0.8076171875 0.30498046875 0.810546875 0.303677134375 0.8232421875 0.29194711562500003 0.8310546875 0.29194711562500003 0.8369140625 0.29716045625 0.841796875 0.29325045156249996
0 0.716796875 0.60605093125 0.7119140625 0.5995342546875 0.6953125 0.626904296875 0.6953125 0.6373309796875 0.69921875 0.63993765 0.7021484375 0.630814303125 0.7138671875 0.6256009609375 0.71875 0.6164776140625 0.716796875 0.60605093125
0 0.6611328125 0.4848407453125 0.6552734375 0.4848407453125 0.65234375 0.4887507515625 0.6533203125 0.4978740984375 0.6708984375 0.5056941109374999 0.671875 0.5122107875 0.6787109375 0.521334134375 0.6875 0.5200307984375 0.6875 0.5148174578125 0.6796875 0.506997446875 0.6787109375 0.5004807687499999 0.6611328125 0.4848407453125
0 0.6875 0.8067645734375001 0.6845703125 0.7767878609375 0.6796875 0.7911245484375 0.662109375 0.8119779140625001 0.662109375 0.822404596875 0.6650390625 0.826314603125 0.669921875 0.82501126875 0.669921875 0.8197979265625 0.6748046875 0.81328125 0.6806640625 0.81328125 0.6875 0.8067645734375001
0 0.640625 0.710317759375 0.6337890625 0.7090144234375 0.62890625 0.712924428125 0.630859375 0.7155311 0.625 0.7259577828125 0.6171875 0.7337777937500001 0.6279296875 0.7429011421875 0.640625 0.7415978062499999 0.64453125 0.736384465625 0.64453125 0.728564453125 0.640625 0.720744440625 0.640625 0.710317759375
0 0.798828125 0.238510365625 0.798828125 0.22547701406249998 0.7900390625 0.20592698281250002 0.78515625 0.20983698906249998 0.78515625 0.22547701406249998 0.779296875 0.246330378125 0.78125 0.261970403125 0.771484375 0.2723970859375 0.7744140625 0.276307090625 0.77734375 0.27500375625 0.78515625 0.2697904140625 0.787109375 0.261970403125 0.78515625 0.2515437203125 0.798828125 0.238510365625
0 0.6357421875 0.6334209734375 0.642578125 0.626904296875 0.640625 0.6112642734375 0.6357421875 0.604747596875 0.6279296875 0.6021409249999999 0.6220703125 0.61778095 0.603515625 0.626904296875 0.603515625 0.6373309796875 0.6083984375 0.64384765625 0.6171875 0.642544321875 0.626953125 0.634724309375 0.6279296875 0.622994290625 0.6337890625 0.6256009609375 0.6357421875 0.6334209734375
0 0.6298828125 0.81328125 0.6181640625 0.8054612390625 0.5947265625 0.8028545671874999 0.591796875 0.8067645734375001 0.59375 0.8171912562499999 0.5986328125 0.8211012609375 0.6064453125 0.8184945906250001 0.6162109375 0.8211012609375 0.6279296875 0.8419546265625 0.640625 0.8406512921875 0.642578125 0.8354379515625 0.640625 0.8171912562499999 0.6376953125 0.81328125 0.6298828125 0.81328125
0 0.6396484375 0.690767728125 0.6552734375 0.6881610578124999 0.65625 0.652971003125 0.66015625 0.645150990625 0.66015625 0.634724309375 0.6572265625 0.630814303125 0.650390625 0.6477576625 0.6513671875 0.6673076921875001 0.6123046875 0.6699143640624999 0.6083984375 0.677734375 0.6005859375 0.680341046875 0.595703125 0.6868577218749999 0.595703125 0.694677734375 0.6044921875 0.7011944109375 0.607421875 0.6998910765625 0.6123046875 0.6933743984375 0.6220703125 0.6933743984375 0.6279296875 0.6881610578124999 0.6396484375 0.690767728125
0 0.08984375 0.566950871875 0.0908203125 0.563040865625 0.0849609375 0.563040865625 0.08203125 0.566950871875 0.08984375 0.566950871875
0 0.068359375 0.6086576015625 0.0615234375 0.596927584375 0.060546875 0.6034442609374999 0.0654296875 0.6099609375 0.068359375 0.6086576015625
0 0.0712890625 0.63602764375 0.076171875 0.6373309796875 0.072265625 0.645150990625 0.076171875 0.645150990625 0.080078125 0.6373309796875 0.0751953125 0.630814303125 0.0693359375 0.630814303125 0.0712890625 0.63602764375
0 0.076171875 0.5904109078124999 0.0927734375 0.5995342546875 0.09765625 0.59823091875 0.1005859375 0.5917142421875 0.0927734375 0.5943209140625 0.0869140625 0.589107571875 0.076171875 0.5904109078124999
0 0.2763671875 0.6881610578124999 0.267578125 0.6972844046875 0.263671875 0.7155311 0.267578125 0.7155311 0.271484375 0.7077110875 0.271484375 0.6998910765625 0.2822265625 0.6881610578124999 0.2763671875 0.6881610578124999
0 0.11328125 0.3323505109375 0.1201171875 0.32844050468749997 0.1201171875 0.3232271640625 0.1123046875 0.3232271640625 0.109375 0.32713716875 0.10546875 0.34277719375000004 0.09375 0.35320387656249996 0.08984375 0.3662372296875 0.09375 0.3662372296875 0.0966796875 0.359720553125 0.1044921875 0.3571138828125 0.111328125 0.347990534375 0.11328125 0.3323505109375
0 0.3447265625 0.4848407453125 0.33984375 0.4887507515625 0.3466796875 0.4978740984375 0.353515625 0.4965707640625 0.359375 0.4887507515625 0.3603515625 0.479627403125 0.3525390625 0.487447415625 0.3447265625 0.4848407453125
0 0.265625 0.23590369687499999 0.2646484375 0.23199369062500003 0.2470703125 0.23199369062500003 0.240234375 0.24111703750000002 0.2421875 0.2567570609375 0.2392578125 0.2606670671875 0.2314453125 0.2554537265625 0.2265625 0.2567570609375 0.2353515625 0.265880409375 0.244140625 0.26457707343750003 0.24609375 0.2437237078125 0.2490234375 0.2398137015625 0.2607421875 0.2398137015625 0.265625 0.23590369687499999
0 0.27734375 0.288037109375 0.2724609375 0.2815204328125 0.2685546875 0.2815204328125 0.267578125 0.2854304390625 0.2734375 0.2906437796875 0.271484375 0.3114971453125 0.2763671875 0.318013821875 0.287109375 0.3167104859375 0.29296875 0.308890475 0.2802734375 0.31280048125 0.275390625 0.30628380312500003 0.27734375 0.288037109375
0 0.3212890625 0.6985877406250001 0.318359375 0.7077110875 0.33203125 0.720744440625 0.33203125 0.7415978062499999 0.333984375 0.7415978062499999 0.3359375 0.712924428125 0.3310546875 0.7064077515625 0.3251953125 0.7064077515625 0.3212890625 0.6985877406250001
0 0.3564453125 0.9201547484375 0.3505859375 0.9175480765625 0.34375 0.9266714234375 0.34375 0.9344914359375001 0.3466796875 0.9384014421875 0.3583984375 0.9384014421875 0.3623046875 0.943614784375 0.369140625 0.9423114484375 0.37890625 0.931884765625 0.3779296875 0.9279747593750001 0.3642578125 0.93058143125 0.3564453125 0.9201547484375
0 0.2421875 0.931884765625 0.2373046875 0.93058143125 0.234375 0.9344914359375001 0.236328125 0.95273813125 0.23046875 0.957951471875 0.23046875 0.9683781546875 0.240234375 0.9683781546875 0.236328125 0.9605581437499999 0.2421875 0.95273813125 0.240234375 0.9449181187500001 0.2421875 0.931884765625