0 0.7105867453125 0.704833278125 0.71420826875 0.70306511875 0.7123242984375 0.7004704312500001 0.7078906203125 0.6984177 0.7050480765625 0.6850445890625 0.6910813015625 0.6820230406250001 0.688385175 0.6756074640625 0.683432175 0.6836489125 0.697805028125 0.6885809046875 0.70024149375 0.700043571875 0.7105867453125 0.704833278125
0 1 0.8029575484375 0.9768339890625001 0.8039878781249999 0.9650440171874999 0.8174760890625 0.9716213281250001 0.8170764171875 0.9780522218750001 0.8097192124999999 1 0.808743065625 1 0.8029575484375
0 0.8627765593750001 0.7563482109375 0.8494755218750001 0.7501900171875 0.8453015046875001 0.743090196875 0.8353623296875 0.7402109359375 0.8422324734375 0.753726334375 0.8566053281249999 0.7586583265625 0.8618511609375 0.7645319453125 0.8654726859374999 0.7627637875 0.8627765593750001 0.7563482109375
0 0.9721486453124999 0.5813467734375 0.9779138015625 0.5771262140625 0.9756237531249999 0.57262108125 0.9623227140624999 0.5664628890625 0.9581486953124999 0.5593630671875001 0.95075923125 0.55594185 0.9398946578125 0.561246325 0.950905646875 0.562899384375 0.9550796671875 0.5699992046875 0.9694525203125 0.5749311968749999 0.9721486453124999 0.5813467734375
0 1 0.504078134375 0.99200754375 0.499252034375 0.982474446875 0.49828321875 0.9825876890625 0.48627859375 0.9777479343750001 0.48231541875 0.9745324859375 0.485994021875 0.9748253203124999 0.499909090625 0.9826208640624999 0.505240753125 0.98772028125 0.5041568390625 0.99806553125 0.50894654375 1 0.5145909359374999 1 0.504078134375
0 0.6255564031249999 0.36748393749999997 0.620197325 0.3736149421875 0.62008408125 0.385619565625 0.6251834984375 0.38453565156249997 0.6289182656250001 0.37076286875000003 0.644622596875 0.36942156875 0.64636015 0.3650587234375 0.6255564031249999 0.36748393749999997
0 0.523501709375 0.3512379109375 0.506465903125 0.35885250156250004 0.48928368125 0.3595095578125 0.5021786406250001 0.3637573046875 0.5247199421875 0.3569692453125 0.5390927953125 0.3619012359375 0.5408303484375 0.357538390625 0.523501709375 0.3512379109375
0 0.530159090625 0.31987145625 0.5378082171874999 0.318245584375 0.5374021390625 0.316335140625 0.5267972265624999 0.316592525 0.5156729921875 0.3269440890625 0.50292445 0.3296538765625 0.49756537187500005 0.33578488125 0.4966399734375 0.34396861562500003 0.508836021875 0.33239085 0.521584565625 0.3296810640625 0.530159090625 0.31987145625
0 0.30926783125 0.13320254375 0.3224224515625 0.13240320156250002 0.325897559375 0.1236775078125 0.3135550921875 0.1282977390625 0.301731946875 0.122823790625 0.29153311249999997 0.1249916203125 0.2840304046875 0.1335750265625 0.2852486359375 0.139306359375 0.2953010546875 0.130180996875 0.300400471875 0.12909708125 0.30926783125 0.13320254375
0 0.41369264218749996 0.12298691875000001 0.402794896875 0.109329234375 0.4007976828125 0.1187391703125 0.4087396421875 0.1310283671875 0.4023087484375 0.1383855734375 0.4101042921875 0.14371723593750002 0.409957875 0.1367597015625 0.41598269062500004 0.12749205156250001 0.41369264218749996 0.12298691875000001
0 0.5098494859375 0.06760486875 0.5075594375 0.0630997359375 0.500316390625 0.06663605156249999 0.48043804218749997 0.0608775296875 0.4680955765625 0.06549776093750001 0.458562478125 0.0645289453125 0.4663580234375 0.0698606078125 0.4816562734375 0.0666088640625 0.5015346234375 0.0723673859375 0.5098494859375 0.06760486875
0 0.531814759375 0 0.5400868109375 0.00926199375 0.542523275 0.0207246609375 0.5558243125 0.026882853125 0.5609237296875 0.0257989375 0.5669485453124999 0.0165312890625 0.5758159046875 0.020636750000000002 0.5813214 0.0214632796875 0.58346503125 0.019010878125 0.570423653125 0.007805595312499999 0.5567497109375 0.0186991171875 0.5486945078125001 0.0184145453125 0.54158934375 0 0.531814759375 0
0 0.6821441359375 0.1008690734375 0.677417625 0.08490127343750001 0.6700281593749999 0.08148005625 0.667997771875 0.07192783281250001 0.66060830625 0.0685066140625 0.6623790328125 0.08310592812499999 0.67165246875 0.089121834375 0.6740889343750001 0.10058450156250001 0.6785226140625 0.10263723124999999 0.6821441359375 0.1008690734375
0 0.61710311875 0.13965345625 0.6203185640625 0.135974853125 0.6107854671874999 0.1350060375 0.60849541875 0.1305009046875 0.6221693625 0.11960738281250001 0.6220229453125 0.1126498484375 0.6053932171875 0.1221748828125 0.5978905078125 0.1307582890625 0.6028766796875 0.141679 0.5968518656249999 0.1509466484375 0.5991419140625001 0.15545178125 0.6091943328125 0.1463264171875 0.6115976234375 0.1388269265625 0.61710311875 0.13965345625
0 0.550225025 0.1259142078125 0.5604238593749999 0.123746378125 0.5643050453125 0.11693113125000001 0.544313453125 0.1231772328125 0.5353328515625 0.131076396875 0.5302334328125 0.1321603109375 0.5213660734375 0.12805485 0.5207003359375 0.13119149531250002 0.531451665625 0.1378916453125 0.5365510828125 0.1368077296875 0.550225025 0.1259142078125
0 0.571926725 0.2530874625 0.5772858015625 0.2469564578125 0.574995753125 0.242451325 0.5642444249999999 0.235751175 0.5651698234375 0.2275674390625 0.5614018828125 0.22237806249999997 0.5489129984375001 0.220040759375 0.5567085421875 0.225372421875 0.5565952984375 0.237377046875 0.5688245203125 0.244761440625 0.571926725 0.2530874625
0 0.595619909375 0.2141064171875 0.591592309375 0.21396413124999997 0.5928105421875001 0.2196954640625 0.5824984625 0.23386791875 0.5889625296875 0.24547287187500003 0.5943216062500001 0.2393418671875 0.5897415109375 0.23033160156250002 0.5987221125 0.22243243906250001 0.595619909375 0.2141064171875
0 0.60378835625 0.202386365625 0.6101060078125 0.207033784375 0.6122496374999999 0.2045813828125 0.6055259093750001 0.19802351875 0.5923712890624999 0.19882286093749998 0.5849818234375 0.1954016421875 0.5833575140625 0.1877598640625 0.5730122625 0.182970159375 0.5781448546875 0.20084840312500002 0.588084028125 0.2037276640625 0.60378835625 0.202386365625
0 0.21165254375 0.2757536109375 0.2221110375 0.26853869218750004 0.22115246718749998 0.2577602671875 0.2137630015625 0.25433905 0.21213869062500001 0.246697271875 0.216425953125 0.24179246875 0.21372982812500002 0.235376890625 0.20489564374999997 0.2502335875 0.214981234375 0.2600703828125 0.21660554375 0.2677121609375 0.21165254375 0.2757536109375
0 0.27302514218749996 0.28866632812500004 0.2751687734375 0.2862139265625 0.26212739531249996 0.27500864375 0.24978492968750002 0.279628875 0.237296046875 0.27729157187500003 0.24509159062500002 0.28262323437500003 0.250597084375 0.2834497640625 0.2603898421875 0.279371490625 0.2656356765625 0.2852451109375 0.27302514218749996 0.28866632812500004
0 0.2238291421875 0.17632258437499998 0.2305528703125 0.1828804484375 0.23084570312500002 0.1967955171875 0.23527938437499998 0.198848246875 0.23890090625 0.19708008906250002 0.23594512031249998 0.1957116015625 0.23133184999999998 0.167739178125 0.2238291421875 0.17632258437499998
0 0.37234253906250003 0.5051700828125 0.3688674328125 0.513895775 0.359074675 0.5179740484375001 0.350906228125 0.5296941000000001 0.3421852875 0.5325461734375 0.35426809375 0.53297303125 0.36243654062499997 0.5212529796875 0.375038665625 0.511585659375 0.37234253906250003 0.5051700828125
0 0.44336720625000003 0.6637913546875 0.4518284875 0.6659863703125 0.4506102546875 0.6602550375 0.4315440609375 0.6583174046875 0.414102178125 0.6640215515625 0.4001354015625 0.6610000031250001 0.4061933921875 0.6706945125 0.3931851875 0.6784513890625 0.3890443421875 0.690313728125 0.420419828125 0.6686689703125 0.44336720625000003 0.6637913546875
0 0.5046871796875 0.569888653125 0.5028032109375 0.5672939640625 0.48181987187499997 0.543799484375 0.483184521875 0.556488353125 0.4903143265625 0.5649566609375001 0.48817069531249996 0.5674090625 0.49663197812500004 0.5696040796874999 0.4906071609375 0.5788717296875 0.49504084062500003 0.5809244609374999 0.5046871796875 0.569888653125
0 0.5635489703125 0.75904985 0.5752256984375 0.7575662640624999 0.58206266875 0.7521195031250001 0.5969548453125 0.7469573140625 0.6023139203125 0.7408263093749999 0.6006896109375 0.7331845312499999 0.6056426125 0.7251430828125 0.594778040625 0.73044755625 0.59640235 0.738089334375 0.591043271875 0.744220340625 0.578294728125 0.7469301265625 0.5689080484375 0.7529188453125 0.5666180015625 0.7484137125 0.5625903984375 0.7482714265625 0.5635489703125 0.75904985
0 0.633982240625 0.7330966203125 0.6433689218749999 0.7271079031250001 0.6464711249999999 0.7354339249999999 0.6542666671874999 0.7407655875 0.6780261999999999 0.7397088609375 0.6898493453125 0.7451828093749999 0.697498471875 0.7435569375 0.69709239375 0.7416464921875 0.6782858609375 0.7346617703125 0.6730400265625 0.72878815 0.6585539296875 0.7358607828125 0.6520898625 0.7242558296875 0.644700396875 0.7208346125 0.6349076390625 0.7249128859375 0.62740493125 0.7334962921875 0.633982240625 0.7330966203125
0 0.630639828125 0.8176709499999999 0.638954690625 0.8129084328125 0.63666464375 0.8084032999999999 0.6294215953125 0.8119396156249999 0.6235100234375001 0.8092026421874999 0.6133111890625 0.8113704703125 0.6044438296875 0.8072650093749999 0.60082230625 0.8090331671875 0.6115736359375 0.8157333171875001 0.6192227609375001 0.8141074453125 0.630639828125 0.8176709499999999
0 0.4600026609375 0.81101068125 0.45759936874999996 0.8185101734375 0.4672457078125 0.807474365625 0.4626656140625 0.7984641 0.46547498125000003 0.7928750531250001 0.454610409375 0.7981795265625 0.4600026609375 0.81101068125
0 0.50043881875 0.7504999781249999 0.5006984796875 0.7454528875 0.492383615625 0.7502154046875 0.5016570515625001 0.7562313109375001 0.5036874390625 0.765783534375 0.5081211171875 0.7678362640625 0.504872496875 0.7525527078125 0.50043881875 0.7504999781249999
0 0.49415434375 0.7648147171875 0.47926216874999994 0.7699769062499999 0.4722787796875 0.7684661328125 0.4800743234375 0.7737977953125 0.4898670796875 0.769719521875 0.49618473124999996 0.774366940625 0.5008780703125 0.77137258125 0.49415434375 0.7648147171875
0 0.29684875312500003 0.7079137453125 0.29954487812499997 0.7143293234375 0.3012824328125 0.7099664765625 0.3097437125 0.71216149375 0.3089315578125 0.7083406046875 0.30261390781249997 0.7036931859375 0.29684875312500003 0.7079137453125
0 0.307359871875 0.8075142468750001 0.3041112515625 0.7922306906250001 0.3098764078125 0.7880101296875 0.32048131875 0.7877527453125001 0.3200752421875 0.7858423 0.30019689375 0.7800837796875 0.2834207484375 0.7826512796875 0.28826050468750003 0.7866144546875 0.29590963124999997 0.7849885828125001 0.3003433109375 0.7870413140625 0.2939124171875 0.79439851875 0.29904500624999997 0.8122767640624999 0.307359871875 0.8075142468750001
0 0.29123001406250004 0.719091840625 0.28934604375 0.716497153125 0.2792936265625 0.725622515625 0.283873721875 0.73463278125 0.2795864609375 0.7395375843750001 0.2822825875 0.7459531625 0.285904109375 0.7441850046875 0.29111677187499996 0.7310964656250001 0.286942753125 0.72399664375 0.29123001406250004 0.719091840625
0 0.263031075 0.5613514734375 0.2540504734375 0.5692506374999999 0.25593444375 0.571845325 0.26894264687499997 0.5640884484375001 0.26502828906250003 0.5519415375000001 0.259263134375 0.5561620984375 0.263031075 0.5613514734375
0 0.32477657656250003 0.5572124781250001 0.321967209375 0.562801525 0.3261412265625 0.5699013453124999 0.32226004218750004 0.57671659375 0.3240307703125 0.59131590625 0.329389846875 0.5851849015624999 0.332312459375 0.56759123125 0.32477657656250003 0.5572124781250001
0 0.25847842499999996 0.41455900625000003 0.2614010375 0.39696533437500003 0.25656128125 0.393002159375 0.2574866796875 0.3848184234375 0.253459078125 0.3846761359375 0.2506497078125 0.390265184375 0.2560419609375 0.4030963390625 0.251754696875 0.40800114218749994 0.25311934687500004 0.42069001093749997 0.25847842499999996 0.41455900625000003
0 0.411007971875 0.43006006562500004 0.42726479375000004 0.4375867453125 0.4294084265625 0.43513434375 0.41488915468750004 0.4232448171875 0.4079057671875 0.42173404375 0.411007971875 0.43006006562500004
0 0.41948870312500003 0.52010834375 0.4170522375 0.5086456765625 0.4126185578125 0.5065929453125 0.40496943124999996 0.5082188171875 0.42166550625 0.5366181 0.42661850625 0.5285766515625 0.424328459375 0.52407151875 0.41948870312500003 0.52010834375
0 0.459085259375 0.593558953125 0.4685051109375 0.60653239375 0.476560315625 0.6068169671875 0.4829912078125 0.5994597609375 0.47142772343750006 0.588938721875 0.4416102015625 0.580300940625 0.4310052890625 0.5805583249999999 0.41799708593749996 0.5883152015625 0.42243076406249996 0.5903679312500001 0.437322940625 0.58520574375 0.4495521625 0.5925901375 0.459085259375 0.593558953125
0 0.7823068640625 0.340155875 0.7761356312500001 0.342465990625 0.7799035734374999 0.3476553671875 0.7997819203125001 0.3534138875 0.802884125 0.361739909375 0.8082432 0.35560890624999997 0.8051409984375001 0.347282884375 0.7823068640625 0.340155875
0 0.7695251468750001 0.323903503125 0.770337303125 0.3277243921875 0.7778400109375 0.319140984375 0.79099463125 0.31834164375 0.7901824765625001 0.3145207546875 0.774884225 0.3177724984375 0.7695251468750001 0.323903503125
0 0.7516108390625 0.2897728859375 0.75109151875 0.299867065625 0.7635804015625001 0.30220436875 0.7758096234375 0.3095887625 0.7885581671875 0.3068789765625 0.797425525 0.31098443750000004 0.802118865625 0.307990078125 0.790295721875 0.30251612968749997 0.7800968859374999 0.30468395937500004 0.7557848578125 0.29687270625 0.75818815 0.2893732140625 0.7679809078125001 0.285294940625 0.773339984375 0.2791639359375 0.7714560140625 0.2765692484375 0.7516108390625 0.2897728859375
0 0.7715303578125 0.0888581015625 0.779585559375 0.089142675 0.7897843953125 0.08697484531250001 0.7893783171875 0.0850644015625 0.7728618328125 0.0825848109375 0.7656187859375 0.086121128125 0.7574503390625 0.0978411796875 0.7485829796875 0.09373571875 0.74832331875 0.0987828078125 0.755712784375 0.10220402656250001 0.7633619109375 0.1005781546875 0.7715303578125 0.0888581015625
0 0.8113065031250001 0.18822840624999998 0.8145219499999999 0.184549803125 0.8131573015625 0.171860934375 0.8013673296875 0.1853491453125 0.803657378125 0.189854278125 0.8113065031250001 0.18822840624999998
0 0.8882312875 0.036097928125 0.8927782109375 0.026146034375 0.8914135609375 0.013457167187499999 0.8880516984375 0.010178234375000001 0.8835047749999999 0.020130128125 0.8882312875 0.036097928125
0 0.77627059375 0.0359348 0.772389409375 0.0427500484375 0.7619309140625 0.04996496875 0.7584558078125 0.05869066093750001 0.76074585625 0.06319579374999999 0.78111035 0.0398979765625 0.7792263796875 0.0373032875 0.77627059375 0.0359348
0 0.755505746875 0.21406653593749997 0.759127271875 0.212298378125 0.7564311453125 0.2058828 0.7442019234374999 0.1984984078125 0.7412793125 0.21609207812500003 0.7424975453125 0.22182341249999998 0.7498870078125 0.22524463125 0.753508534375 0.22347647187500003 0.7489284375 0.21446620625 0.752143884375 0.2107876046875 0.755505746875 0.21406653593749997
0 0.758668571875 0.10357251249999999 0.7659116187499999 0.10003619687500001 0.7683149109375 0.0925367046875 0.774080065625 0.08831614531250001 0.78509105625 0.0899692046875 0.7927401828125 0.0883433328125 0.7919280265624999 0.08452244375 0.7779612499999999 0.08150089687499999 0.767762415625 0.08366872656249999 0.7598536296875 0.0903416875 0.7595939703125001 0.09538877812499999 0.7481769015624999 0.0918252734375 0.7445553781250001 0.09359343125 0.7516851828125 0.102061740625 0.758668571875 0.10357251249999999
0 0.7694004484375 0.022419403125 0.7671104015625 0.0179142703125 0.7607927515624999 0.013266851562500001 0.7514060734375 0.01925556875 0.7403950828125 0.017602509375 0.740135421875 0.0226496 0.7464530703125 0.027297018750000002 0.737878546875 0.0371066265625 0.7665910796875 0.02800845 0.7694004484375 0.022419403125
0 0.8598447625000001 0.07807333125 0.8634662875 0.0763051734375 0.85914585 0.062247818749999996 0.8557839875000001 0.05896888593750001 0.8407453953124999 0.057173540625 0.835759221875 0.04625283125 0.8291819109375 0.0466525015625 0.8309526390625 0.0612518140625 0.844253675 0.06741000781249999 0.8508309875 0.0670103359375 0.8598447625000001 0.07807333125
0 0.8185301031250001 0.096838828125 0.8098091609375 0.0996909015625 0.8198947515624999 0.109527696875 0.8342676046875 0.1144596890625 0.838035546875 0.1196490640625 0.8589857109375 0.12418138593750001 0.8815270109375 0.11739332499999999 0.8833778078125001 0.1010258546875 0.8757286828125 0.10265172656249999 0.8726596515624999 0.1132878640625 0.8675602359375001 0.11437177812499999 0.8608365078125001 0.1078139140625 0.854811690625 0.11708156562500001 0.83922060625 0.1064182390625 0.8271378 0.10599138125 0.8185301031250001 0.096838828125
0 0.8696878734375 0.5631903046875 0.86606635 0.5649584625 0.8670249218749999 0.5757368859375 0.8723839999999999 0.56960588125 0.8696878734375 0.5631903046875
0 0.6538411390625 0.6510018828125 0.64201799375 0.6455279328125 0.6383964718749999 0.647296090625 0.6554654484375 0.6586436609375 0.6538411390625 0.6510018828125
0 0.823920084375 0.492049809375 0.8229946874999999 0.5002335437500001 0.8274283656250001 0.502286275 0.8405829859375 0.5014869328125 0.8397708312500001 0.49766604374999995 0.8275416078125 0.49028165156250003 0.823920084375 0.492049809375
0 0.8710056265624999 0.6258081140625 0.8613592875 0.6368439218749999 0.873701753125 0.6322236921875 0.87906083125 0.6260926875 0.8755525499999999 0.6158562203125 0.8672376859375 0.6206187375 0.8710056265624999 0.6258081140625
0 0.8330997281249999 0.5979236 0.837273746875 0.605023421875 0.8505747843749999 0.6111816140624999 0.85379023125 0.6075030109374999 0.851906259375 0.6049083234375 0.8392709593750001 0.5956134843750001 0.8330997281249999 0.5979236
0 0.6990232609375 0.6943122390625 0.7031972796875 0.7014120593750001 0.7101806671875 0.7029228328125 0.7123242984375 0.7004704312500001 0.7078906203125 0.6984177 0.7050480765625 0.6850445890625 0.6976586109375 0.6816233703125001 0.6900094859375 0.6832492421875 0.68624154375 0.678059865625 0.683432175 0.6836489125 0.7003547359375 0.688038946875 0.6990232609375 0.6943122390625
0 0.7754813484375 0.659091359375 0.781246503125 0.6548708000000001 0.7796221921875001 0.6472290218750001 0.7711609109374999 0.6450340046874999 0.769942678125 0.639302671875 0.7735642031250001 0.6375345125 0.782025484375 0.6397295296875 0.7812133296875 0.6359086406250001 0.7657686609375001 0.63220285 0.7601167484375 0.6244187859375 0.753945515625 0.6267289015624999 0.7534261953125 0.63682308125 0.7593377671875 0.63956005625 0.7639178624999999 0.6485703218750001 0.772785221875 0.6526757828124999 0.7754813484375 0.659091359375
0 0.317205253125 0.9102513921875 0.3075257390625 0.902325040625 0.30135450625 0.90463515625 0.318017409375 0.91407228125 0.317205253125 0.9102513921875
0 0.40984009375 0.9135239765625001 0.40769646249999997 0.9159763796875 0.412130140625 0.918029109375 0.41534558749999995 0.9143505078124999 0.4126494625 0.9079349296875 0.3980169484375 0.908050028125 0.40984009375 0.9135239765625001
0 0.341663696875 0.9250201796875 0.3517161140625 0.915894815625 0.34983214375 0.9133001265624999 0.344732728125 0.9143840421875 0.32569970625 0.93140856875 0.341663696875 0.9250201796875
0 0.3643514140625 0.9251896531250001 0.36811935625 0.9303790296875001 0.35658904375 0.93882015 0.3618348796875 0.94469376875 0.3678596953125 0.9354261203125 0.374030928125 0.9331160046875 0.36971049218749996 0.9190586484375001 0.3643514140625 0.9251896531250001
0 0.528944315625 0.8532643109375 0.5388834890624999 0.8561435718749999 0.5409138765625 0.8656957953125 0.551259128125 0.8704855 0.5504469734375 0.8666646109375 0.5406210421875 0.851780725 0.528944315625 0.8532643109375
0 0.558388934375 0.8789538078125 0.5667037968749999 0.874191290625 0.5687010124999999 0.8647813546875 0.5471182828125001 0.8823478375 0.54807685625 0.8931262609375 0.558388934375 0.8789538078125