0 0.78726293125 0.29617553124999996 0.793108034375 0.2957668015625 0.7936276375 0.28919787812500003 0.78726293125 0.29617553124999996
0 0.7728452453125 0.25798817500000004 0.7742481171875 0.25005096875 0.76892261875 0.24389077656249997 0.763077515625 0.24429950625000002 0.7582716203125 0.2315703859375 0.75562181875 0.23567523281249997 0.756349146875 0.246076515625 0.7694681140624999 0.25169173749999996 0.7728452453125 0.25798817500000004
0 0.79648400625 0.49804101406249995 0.80110806875 0.5081698109375 0.80978480625 0.50625655625 0.795938509375 0.49024005 0.7819621671875 0.5003629968750001 0.79648400625 0.49804101406249995
0 0.81879989375 0.3971851703125 0.8246449953124999 0.396776440625 0.8290613328124999 0.38993503125 0.8163060296875001 0.38952045 0.80677191875 0.40717187499999996 0.8080188500000001 0.4110042328125 0.810850484375 0.409499709375 0.81879989375 0.3971851703125
0 0.46027441874999997 0.407884015625 0.4568972875 0.40158757968750003 0.4510521859375 0.401996309375 0.4484023828125 0.406101153125 0.46027441874999997 0.407884015625
0 0.4125526578125 0.3694124734375 0.4137995890625 0.3732448328125 0.42070979062499997 0.3740681421875 0.42600939687499995 0.36585845 0.4247624640625 0.362026090625 0.4125526578125 0.3694124734375
0 0.3794045203125 0.35735871874999997 0.3749881828125 0.364200128125 0.375533678125 0.3720010921875 0.3684675375 0.382947346875 0.374312640625 0.3825386171875 0.379794078125 0.37692924687499996 0.3794045203125 0.35735871874999997
0 0.2566838546875 0.2823230359375 0.24852672031249998 0.277667365625 0.2417983515625 0.2794443765625 0.25120241718749997 0.28793240625 0.2618275203125 0.2858829078125 0.2639318265625 0.27397710000000003 0.2566838546875 0.2823230359375
0 0.3023536765625 0.26345127343749997 0.29757367343749996 0.26509204375 0.2959889703125 0.2704289265625 0.3077050671875 0.28398135625 0.3202785390625 0.28179561406250003 0.3091079390625 0.2760441515625 0.3023536765625 0.26345127343749997
0 0.15645916875000002 0.4029984890625 0.151289609375 0.3850687296875 0.14614594218750002 0.38150885625000003 0.15061406718749998 0.40340721874999996 0.1655254625 0.42065576406250005 0.164979965625 0.4128548 0.15645916875000002 0.4029984890625
0 0.25418883124999997 0.47063608749999997 0.2425245203125 0.48582343437500003 0.24377145156250002 0.48965579375 0.2496165546875 0.48924706406249996 0.254916159375 0.481037371875 0.2613067578125 0.48842960625 0.2699834953125 0.48651635156250006 0.25418883124999997 0.47063608749999997
0 0.3616614890625 0.34161469843750003 0.36233703125 0.323276209375 0.351686034375 0.3109558203125 0.352725240625 0.297817971875 0.3495299421875 0.2941218546875 0.3460227640625 0.313964871875 0.3588039609375 0.3287493375 0.357582921875 0.3392868640625 0.3616614890625 0.34161469843750003
0 0.2753360453125 0.311068659375 0.28598704375 0.3233890484375 0.284584171875 0.33132625312499997 0.28848090625 0.3310537671875 0.2918321453125 0.32298031875 0.280999315625 0.308059609375 0.28045381875 0.30025864687500003 0.2751283203125 0.29409845 0.26928321875 0.2945071796875 0.2685817828125 0.298475784375 0.27479054999999997 0.303267696875 0.2753360453125 0.311068659375
0 0.3982391234375 0.29071577656250003 0.404629721875 0.2981080109375 0.40746135624999996 0.2966034859375 0.4092278921875 0.29386692187499996 0.40372056093750003 0.2851064046875 0.391848525 0.28332354375 0.381197528125 0.27100315625000004 0.369169553125 0.280989859375 0.38192485625 0.2814044390625 0.39044565468750003 0.29126075 0.3982391234375 0.29071577656250003
0 0.24527789531250002 0.5391981343750001 0.252006265625 0.5374211234375 0.25995567343750003 0.5251065859375 0.2721913734375 0.532090090625 0.27484117656249996 0.52798524375 0.2631250796875 0.514432815625 0.253565075 0.5177143515625 0.2484473015625 0.5285243640624999 0.23587383125 0.53071010625 0.24527789531250002 0.5391981343750001
0 0.320044340625 0.3484444078125 0.31404329999999997 0.3606227015625 0.3144069640625 0.3658233453125 0.3197324625 0.37198353906250003 0.3264608328125 0.37020652656249997 0.32804553593749997 0.3648696421875 0.3237851359375 0.35994148593749997 0.3345661796875 0.3461224234375 0.3334751859375 0.3305204984375 0.3281496875 0.324360303125 0.325318053125 0.325864828125 0.3283574125 0.3413305109375 0.320044340625 0.3484444078125
0 0.42967193281249993 0.43223475625 0.433594559375 0.4463321546875 0.44388189375 0.45345190312500006 0.44302451875 0.4691900734375 0.4355947140625 0.4749356859375 0.440400609375 0.4876648046875 0.463105475 0.504368378125 0.46024794687500004 0.4915030171875 0.44338818281250003 0.4743907140625 0.450272490625 0.4608441375 0.44936333125 0.44784253281249997 0.4601443734375 0.43402346875 0.4613654125 0.4234859421875 0.44403783125 0.44168233749999997 0.42967193281249993 0.43223475625
0 0.24099218281249998 0.4219112046875 0.23319871406249998 0.4224561765625 0.22524930625 0.434770715625 0.2264962375 0.43860307656249997 0.23234134062499998 0.43819434687500003 0.2395893125 0.4298484109375 0.24579807968749998 0.434640325 0.24951298125000002 0.431767515625 0.255539915625 0.43395910937500004 0.2598262078125 0.4532571515625 0.2699317078125 0.45777657656250004 0.2624501171875 0.43478241874999995 0.2619046203125 0.42698145624999995 0.265437690625 0.42150832656250004 0.259228925 0.416716415625 0.25353976093749997 0.4053555796875 0.24769465937500001 0.405764309375 0.2415117875 0.41534228281249996 0.24099218281249998 0.4219112046875
0 0.4454665953125 0.44811501875 0.4381927296875 0.4420910671875 0.4353610953125 0.44359559375 0.44068659375 0.4497557859375 0.4454665953125 0.44811501875
0 0.5817211015625 0.6606952265625 0.58047416875 0.6568628671875001 0.5717974328125 0.6587761203125 0.5730443640625 0.66260848125 0.5817211015625 0.6606952265625
0 0.5364155234375 0.5867787421874999 0.528959825 0.5781544703125 0.529505321875 0.58595543125 0.5348308203125 0.592115628125 0.5454559234375 0.5900661296874999 0.542260625 0.5863700125 0.5364155234375 0.5867787421874999
0 0.494070465625 0.6811960546875 0.5063061656250001 0.6881795578125 0.5091378015625 0.6866750328125 0.5036304703125001 0.6779145171875001 0.49069333437499996 0.674899615625 0.494070465625 0.6811960546875
0 0.53166199375 0.5048005109375 0.522076096875 0.4937121609375 0.5160491625 0.49152056875000005 0.5242321890625 0.5105461250000001 0.5304409546875 0.5153380375000001 0.533974025 0.509864909375 0.53166199375 0.5048005109375
0 0.585097653125 0.7649805515625 0.5904231515625 0.7711407453125 0.6060100890625 0.7700508015625 0.6102704875 0.77497895625 0.6131021234375 0.7734744296875 0.6054645921875 0.7622498375 0.585097653125 0.7649805515625
0 0.5213735015625 0.6936585375 0.516255728125 0.70446855 0.5175026593750001 0.708300909375 0.5203342953125001 0.706796384375 0.53342736875 0.6980417203125 0.5252702359375 0.69338605 0.5325182093749999 0.6850401140625 0.5310894453125 0.6786074359375001 0.527192709375 0.678879921875 0.5220749375 0.6896899328125 0.5153465671874999 0.6914669453125 0.5213735015625 0.6936585375
0 0.462559978125 0.49656741406249993 0.4549224484375 0.48534282187500005 0.44694714687500003 0.48328747187500004 0.44037471562499997 0.47329491875 0.4355947140625 0.4749356859375 0.447674475 0.49368875624999997 0.463105475 0.504368378125 0.462559978125 0.49656741406249993
0 0.5745249140625 0.6977809359375 0.5704204546875 0.6810832125 0.56067861875 0.6817644281249999 0.5532488140625 0.68751004375 0.5420782125 0.681758578125 0.5424418765625 0.686959221875 0.5498975749999999 0.69558349375 0.5670692171875 0.6891566625000001 0.5745249140625 0.6977809359375
0 0.356125946875 0.71043984375 0.36976451718750003 0.7094861421875 0.3734794203125 0.706613334375 0.37628516093750003 0.690738921875 0.3817665984375 0.68512955 0.3805196671875 0.6812971921875 0.3727261984375 0.6818421640625 0.3683098609375 0.688683575 0.367088821875 0.6992211015625001 0.356125946875 0.71043984375
0 0.4228129375 0.55814010625 0.43255477343750004 0.557458890625 0.4352304703125 0.56772393125 0.440010471875 0.5660831625 0.43928314375 0.5556818796874999 0.43608784375000004 0.5519857625 0.426164175 0.5500666578125 0.4156950109375 0.540346590625 0.4093303046875 0.5473242421875 0.4091743671875 0.5590938078125001 0.4164223390625 0.5507478734375 0.4228129375 0.55814010625
0 0.5094496796875 0.6631359 0.512644978125 0.6668320171875 0.5174249796875 0.6651912484375 0.5085405187500001 0.6501342953125 0.5055011578124999 0.6346686140625 0.5125672984375 0.6237223578125 0.511138534375 0.6172896765625 0.49627892500000004 0.62878090625 0.49557748906250004 0.632749509375 0.5019680875 0.6401417406250001 0.5094496796875 0.6631359
0 0.424682465625 0.7108719765625 0.4287610328125 0.7131998109375 0.4342424703125 0.707590440625 0.431203109375 0.6921247562499999 0.4363208828125 0.68131474375 0.4355935546875 0.670913459375 0.43239825468750004 0.66721734375 0.42340964062499997 0.6926697296875 0.4259035046875 0.7003344499999999 0.424682465625 0.7108719765625
0 0.35869806875 0.6632253359375 0.3599450015625 0.6670576968749999 0.3627766359375 0.6655531703124999 0.37179114375 0.654470671875 0.37264851875 0.638732503125 0.380961590625 0.63161860625 0.385377928125 0.624777196875 0.384130996875 0.6209448359375 0.3680244546875 0.6286037046875 0.36716708124999997 0.6443418750000001 0.35869806875 0.6632253359375
0 0.40743314531249997 0.6741891453125 0.41842191250000005 0.677340290625 0.4095374515625 0.6622833359375 0.42263052500000003 0.653528671875 0.420838096875 0.6418953484375 0.4173050265625 0.647368478125 0.40384828749999996 0.6509225 0.4013803171875 0.6576276671875 0.40210764687499995 0.6680289515625 0.40743314531249997 0.6741891453125
0 0.3961071859375 0.5822183609375 0.39574352031250004 0.5770177171875 0.3884696546875 0.5709937671875001 0.37345410625 0.5942545609375001 0.373999603125 0.6020555234375 0.3793251015625 0.60821571875 0.384105103125 0.60657495 0.3961071859375 0.5822183609375
0 0.4250208171875 0.60371384375 0.43567181406250005 0.616034234375 0.436035478125 0.6212348750000001 0.44349117656250003 0.629859146875 0.4567660828125 0.6237048046875 0.45874034375 0.6379384484374999 0.4647672765625 0.640130040625 0.4663519796875 0.63479315625 0.4622734140625 0.6324653203125 0.461546084375 0.6220640359375 0.45409038749999997 0.6134397640625 0.44453038281249996 0.6167213 0.42694329062499997 0.589207715625 0.42429348750000007 0.5933125593749999 0.4250208171875 0.60371384375
0 0.2751772078125 0.8127826593749999 0.27871027812500004 0.8073095296874999 0.2772815140625 0.8008768500000001 0.2712804734375 0.8130551453124999 0.2751772078125 0.8127826593749999
0 0.2902704359375 0.832631525 0.28317840312500003 0.8292078937499999 0.2764500328125 0.83098490625 0.27964533281250004 0.834681021875 0.2902704359375 0.832631525
0 0.311727790625 0.9434916234375 0.31333838593749996 0.952524625 0.3220151234375 0.9506113703124999 0.3227165578125 0.94664276875 0.31900165625 0.9495155750000001 0.311727790625 0.9434916234375
0 0.127880409375 0.8622781937499999 0.1314134796875 0.8568050640625 0.13156941875 0.8450354984375 0.123983675 0.8625506796875 0.127880409375 0.8622781937499999
0 0.2130112875 0.819742759375 0.2098159875 0.81604664375 0.1979439515625 0.8142637796875001 0.19352761406250002 0.8211051906250001 0.1956578140625 0.8235692671875 0.1983076171875 0.8194644234374999 0.2130112875 0.819742759375
0 0.14790957968750001 0.8687167234375 0.1569240859375 0.857634225 0.1535469546875 0.8513377875 0.1530273515625 0.8579067109375 0.14401284375 0.8689892109375 0.146688540625 0.8792542515624999 0.15058527500000002 0.878981765625 0.14790957968750001 0.8687167234375
0 0.1185022375 0.86816005 0.12416550781249999 0.865151 0.1131767390625 0.86199985625 0.11247530312500001 0.8659684593750001 0.1165538703125 0.86829629375 0.1162419921875 0.891835425 0.12013872656249999 0.8915629390625 0.1185022375 0.86816005
0 0.24790006562500003 0.8146900625000001 0.25709640624999996 0.8062078828124999 0.2539011078125 0.8025117671875 0.250004371875 0.8027842546875 0.2457698671875 0.8122259843749999 0.24491249218750002 0.827964153125 0.2488092265625 0.8276916671875 0.24790006562500003 0.8146900625000001
0 0.17612293437499998 0.6982030375 0.1814484328125 0.7043632343749999 0.18217576093750001 0.7147645171875 0.184124128125 0.714628275 0.1851633359375 0.7014904265624999 0.17770763750000002 0.6928661546875 0.16973233593749998 0.6908108046875 0.16297807343749998 0.6782179296875 0.160510103125 0.684923096875 0.16300396718750002 0.6925878171875001 0.1702778328125 0.6986117671875001 0.17612293437499998 0.6982030375
0 0.1697835421875 0.8175394656250001 0.1712382 0.838342034375 0.1765636984375 0.8445022265625 0.1832920671875 0.8427252171875 0.18682513750000002 0.8372520890624999 0.1747712703125 0.8328689046875001 0.1711864140625 0.809602259375 0.1679911140625 0.8059061421875 0.156119078125 0.8041232812500001 0.15541764375 0.808091884375 0.1586129421875 0.8117880015625 0.1697835421875 0.8175394656250001
0 0.279151621875 0.8556198328125 0.267123646875 0.8656065359375 0.2735142453125 0.8729987687499999 0.2785019734375 0.8883282093749999 0.2790474703125 0.896129171875 0.2742933609375 0.912139828125 0.27961885937500003 0.9183000218749999 0.2863472296875 0.9165230109375001 0.28013846249999996 0.9117310984375001 0.284892571875 0.8957204421875 0.2789956828125 0.8673893984375001 0.283593853125 0.8631483093749999 0.29424485 0.8754686984375001 0.2970764859375 0.8739641734375001 0.284996725 0.855211103125 0.279151621875 0.8556198328125
0 0.17006255625 1 0.168691390625 0.9979153140625 0.16814589375 0.99011435 0.1732636671875 0.9793043375 0.1727181703125 0.9715033734375 0.167392671875 0.96534318125 0.1555206359375 0.9635603171874999 0.1427394390625 0.9487758515625 0.132997603125 0.9494570671875 0.12468453125000001 0.9565709625000001 0.1278798296875 0.9602670796874999 0.14133656875 0.9567130578124999 0.15411776562499999 0.971497521875 0.1659898015625 0.9732803859375 0.167418565625 0.9797130671875 0.1624826234375 0.9931234 0.16562197343750001 1 0.17006255625 1
0 0.2303123953125 0.8851653640625001 0.22147971875 0.898848184375 0.21155605 0.8969290796875 0.2080229796875 0.90240220625 0.20217787812500002 0.9028109359375 0.20002178593750003 0.8859769703125 0.19256608749999998 0.8773526984375 0.18264241875 0.8754335921875 0.1830060828125 0.8806342359375 0.194176684375 0.8863856999999999 0.196488715625 0.8914500984375 0.1949040125 0.896786984375 0.199528075 0.9069157828125001 0.209997240625 0.9166358499999999 0.20945174375 0.9088348875 0.212101546875 0.9047300406250001 0.22397358281250002 0.9065129031250001 0.23475462500000002 0.8926938390625001 0.24467829375 0.8946129453125 0.24732809687500001 0.8905080999999999 0.24005423124999997 0.8844841484374999 0.2303123953125 0.8851653640625001
0 0.2510947859375 0.916375065625 0.267590884375 0.9282867250000001 0.2708120765625 0.9463527296875001 0.283229609375 0.9559365546875 0.2885810015625 0.9764666359374999 0.2958548671875 0.9824905859375 0.30063486875 0.98084981875 0.304349771875 0.9779770125 0.30362244375 0.967575728125 0.27665717968750003 0.9459440000000001 0.2732541546875 0.925277675 0.25977152187499997 0.9144618109374999 0.253017259375 0.9018689359375 0.2503674578125 0.9059737812499999 0.2510947859375 0.916375065625