0 0.4005188859375 0.22358191718749998 0.396488771875 0.22358355468750002 0.39704463749999996 0.2267415234375 0.40012974375 0.230530103125 0.3968222171875 0.24379586562500002 0.4080509125 0.2526342453125 0.40766177187499997 0.25958243125 0.4156386375 0.25452607656250004 0.40488244531250006 0.24379258906249998 0.4077174671875 0.2324219359375 0.4005188859375 0.22358191718749998
0 0.1828658 0.008281528125 0.2046839640625 0.0177472421875 0.22119356250000002 0.0107925015625 0.2151067109375 0.0082684203125 0.206101475 0.012061915624999999 0.1842833109375 0.0025962015625 0.169274584375 0.0089186921875 0.1828658 0.008281528125
0 0.286314246875 0.11056497812499999 0.29556956562500003 0.12193071562499999 0.29620879218749996 0.1301417625 0.303879878125 0.137086671875 0.3036297953125 0.1219274390625 0.29287360156250003 0.11119395000000001 0.290733503125 0.103615153125 0.28670338906250004 0.1036167921875 0.286314246875 0.11056497812499999
0 0.1112956875 0.21990966093750003 0.1042638265625 0.22117579687500002 0.1043471890625 0.22622887500000002 0.11360250937500001 0.2375946125 0.1142417359375 0.24580565937499999 0.11938357968749999 0.2521199578125 0.1314739234375 0.25211504218749997 0.1223019640625 0.2458023828125 0.12166273593750002 0.2375913359375 0.1109065453125 0.226857846875 0.1112956875 0.21990966093750003
0 0.063462153125 0.282461359375 0.056263571874999994 0.273621340625 0.0575977203125 0.2628829375 0.053095103125 0.264779684375 0.0497042171875 0.27299236875 0.0574586625 0.2849903546875 0.065602253125 0.29004015625 0.0602379890625 0.3007801984375 0.06285059062500001 0.3064638859375 0.06735321093749999 0.304567140625 0.073189978125 0.2919319890625 0.06852063593749999 0.28372258125 0.063462153125 0.282461359375
0 0.329059434375 0.5640643437499999 0.33656379687500004 0.5609030984375 0.3419280609375 0.55016305625 0.336869578125 0.548901834375 0.32747519999999997 0.559643515625 0.3127722546875 0.5539647421875 0.30929800625000003 0.5571243499999999 0.329059434375 0.5640643437499999
0 0.41366379531249997 0.6234040078125 0.43231349375 0.624028065625 0.44804480625 0.6309696984375 0.438316984375 0.6214990703125001 0.41508130625 0.61771868125 0.40432511406250005 0.6069851921875 0.400850865625 0.6101448 0.41366379531249997 0.6234040078125
0 0.3939300328125 0.6486775875 0.3863423078125 0.6467857546875 0.3858698046875 0.6486808640625 0.3955142671875 0.6530984156249999 0.41005049062500004 0.6486710343750001 0.422696696875 0.6518240875 0.43020105937500003 0.6486628421875 0.434620315625 0.6417130171875 0.4185832203125 0.6467726484375 0.4059370140625 0.6436195953125 0.3939300328125 0.6486775875
0 0.5106355171875 0.9132868500000001 0.4984618140625 0.9082386874999999 0.49151331562499995 0.9145579015624999 0.5046320265625 0.9158158468750001 0.5128589781249999 0.925918725 0.52297594375 0.9284411671875 0.5334820515625001 0.9240154234375 0.5348995624999999 0.918330096875 0.5218642124999999 0.9221252296875001 0.5168057296875 0.920864009375 0.5106355171875 0.9132868500000001
0 0.4123008828125 0.87669176875 0.4161085765625 0.893744471875 0.4220287046875 0.8861623968749999 0.4202777484375 0.8716354140625 0.429282984375 0.8678419203125 0.4246136421875 0.8596325125 0.421695259375 0.8659500875000001 0.4122175203125 0.871638690625 0.4123008828125 0.87669176875
0 0.301597790625 0.8843164390625 0.3016811515625 0.8893695171875 0.30974137968750004 0.889366240625 0.3250835515625 0.9032560593750001 0.3382022609375 0.9045140046875 0.34634585156250003 0.9095638046875001 0.341676509375 0.901354396875 0.3265010625 0.8975707328125001 0.311158890625 0.8836809140625 0.301597790625 0.8843164390625
0 0.20957205937499998 0.924778740625 0.20451357812499998 0.9235175203124999 0.1980375828125 0.9279416250000001 0.2004834640625 0.9235191578125 0.191784009375 0.9153113890625001 0.19217315 0.908363203125 0.187670534375 0.91025995 0.18427964531250002 0.918472634375 0.189421490625 0.9247869328125 0.18247299374999998 0.9311061468749999 0.18255635312500001 0.9361592249999999 0.18761483750000002 0.9374204453124999 0.21012792500000002 0.9279367093750001 0.20957205937499998 0.924778740625
0 0.251679853125 0.9121288453125 0.242424534375 0.9007631078125 0.23736605000000002 0.8995018859374999 0.22788831250000002 0.9051904890625 0.2217180984375 0.8976133296875 0.21713211875 0.8944570000000001 0.214130375 0.8957214984374999 0.2209398140625 0.911509703125 0.238005278125 0.9077129312500001 0.2451204984375 0.911499871875 0.2430080640625 0.9361346484374999 0.2460931703125 0.9399232281250001 0.2531250296875 0.9386570921875 0.24884483125 0.9234994984375 0.251679853125 0.9121288453125
0 0.161322453125 0.778889765625 0.15857079062499999 0.795313496875 0.163712634375 0.8016277953125 0.1613501171875 0.8111033390625 0.16649196093750002 0.8174176390625 0.17130035937500002 0.803519628125 0.16560265000000002 0.794047359375 0.168437671875 0.78267670625 0.165352565625 0.778888128125 0.161322453125 0.778889765625
0 0.2367828859375 0.7725427 0.23228027031249998 0.774439446875 0.24042385937500002 0.7794892484375 0.2405072203125 0.784542325 0.22344175625 0.7883390968749999 0.220523371875 0.794656671875 0.23964557343749998 0.7933856203125 0.25015168125 0.7889598765625 0.2504574640625 0.7769586140625 0.2599352015625 0.7712700109374999 0.259851840625 0.7662169328124999 0.24681649062500002 0.770012065625 0.2413688671875 0.7756990296875 0.2367828859375 0.7725427
0 0.2908696296875 0.8142088812500001 0.2807526640625 0.8116864375 0.27427666875 0.8161105421875 0.2949831046875 0.8192603203125 0.30651758125 0.8160974359375001 0.3115760640625 0.8173586578125001 0.317746278125 0.8249358171875001 0.319719653125 0.8224084578124999 0.312993575 0.81167333125 0.30793509218750004 0.8104121093750001 0.2908696296875 0.8142088812500001
0 0.32711335625000004 0.69039291875 0.31960899375 0.6935541640625 0.3196923546875 0.6986072421875 0.3264184328125 0.70934236875 0.3219991765625 0.71629219375 0.32311090625 0.72260813125 0.333311234375 0.7301836515625 0.32864189375 0.72197424375 0.3340061578125 0.7112342015625 0.3262517109375 0.6992362140624999 0.32711335625000004 0.69039291875
0 0.288729896875 0.715042440625 0.29228750625 0.7169359109375 0.29370501718750003 0.711250584375 0.3091862484375 0.7030329859375 0.308463659375 0.6897688609375 0.300959296875 0.6929301062500001 0.30112601875 0.7030362625000001 0.2895915421875 0.7061991453124999 0.288729896875 0.715042440625
0 0.2762504125 0.7219955421875001 0.27260944062500003 0.71504899375 0.2696076953125 0.7163134921875 0.2727761640625 0.7251551484375 0.28494986718750004 0.7302033109375 0.29009171093749997 0.7365176109375 0.28820169687499997 0.7440980453125 0.29540027812499997 0.7529380640625 0.2986244421875 0.734619225 0.29095335625 0.7276743156250001 0.2762504125 0.7219955421875001
0 0.6608618296875 0.827954525 0.6482989859375 0.8298545484375 0.64443559375 0.8399623421875001 0.6495774375 0.846276640625 0.6476874234375 0.8538570765625 0.6416839328124999 0.8563860734375 0.641294790625 0.863334259375 0.65574765 0.8538538000000001 0.6509949484375 0.8405913140625 0.6528849640625001 0.8330108796875001 0.6608618296875 0.827954525
0 0.6113610671874999 0.789444675 0.608359321875 0.790709171875 0.6151687625 0.8064973765625 0.6282874734375 0.807755321875 0.6384877999999999 0.8153308421875 0.633818459375 0.8071214343750001 0.6292324796875 0.8039651046875 0.6186430109375001 0.8033377703125 0.6165029109375 0.7957589734375 0.6113610671874999 0.789444675
0 0.6063298828125 0.9119846703125001 0.6031614140625 0.9031430125 0.6089981828125001 0.8905078625 0.6059130749999999 0.8867192828125001 0.6018829625000001 0.8867209203125 0.6039397 0.8892466406249999 0.5958237765625001 0.9164104140625 0.6063298828125 0.9119846703125001
0 0.6170041796875 0.5513145078125 0.623952678125 0.54499529375 0.634542146875 0.5456226281250001 0.64702163125 0.5386695265625 0.656110228125 0.5399291093749999 0.6454373953125 0.5342486984375 0.6329579109375 0.5412018 0.6173933218750001 0.544366321875 0.6170041796875 0.5513145078125
0 0.622702621875 0.3776114890625 0.6160599046875 0.3719294390625 0.61464239375 0.377614765625 0.630929571875 0.38771436718749996 0.6491067671875 0.3902335328125 0.6603354625 0.3990719140625 0.6591403703125 0.3877028984375 0.6742324578125001 0.3864334859375 0.68315433125 0.3775869140625 0.64546579375 0.3832869859375 0.622702621875 0.3776114890625
0 0.526424359375 0.4351297703125 0.5269802234375 0.43828773906249996 0.535540621875 0.46860292656249997 0.5398765156249999 0.456600025 0.5371805515625 0.445863259375 0.5401822968750001 0.4445987609375 0.533539578125 0.4389167109375 0.54301731875 0.4332281078125 0.5399322109375 0.42943952812499997 0.526424359375 0.4351297703125
0 0.5564425421875 0.23930950312500002 0.5452972093749999 0.23552420000000002 0.5367644765625 0.2374225859375 0.5211165234374999 0.2355340296875 0.5136121625000001 0.23869527499999998 0.5117221484375001 0.2462757109375 0.5037452796874999 0.25133206406249997 0.515835621875 0.25132715 0.5177256359375 0.24374671406249998 0.52523 0.24058546875000003 0.53787620625 0.24373852343750002 0.5489381796874999 0.2424707484375 0.549021540625 0.24752382499999998 0.552579153125 0.2494172953125 0.5564425421875 0.23930950312500002
0 0.48176039218750005 0.2317601953125 0.47069841874999996 0.2330279703125 0.47156006406250006 0.224184675 0.46689072343750004 0.21597526718750001 0.44507255937499995 0.206509553125 0.4368456078125 0.196406675 0.42925788281250005 0.19451484375 0.42878537968749997 0.19640995156250002 0.44262667968749997 0.21093202031249997 0.444766778125 0.2185108171875 0.460887234375 0.21850426406249998 0.4616098234375 0.2317683875 0.4667516671875 0.23808268593749998 0.47734113593750005 0.23871002031250002 0.48784724375 0.2342842765625 0.48176039218750005 0.2317601953125
0 0.5218394796875 0.1572105109375 0.5122783796875 0.1578460359375 0.5123617390625 0.1628991140625 0.52042196875 0.1628958375 0.5245354421874999 0.1679472765625 0.534652409375 0.17046971875 0.5408226218750001 0.178046878125 0.544852734375 0.1780452390625 0.5381266578125 0.16731011093749998 0.530538934375 0.1654182796875 0.5218394796875 0.1572105109375
0 0.6722874796875 0.23799913125 0.6777351046875 0.232312165625 0.664227253125 0.23800240781249998 0.6643939734375001 0.2481085625 0.659418853125 0.25190041875 0.6715091937500001 0.251895503125 0.6722874796875 0.23799913125
0 0.6094175546875 0.27465974531250004 0.606971675 0.2790822125 0.616532775 0.2784466875 0.610835065625 0.26897441875 0.613197584375 0.259498875 0.610112478125 0.255710296875 0.6063324484375 0.27087116718750004 0.6094175546875 0.27465974531250004
0 0.6213411734375 0.2645486765625 0.6369891265625001 0.26643723124999996 0.6426034734375 0.270856421875 0.6379341328125 0.2626470140625 0.6273446640625 0.2620196796875 0.623703690625 0.25507313125 0.6181727046875001 0.25570701875 0.6213411734375 0.2645486765625
0 0.77373451875 0.40218400781249997 0.7741236609375 0.395235821875 0.7706494109375 0.398395428125 0.7640066953125 0.39271337968750003 0.7630616890625 0.39650359687500003 0.766702659375 0.4034501453125 0.77373451875 0.40218400781249997
0 0.8079491734375001 0.3080559 0.80416914375 0.3232167703125 0.797137284375 0.3244829078125 0.787492821875 0.32006535625 0.78702031875 0.3219604640625 0.802362490625 0.33585028437500003 0.8185663078125 0.3408968078125 0.8159537046875001 0.3352131203125 0.8083659796875 0.3333212875 0.8052808734375001 0.3295327078125 0.814286109375 0.3257392140625 0.8175102750000001 0.307420375 0.8079491734375001 0.3080559
0 0.7836847609375 0.394600296875 0.7842406265624999 0.397758265625 0.7972759765624999 0.39396313125 0.797109253125 0.3838569765625 0.8031127421875001 0.38132798125 0.803501884375 0.37437979375 0.799471771875 0.3743814328125 0.789049025 0.383860253125 0.7896882515625 0.3920713 0.7836847609375 0.394600296875
0 0.7398809749999999 0.548738 0.7514154515625 0.5455751156249999 0.7508595875 0.542417146875 0.7357675 0.5436865609375 0.733960846875 0.5563200734375 0.7409927046875 0.5550539359375 0.7398809749999999 0.548738
0 0.68257006875 0.5253906578125 0.6875451890625001 0.5215988015625 0.6869059625 0.51338775625 0.6933819578125 0.5089636515625 0.6981903546875 0.495065640625 0.6906859921875 0.4982268859375 0.6803466078125 0.512758784375 0.68257006875 0.5253906578125
0 0.6796232859375 0.682669946875 0.6692839015625001 0.6972018453125 0.6718965046875 0.7028855328125 0.6674772484375 0.7098353578125 0.6710348578125 0.7117288281249999 0.67600998125 0.7079369718749999 0.6767882640625 0.6940406 0.68279175625 0.691511603125 0.68712765 0.6795087015625 0.6796232859375 0.682669946875
0 0.5493258562500001 0.601873134375 0.5380138 0.587981678125 0.535012053125 0.589246175 0.5428498625 0.606297240625 0.5484642109375 0.6107164296875001 0.5493258562500001 0.601873134375
0 0.5811779921875 0.5172205703125 0.5783429703125 0.5285912234375 0.5814280765625 0.532379803125 0.5890158015625 0.5342716359375 0.5864588953125 0.5014274515625 0.578482028125 0.5064838046875 0.5785653890625 0.5115368828125 0.5811779921875 0.5172205703125
0 0.577787471875 0.43384561250000003 0.5750081453125 0.41805576875000006 0.567892925 0.414268828125 0.558887690625 0.41806232187500003 0.5646687609375001 0.4325876671875 0.58768201875 0.453422396875 0.5973264796875 0.4578399484375 0.612418565625 0.45657053437500006 0.6093334609375 0.45278195468750004 0.5936855078125001 0.4508934 0.5859310609375 0.43889541249999997 0.577787471875 0.43384561250000003
0 0.17619321875 0.5199117640625001 0.182752575 0.5205407359375 0.18164084375 0.5142247984375 0.166298671875 0.5003349796875 0.1671603171875 0.491491684375 0.15965595625 0.49465293125 0.158794309375 0.503496225 0.17619321875 0.5199117640625001
0 0.18055677812499998 0.5401224359375 0.1815017859375 0.5363322171875 0.170995678125 0.5407579609375001 0.158821975 0.5357097984375 0.15787696874999999 0.5395000171875 0.173052415625 0.5432836812499999 0.18055677812499998 0.5401224359375
0 0.1816961734375 0.578651946875 0.1865879328125 0.5698070125 0.1763876078125 0.5622314921875 0.168633159375 0.55023350625 0.155986953125 0.5470804515625 0.14981673906249998 0.53950329375 0.1442857515625 0.54013718125 0.152512703125 0.550240059375 0.16262966875 0.5527625015625001 0.1810569484375 0.5704409 0.175609321875 0.576127865625 0.165019853125 0.57550053125 0.157515490625 0.5786617765625001 0.15807135625 0.5818197453125 0.1816961734375 0.578651946875
0 0.0757173859375 0.7505008156249999 0.0686021671875 0.746713875 0.0584852 0.74419143125 0.058012696875000005 0.746086540625 0.071770634375 0.75555553125 0.0798308609375 0.7555522546875 0.0923103453125 0.748599153125 0.09848055781250001 0.7561763125 0.10092643906250001 0.7517538453125 0.0957845953125 0.7454395468749999 0.0881968703125 0.7435477140625 0.0757173859375 0.7505008156249999
0 0.083527896875 0.6437506640625 0.0790252796875 0.6456474109375 0.074689384375 0.6576503125000001 0.0911989828125 0.6506955734375001 0.0911156203125 0.6456424953125001 0.083527896875 0.6437506640625
0 0.048256842187499996 0.79598998125 0.054732834375 0.7915658765625 0.06729568124999999 0.7896658515625 0.074244178125 0.7833466375 0.074160815625 0.7782935609375 0.0456442390625 0.7903062937499999 0.0462001046875 0.7934642625 0.048256842187499996 0.79598998125
0 0.145007975 0.6449889484375 0.1409778609375 0.6449905859375 0.14058871875 0.651938771875 0.148343165625 0.6639367593750001 0.15868255 0.6494048609374999 0.1601000609375 0.643719534375 0.15495821875 0.6374052359375 0.150928103125 0.6374068734375 0.1510948265625 0.6475130296875 0.14659220781249999 0.6494097765625 0.145007975 0.6449889484375
0 0.09372785624999999 0.7429138265625 0.0856676296875 0.742917103125 0.080220003125 0.74860406875 0.0731881453125 0.7498702046875 0.0640161859375 0.7435575437499999 0.0564284625 0.7416657125 0.0554834546875 0.7454559296875 0.0667121515625 0.7542943109375 0.07682911718749999 0.7568167531250001 0.086862721875 0.75428611875 0.0893086 0.7498636515625 0.0980080546875 0.7580714203125 0.10203816875 0.7580697828125 0.0993422046875 0.7473330171875 0.09372785624999999 0.7429138265625
0 0.048506926562500004 0.8111492140625 0.0485902875 0.8162022906249999 0.052231259375000005 0.8231488390624999 0.06329323125 0.8218810640624999 0.0724651890625 0.828193725 0.07491107031250001 0.8237712578125 0.0712700984375 0.8168247093750001 0.0832770796875 0.8117667171875 0.0534820484375 0.8073573578125 0.048506926562500004 0.8111492140625
0 0 0.7609234203125 0.0053987968749999995 0.76316218125 0.01020719375 0.74926416875 0.0009518749999999999 0.73789843125 0 0.737503709375 0 0.7609234203125
0 0 0.6853252546874999 0.0005907625 0.6854725484374999 0.0037592312500000003 0.6943142046874999 0.013236971875 0.6886256015625001 0.02257565 0.7050444171875 0.0332484828125 0.710724828125 0.036972815625 0.722724453125 0.046061412499999996 0.7239840375 0.0413087109375 0.7107215515624999 0.03055251875 0.6999880625 0.0294407875 0.693672125 0.012597743750000001 0.6804145562499999 0 0.678364934375 0 0.6853252546874999
0 0.195427546875 0.281144434375 0.19945765937499998 0.28114279531249997 0.2033210515625 0.2710350015625 0.1958166890625 0.2741962484375 0.195427546875 0.281144434375
0 0.42792336875 0.296840890625 0.43615031875000004 0.30694376874999996 0.4401804328125 0.3069421296875 0.4298133828125 0.28926045624999996 0.42792336875 0.296840890625
0 0.2053774234375 0.36514836562499997 0.20979667656249998 0.358198540625 0.20671157187500003 0.3544099609375 0.19453786875 0.34936179843750004 0.1935928609375 0.3531520171875 0.20134730781250001 0.365150003125 0.2053774234375 0.36514836562499997
0 0.2216929984375 0.224286253125 0.2352008515625 0.2185960125 0.22208214062499998 0.21733806718749998 0.214577778125 0.22049931250000002 0.213243628125 0.23123771718750002 0.222804728125 0.23060219062499998 0.2216929984375 0.224286253125
0 0.243538828125 0.265965540625 0.2428996015625 0.2577544953125 0.2336442828125 0.2463887578125 0.229141665625 0.24828550468750002 0.22969753124999998 0.2514434734375 0.236979475 0.26533656875 0.243538828125 0.265965540625
0 0.40629995625 0.23810726249999997 0.40566073124999996 0.229896215625 0.40004638281249993 0.2254770265625 0.39704463749999996 0.2267415234375 0.40012974375 0.230530103125 0.3968222171875 0.24379586562500002 0.4019640625 0.2501101640625 0.40955178593749997 0.2520019953125 0.41066351718750005 0.258317934375 0.4156386375 0.25452607656250004 0.4023532046875 0.24316197812499998 0.40629995625 0.23810726249999997
0 0.3221400671875 0.2362465578125 0.3151082078125 0.23751269531250002 0.31321819375 0.2450931296875 0.3198609109375 0.2507751796875 0.3184433984375 0.25646050625 0.314413284375 0.2564621453125 0.3077705671875 0.2507800953125 0.3068255609375 0.2545703125 0.319082625 0.264671553125 0.320750221875 0.274145459375 0.3273095765625 0.27477443125 0.3322013359375 0.265929496875 0.32808786093750003 0.2608780578125 0.3279211390625 0.25077190312500003 0.321750925 0.2431947453125 0.3221400671875 0.2362465578125
0 0.844137203125 0.211400434375 0.8493624093750001 0.22276781093750003 0.8559217640625001 0.2233967828125 0.8450822109375 0.207610215625 0.844137203125 0.211400434375
0 0.7623121671875001 0.1678506125 0.7653139125 0.16658611406249998 0.76222880625 0.1627975359375 0.7577261890625 0.1646942828125 0.7573370453125 0.17164246875 0.77053911875 0.17795349062500002 0.7623121671875001 0.1678506125
0 0.8286283093750001 0.18740446093750002 0.8155929609375001 0.19119959375 0.816148825 0.1943575609375 0.8212073078125 0.1956187828125 0.845777134375 0.1886607671875 0.8286283093750001 0.18740446093750002
0 0.8083110171874999 0.177306496875 0.8071992859374999 0.17099055937500002 0.82126300625 0.1684582875 0.8191229046874999 0.1608794890625 0.8096451671875 0.16656809374999998 0.8030858109375 0.1659391203125 0.800806653125 0.1804677421875 0.8083110171874999 0.177306496875
0 0.628845903125 0.1697997875 0.6211748171875 0.162854878125 0.6235373359375 0.153379334375 0.6163387546875 0.144539315625 0.6153937468749999 0.1483295328125 0.61770056875 0.166014484375 0.628845903125 0.1697997875
0 0.6136427890625 0.13380255000000002 0.6040816890625 0.134438075 0.598161559375 0.1420201484375 0.625260628125 0.13569274375 0.62912401875 0.12558495 0.6136427890625 0.13380255000000002