0 0.2861328125 0.479627403125 0.2783203125 0.487447415625 0.271484375 0.4887507515625 0.2744140625 0.4926607578125 0.283203125 0.491357421875 0.2861328125 0.487447415625 0.3017578125 0.4900540859375 0.30859375 0.48353740937499995 0.2861328125 0.479627403125
0 0.94921875 0.4340106671875 0.9423828125 0.43792067343749996 0.9287109375 0.4353140015625 0.9208984375 0.4431340140625 0.9130859375 0.4431340140625 0.91015625 0.44965069062499996 0.9140625 0.44965069062499996 0.9228515625 0.44834735625000005 0.9287109375 0.4431340140625 0.9443359375 0.4431340140625 0.94921875 0.4340106671875
0 0.9365234375 0.2815204328125 0.9326171875 0.2815204328125 0.931640625 0.2854304390625 0.935546875 0.29325045156249996 0.9404296875 0.29976712656250004 0.943359375 0.2984637921875 0.953125 0.2854304390625 0.9482421875 0.284127103125 0.9404296875 0.28934044375 0.9365234375 0.2815204328125
0 0.6318359375 0.9331881015624999 0.6259765625 0.9331881015624999 0.6162109375 0.9410081140625 0.6044921875 0.9357947718749999 0.59765625 0.9397047781250001 0.5986328125 0.943614784375 0.6123046875 0.948828125 0.62109375 0.9475247890625 0.6279296875 0.9410081140625 0.6357421875 0.946221453125 0.640625 0.9449181187500001 0.6318359375 0.9331881015624999
0 0.6083984375 0.7376878 0.60546875 0.7546311593749999 0.6123046875 0.7689678484375 0.6171875 0.7676645140625 0.6171875 0.7598445015624999 0.611328125 0.7520244890625001 0.611328125 0.7415978062499999 0.6083984375 0.7376878
0 0.4873046875 0.909728065625 0.4765625 0.9266714234375 0.478515625 0.9475247890625 0.4833984375 0.954041465625 0.48828125 0.95273813125 0.486328125 0.9397047781250001 0.490234375 0.9344914359375001 0.4912109375 0.909728065625 0.4873046875 0.909728065625
0 0.1181640625 0.5995342546875 0.1103515625 0.6073542671875 0.1005859375 0.6099609375 0.0927734375 0.622994290625 0.0859375 0.626904296875 0.0888671875 0.630814303125 0.09375 0.6295109671875 0.1064453125 0.615174278125 0.1181640625 0.6125676078125 0.12109375 0.6008375906250001 0.1181640625 0.5995342546875
0 0.177734375 0.32713716875 0.1748046875 0.325833834375 0.169921875 0.3401705234375 0.18359375 0.35320387656249996 0.185546875 0.37145057187499997 0.189453125 0.37145057187499997 0.189453125 0.35320387656249996 0.1826171875 0.3414738578125 0.17578125 0.3375638515625 0.177734375 0.32713716875
0 0.4541015625 0.25806039687500004 0.451171875 0.261970403125 0.458984375 0.26718374375 0.455078125 0.28282376875000004 0.4638671875 0.29716045625 0.466796875 0.295857121875 0.4609375 0.28282376875000004 0.462890625 0.26718374375 0.4599609375 0.2606670671875 0.4541015625 0.25806039687500004
0 0.12109375 0.7911245484375 0.12890625 0.80155123125 0.130859375 0.8119779140625001 0.1357421875 0.8184945906250001 0.1474609375 0.8184945906250001 0.15234375 0.822404596875 0.1494140625 0.81328125 0.1396484375 0.81328125 0.1279296875 0.7898212140624999 0.12109375 0.7911245484375
0 0.2197265625 0.46659405 0.2109375 0.4731107265625 0.20703125 0.48093073906250006 0.20703125 0.491357421875 0.2021484375 0.4978740984375 0.1953125 0.49917743437500006 0.2001953125 0.5056941109374999 0.203125 0.504390775 0.2109375 0.49917743437500006 0.212890625 0.48093073906250006 0.220703125 0.47050405624999997 0.2197265625 0.46659405
0 0.53515625 0.308890475 0.5380859375 0.318013821875 0.5498046875 0.3206204921875 0.5595703125 0.333653846875 0.56640625 0.33495718124999996 0.568359375 0.329743840625 0.5634765625 0.32844050468749997 0.5517578125 0.31019380937499996 0.53515625 0.308890475
0 0.6298828125 0.344080528125 0.6357421875 0.3362605171875 0.6435546875 0.333653846875 0.6494140625 0.3466872 0.658203125 0.347990534375 0.6455078125 0.325833834375 0.6337890625 0.32844050468749997 0.62890625 0.3375638515625 0.6298828125 0.344080528125
0 0.7880859375 0.4718073921875 0.7822265625 0.4718073921875 0.775390625 0.47832406875 0.7880859375 0.479627403125 0.7958984375 0.4900540859375 0.806640625 0.4887507515625 0.818359375 0.48353740937499995 0.8154296875 0.479627403125 0.7978515625 0.48223407500000004 0.7880859375 0.4718073921875
0 0.73046875 0.439224009375 0.728515625 0.4470440203125 0.73046875 0.457470703125 0.716796875 0.47050405624999997 0.716796875 0.48353740937499995 0.720703125 0.48353740937499995 0.720703125 0.4757173984375 0.734375 0.4600773734375 0.7333984375 0.43792067343749996 0.73046875 0.439224009375
0 0.76171875 0.45225736093749996 0.7587890625 0.44834735625000005 0.7578125 0.47050405624999997 0.74609375 0.48093073906250006 0.7490234375 0.487447415625 0.751953125 0.48614408124999997 0.751953125 0.48093073906250006 0.7568359375 0.479627403125 0.763671875 0.46789738593749997 0.76171875 0.45225736093749996
0 0.720703125 0.37666391250000003 0.720703125 0.38448392343750004 0.712890625 0.397517278125 0.712890625 0.4079439609375 0.716796875 0.41055063125 0.716796875 0.4001239484375 0.724609375 0.389697265625 0.7275390625 0.37275390625 0.720703125 0.37666391250000003
0 0.26171875 0.6008375906250001 0.271484375 0.6138709437500001 0.271484375 0.6216909562499999 0.279296875 0.63993765 0.283203125 0.63993765 0.27734375 0.6242976265625 0.275390625 0.6086576015625 0.2626953125 0.596927584375 0.26171875 0.6008375906250001
0 0.310546875 0.6581843453125 0.3125 0.6503643328125001 0.310546875 0.6321176390625001 0.31640625 0.6242976265625 0.3154296875 0.6203876203124999 0.3115234375 0.6203876203124999 0.306640625 0.6321176390625001 0.306640625 0.6503643328125001 0.3017578125 0.65166766875 0.2890625 0.66600435625 0.2958984375 0.6673076921875001 0.3056640625 0.6620943515625 0.3115234375 0.672521034375 0.31640625 0.67382436875 0.3212890625 0.672521034375 0.32421875 0.66600435625 0.3134765625 0.664701021875 0.310546875 0.6581843453125
0 0.3515625 0.533064153125 0.361328125 0.5434908359375 0.3662109375 0.5656475359375001 0.3779296875 0.5708608765625 0.3828125 0.5695575421875 0.3671875 0.5565241890625 0.3671875 0.5408841640625 0.3623046875 0.5343674890625 0.3515625 0.533064153125
0 0.4130859375 0.5187274640624999 0.4140625 0.5148174578125 0.4111328125 0.5109074515625001 0.4052734375 0.5109074515625001 0.4013671875 0.5161207937500001 0.3876953125 0.5161207937500001 0.380859375 0.5226374703125 0.3818359375 0.5265474765625 0.384765625 0.525244140625 0.3896484375 0.521334134375 0.3994140625 0.52394080625 0.4052734375 0.5187274640624999 0.4130859375 0.5187274640624999
0 0.2548828125 0.406640625 0.251953125 0.423583984375 0.23828125 0.4366173375 0.23828125 0.4470440203125 0.2421875 0.44965069062499996 0.2421875 0.439224009375 0.2529296875 0.43270733124999994 0.2578125 0.423583984375 0.2548828125 0.406640625
0 0.25390625 0.7520244890625001 0.240234375 0.736384465625 0.23828125 0.7259577828125 0.2353515625 0.724654446875 0.234375 0.7337777937500001 0.224609375 0.7468111484375 0.2294921875 0.7533278250000001 0.2373046875 0.7429011421875 0.24609375 0.74941781875 0.24609375 0.7546311593749999 0.2392578125 0.758541165625 0.234375 0.7676645140625 0.23828125 0.7833045375000001 0.2421875 0.7833045375000001 0.240234375 0.7676645140625 0.2490234375 0.7637545078125 0.25390625 0.75723783125 0.25390625 0.7520244890625001
0 0.365234375 0.8276179390625 0.3701171875 0.8341346156249999 0.376953125 0.8328312796875 0.3896484375 0.8028545671874999 0.376953125 0.8171912562499999 0.3740234375 0.826314603125 0.365234375 0.8276179390625
0 0.5458984375 0.6568810093749999 0.541015625 0.66600435625 0.544921875 0.6790377109375 0.53515625 0.6920710640625 0.5380859375 0.6933743984375 0.5439453125 0.6881610578124999 0.5517578125 0.6933743984375 0.5615234375 0.7090144234375 0.5712890625 0.71162109375 0.583984375 0.7233511109374999 0.5771484375 0.7064077515625 0.5673828125 0.70380108125 0.55078125 0.6842510515625 0.5458984375 0.6568810093749999
0 0.56640625 0.60605093125 0.57421875 0.6164776140625 0.572265625 0.634724309375 0.5771484375 0.6412409859375 0.580078125 0.63993765 0.578125 0.634724309375 0.580078125 0.6138709437500001 0.5693359375 0.596927584375 0.56640625 0.60605093125
0 0.4677734375 0.716834434375 0.453125 0.720744440625 0.4560546875 0.7272611171875 0.4677734375 0.724654446875 0.4814453125 0.7376878 0.494140625 0.7415978062499999 0.49609375 0.736384465625 0.4931640625 0.732474459375 0.4794921875 0.7298677890625 0.4677734375 0.716834434375
0 0.1552734375 0.4848407453125 0.146484375 0.49396409218750004 0.146484375 0.5122107875 0.138671875 0.5148174578125 0.1435546875 0.521334134375 0.1484375 0.5200307984375 0.15234375 0.5148174578125 0.150390625 0.4965707640625 0.15625 0.4887507515625 0.1552734375 0.4848407453125
0 0.3095703125 0.909728065625 0.306640625 0.9110314 0.30859375 0.9266714234375 0.302734375 0.93709810625 0.302734375 0.95273813125 0.306640625 0.957951471875 0.30859375 0.9423114484375 0.31640625 0.931884765625 0.31640625 0.9214580828125 0.3095703125 0.909728065625
0 0.36328125 0.9188514124999999 0.3671875 0.9188514124999999 0.36328125 0.890178034375 0.3564453125 0.8784480171875 0.345703125 0.897998046875 0.345703125 0.9032113890625 0.3515625 0.9110314 0.349609375 0.93709810625 0.3525390625 0.9410081140625 0.35546875 0.9397047781250001 0.357421875 0.9136380718750001 0.3603515625 0.909728065625 0.365234375 0.9162447406249999 0.36328125 0.9188514124999999