0 0.47625548906250004 0.7156658921875 0.47255937187499997 0.71247059375 0.47624963749999993 0.6970654875 0.47022568593749997 0.689791621875 0.464758409375 0.711925096875 0.47201440000000006 0.7202640625 0.47283770937499997 0.7271742640625 0.47694255625000004 0.7245244625 0.47625548906250004 0.7156658921875
0 0.47208795468750003 0.0839535484375 0.47838439218750006 0.0873306796875 0.4786568796875 0.08343394531250001 0.47796981406250005 0.07457537656249999 0.47317790000000004 0.068366609375 0.47426784531250005 0.052779671875 0.46550732968749997 0.047272340625 0.4689309609375 0.054364375 0.46537693593749996 0.0678211140625 0.472632928125 0.0761600796875 0.47208795468750003 0.0839535484375
0 0.33097770625 0.0466756375 0.3298819109375 0.0436621703125 0.317561521875 0.0330111734375 0.315920753125 0.0377911765625 0.320576421875 0.045948309375 0.3125029734375 0.049299546875 0.31223048750000004 0.053196282812499995 0.316062846875 0.0544432140625 0.324136296875 0.051091976562499995 0.33097770625 0.0466756375
0 0.945445834375 0.43325389062499997 0.9494144375 0.43255245468750003 0.95556878125 0.4192775484375 0.9548817140624999 0.41041897968749996 0.9488577640625 0.40314511406250003 0.9546033765624999 0.395715309375 0.953643825 0.390753475 0.9413292875 0.3987028828125 0.9409205578125001 0.404547984375 0.94804030625 0.4148353171875 0.9420222046875001 0.42616185624999997 0.945445834375 0.43325389062499997
0 0.7673861203125 0.4012237984375 0.759176428125 0.40652340468750003 0.74877514375 0.40579607500000003 0.7446702968750001 0.40844587812500005 0.76136801875 0.4125503390625 0.7761466359375 0.4067311296875 0.7751870828125 0.40176929531249994 0.7673861203125 0.4012237984375
0 0.950817825 0.54327161875 0.937679978125 0.5443108265625 0.9327518203125 0.5400504265625 0.9081168953125 0.5373488375 0.9078444078125001 0.541245571875 0.9239971562499999 0.5531435015625 0.9449359671875 0.5526497906250001 0.9517773765624999 0.548233453125 0.950817825 0.54327161875
0 0.597711625 0.9219062609374999 0.6018164703125 0.9192564578125 0.6008569171875 0.9142946234375 0.5874407328125 0.9006301593750001 0.5856578703124999 0.8887581234375 0.5741607921874999 0.8850173281249999 0.5726562656249999 0.8878489625 0.57991225625 0.896187928125 0.5818313609375 0.906111596875 0.59428799375 0.9148142265624999 0.597711625 0.9219062609374999
0 0.34982857031250003 0.8047199781250001 0.35010105625 0.80082324375 0.331898809375 0.79955041875 0.3197205140625 0.8055514593750001 0.31534318125 0.812097996875 0.305078140625 0.8094222999999999 0.303573615625 0.8122539359375001 0.3175347734375 0.8181249312500001 0.3314900796875 0.8053955203125 0.34982857031250003 0.8047199781250001
0 0.295134065625 0.5218954234375001 0.2940382703125 0.51888195625 0.2806279375 0.523817896875 0.265162253125 0.5207785375 0.2584570859375 0.5232465078125 0.2554480359375 0.528909778125 0.259144153125 0.5321050765625001 0.2648897671875 0.524675271875 0.2802192078125 0.529663 0.295134065625 0.5218954234375001
0 0.793126871875 0.8738973546875 0.7973679609375 0.8692991843750001 0.7880624734375 0.8715853234375001 0.7873812578125 0.8813271593750001 0.7631609109374999 0.8913808734374999 0.7639842203125 0.898291075 0.7749304765625 0.891224934375 0.785468003125 0.8900038968749999 0.7923094125000001 0.8855875578125 0.793126871875 0.8738973546875
0 0.47710220156250005 0.796977715625 0.4779255125 0.8038879171875 0.48476692187500003 0.7994715796875 0.48367112656250005 0.7964581125 0.4790154578125 0.7883009796875 0.460949453125 0.7850797859374999 0.4510931421875 0.7765589890625 0.44712453906249994 0.7772604234375 0.453012246875 0.7864826578125 0.46054072343749997 0.7909248890625 0.47094200781250006 0.7916522171875 0.47710220156250005 0.796977715625
0 0.3399914828125 0.42224270781250006 0.33492708437499996 0.419930675 0.333286315625 0.424710678125 0.31426661093749997 0.43512805625000006 0.311808384375 0.4515982625 0.321113871875 0.4493121234375 0.32453165156249997 0.43780375156250007 0.3382144734375 0.4289710765625 0.3399914828125 0.42224270781250006
0 0.3593965140625 0.33157860625 0.33640820625 0.3426974203125 0.33819106875 0.35456945625 0.3469515828125 0.3600767859375 0.3535205078125 0.35955718281250004 0.346128275 0.353166584375 0.3440729265625 0.3451912828125 0.3574832609375 0.3402553421875 0.3593965140625 0.33157860625
0 0.5107191453125 0.2041285640625 0.5101683234375 0.193321628125 0.5057851390625 0.18126776093750002 0.5016802921875 0.1839175625 0.5030544265625 0.2016347 0.4919719265625 0.21064920781250002 0.49156319843749996 0.2164943109375 0.4975871484375 0.2237681765625 0.4997728890625 0.2111947046875 0.5107191453125 0.2041285640625
0 0.498700496875 0.282582859375 0.4989729828125 0.278686125 0.49117202187500003 0.27814062812499996 0.476523796875 0.2634110640625 0.454352946875 0.262839675 0.45544874375 0.2658531421875 0.46311346249999996 0.2683470046875 0.4736509890625 0.26712596718750004 0.48569889218749995 0.2816736984375 0.498700496875 0.282582859375
0 0.504848990625 0.250707546875 0.5037531953125 0.2476940796875 0.498552553125 0.24733041562500002 0.4975929984375 0.24236858125 0.48636840625 0.2347310515625 0.4706302375 0.235588425 0.4665253921875 0.238238228125 0.48855999843750003 0.24075798593750003 0.4981438234375 0.2531755171875 0.504848990625 0.250707546875
0 0.4258915109375 0.277491559375 0.4154902265625 0.27676422968750003 0.405633915625 0.26824343281249996 0.38893619375 0.264138971875 0.392359825 0.27123100624999996 0.40016078593750004 0.271776503125 0.41261742031250004 0.2804791328125 0.42301870468749997 0.2812064609375 0.4258915109375 0.277491559375
0 0.6244737828125 0.726030325 0.6084631296875 0.7307844343750001 0.592724959375 0.731641809375 0.5801379359375 0.7434879515625 0.5839702953125 0.744734884375 0.597653115625 0.7359022078125 0.6054540796875 0.7364477046875 0.624201296875 0.7299270609375 0.6244737828125 0.726030325
0 0.6072193875 0.692518525 0.6069469015625 0.6964152593749999 0.6183077390625 0.702104421875 0.6365099843750001 0.7033772468749999 0.6374695375 0.70833908125 0.650885721875 0.7220035453125 0.652662734375 0.7152751765625001 0.6481433078125 0.7051696749999999 0.658953321875 0.7000519015625 0.6605940890625 0.6952719 0.6596345375 0.6903100656250001 0.6533380984375 0.6869329343749999 0.6512886015625 0.6975580390625 0.644583434375 0.7000260093749999 0.6369187140625 0.6975321453125 0.618580225 0.6982076875 0.6111879906250001 0.6918170890625001 0.6072193875 0.692518525
0 0.5612135171875 0.6217541265625 0.5471219671875 0.636431903125 0.531520040625 0.6353409109375 0.5246786328125 0.6397572484375 0.522629134375 0.650382353125 0.5337116328125 0.6413678453125 0.55615496875 0.6380425 0.5621730687500001 0.6267159609374999 0.5612135171875 0.6217541265625
0 0.509201246875 0.599517078125 0.5082475453125 0.6131556484375 0.514271496875 0.6204295140625 0.5182401 0.6197280796875 0.517144303125 0.6167146125 0.5135844296875 0.6115709453125 0.5168659671875 0.6020109421875001 0.5120740546875 0.595802175 0.5126190265624999 0.58800870625 0.508786665625 0.5867617734375 0.5046818203125001 0.5894115765625 0.504273090625 0.5952566781249999 0.509201246875 0.599517078125
0 0.4317892484375 0.7536722921875 0.42138796562499997 0.7529449625 0.4156364984375 0.7417743625 0.40687598437499994 0.7362670312499999 0.38976953281250004 0.7380076734375 0.4064672546875 0.7421121328125 0.4185151578125 0.756659865625 0.428916440625 0.75738719375 0.4317892484375 0.7536722921875
0 0.714679259375 0.781285465625 0.72699965 0.7919364625 0.733841059375 0.787520125 0.7239847484374999 0.7789993265625 0.7310986453125 0.7706862546875 0.7362992859374999 0.77104991875 0.7397229171874999 0.778141953125 0.7484834328125001 0.7836492828125 0.7643578453125001 0.7808435421875 0.76463033125 0.7769468078124999 0.7488921625 0.77780418125 0.745604775 0.76876378125 0.73944458125 0.76343828125 0.7342439374999999 0.7630746171875 0.7176883109375 0.7756221953125 0.707150784375 0.776843234375 0.7056462578125 0.77967486875 0.714679259375 0.781285465625
0 0.807835278125 0.6448732828125 0.8167320359374999 0.6484322453125 0.817419103125 0.6572908156249999 0.8242605140625001 0.6528744765625001 0.823437203125 0.6459642750000001 0.7944190921875001 0.63120881875 0.807835278125 0.6448732828125
0 0.6955600890625 0.4754959546875 0.6907681765625 0.4692871875 0.696513790625 0.4618573828125 0.7127969328125 0.4532065390625 0.7160784687499999 0.44364653593750003 0.7286654921875 0.43180039218750005 0.7112865562499999 0.43743776875 0.70800501875 0.4469977734375 0.687344546875 0.46219515468749994 0.65970056875 0.465156834375 0.6684610828124999 0.470664165625 0.681735175 0.4676765921875 0.6940555640625 0.4783275890625 0.6955600890625 0.4754959546875
0 0.6451827359375 0.4298784984375 0.6398458515625001 0.43146320156250006 0.619179528125 0.42806017656249995 0.6015281046875 0.43759428749999996 0.6104248625 0.44115325156249996 0.6213711187500001 0.43408711093749996 0.6394371234375 0.437308303125 0.6462785328125 0.432891965625 0.6451827359375 0.4298784984375
0 0.7358144953125 0.5350897515625 0.74060055625 0.5226981125 0.7355361593749999 0.5203860812500001 0.7314313125 0.523035884375 0.7278772906250001 0.5364926234375 0.7140582249999999 0.547273665625 0.7169368828125 0.5621591687499999 0.72364205 0.5596911984374999 0.7218591890625 0.5478191625 0.7358144953125 0.5350897515625
0 0.496417796875 0.8570652234375 0.49545824375 0.8521033890625 0.4905300890625 0.847842990625 0.47219160000000004 0.8485185328125 0.46479936562499996 0.8421279343749999 0.4608307625 0.8428293703125 0.46931879218750006 0.852233434375 0.4875210390625 0.8535062609375 0.4895763875 0.8614815609375001 0.496417796875 0.8570652234375
0 0.9378747296875 0.7283665109374999 0.94334785625 0.724833440625 0.927882175 0.72179408125 0.9180258640625001 0.7132732828125 0.9076245796875 0.7125459546874999 0.895446284375 0.7185469953125 0.8965420796875 0.7215604625 0.9122802484375001 0.7207030875 0.922272803125 0.72727551875 0.9378747296875 0.7283665109374999
0 0.8862653375 0.68168395625 0.89146598125 0.6820476203125 0.899675671875 0.6767480140625 0.9255426375000001 0.680514703125 0.9296474859374999 0.6778649015625 0.9285516890625001 0.6748514343750001 0.9026847234375 0.6710847453125 0.89898860625 0.6678894453125 0.9058300140625001 0.6634731078125 0.90829409375 0.6656033078125 0.9085665796875 0.6617065734375001 0.8796905625000001 0.663603153125 0.86751226875 0.6696041953125 0.8862653375 0.68168395625