0 0.3700814078125 0.5568721296875 0.37970906718749997 0.564861384375 0.3768935578125 0.5582945687499999 0.3700814078125 0.5568721296875
0 0.32221774375 0.44523628750000005 0.317085465625 0.459485575 0.3131343171875 0.4620236765625 0.3140424921875 0.4659501296875 0.31894730781249997 0.464732209375 0.325078746875 0.44919682656250004 0.32221774375 0.44523628750000005
0 0.2996919890625 0.44875369843749996 0.30564145625 0.4436434125 0.30473328125 0.43971695781250003 0.2959228109375 0.44086670625 0.2917442 0.4564361734375 0.29265237499999996 0.46036262812500006 0.2956043625 0.45911062031250005 0.2996919890625 0.44875369843749996
0 0.32548650156250003 0.48179229218749997 0.32053619375000003 0.4856164859375 0.316403075 0.49857967968750005 0.3104081140625 0.506296240625 0.314222784375 0.5115769609374999 0.326303690625 0.49093129218750003 0.32548650156250003 0.48179229218749997
0 0.26663375624999996 0.32825155 0.2742630953125 0.3388129921875 0.27253773125 0.32574753749999996 0.28048551875 0.3180650625 0.280667490625 0.3076399671875 0.27594464531249996 0.29843279375 0.272038990625 0.2983646203125 0.274718021875 0.3127502546875 0.2687685546875 0.3178605421875 0.26663375624999996 0.32825155
0 0.2713043921875 0.5642727062499999 0.26821592656250004 0.573343534375 0.244236084375 0.604209778125 0.245144259375 0.6081362312499999 0.2520019015625 0.6069523984375 0.27198510468750003 0.581230528125 0.2713043921875 0.5642727062499999
0 0.35754893125 0.4914766796875 0.363589384375 0.48115384531250005 0.363862340625 0.4655162046875 0.373899434375 0.45004899531250003 0.3711749109375 0.438269634375 0.35809484375 0.4602013953125 0.3577763953125 0.4784453125 0.35368876875 0.4888022328125 0.35754893125 0.4914766796875
0 0.776769953125 0.5352931578125 0.7701397734375 0.5234456234375 0.769049628125 0.5299442640625001 0.7738179656249999 0.536545165625 0.776769953125 0.5352931578125
0 0.7413949515625 0.43560711249999995 0.738624934375 0.42643402343750003 0.731585321875 0.4380429515625 0.7324934953125 0.44196940625 0.7354454828125 0.4407173984375 0.7364901359375 0.43682503125 0.7413949515625 0.43560711249999995
0 0.6243584203125 0.5378469406249999 0.622496578125 0.53260030625 0.6246768687500001 0.519603025 0.6276743484375 0.5157447453125 0.629581684375 0.51838510625 0.6296726687499999 0.5131725578124999 0.6208621984375 0.5143223046875 0.620452765625 0.5377787671875 0.6243584203125 0.5378469406249999
0 0.7549265875 0.49971646718749996 0.7519291078125 0.5035747484375 0.7517471359375001 0.513999840625 0.7546081390625 0.517960384375 0.7692315984375 0.5195191703125001 0.7586047796875001 0.512816009375 0.7549265875 0.49971646718749996
0 0.6691403328125001 0.434345903125 0.667278490625 0.42909926875000004 0.669322303125 0.4239208078125 0.6664613015625 0.41996026718749996 0.6574688609375 0.43153510937500006 0.6573323828125 0.4393539296875 0.6612380375 0.43942210312499996 0.6691403328125001 0.434345903125
0 0.8225459890625 0.5986618078125 0.8148711578125001 0.590706640625 0.8131912859374999 0.5750349124999999 0.8046082796875 0.5631532890625001 0.80065713125 0.5656913890624999 0.8111474734374999 0.5802133734375 0.810920009375 0.593244740625 0.8176411734375 0.5998797296875 0.8225459890625 0.5986618078125
0 0.65583448125 0.41325710625 0.6539726390625 0.40801047187500006 0.6561529296875 0.395013190625 0.641711440625 0.383029309375 0.6387139609375 0.3868875890625 0.6385774828125 0.394706409375 0.651202621875 0.398837384375 0.6499759984375 0.41315484687500004 0.65583448125 0.41325710625
0 0.6611891875 0.55413223125 0.657192546875 0.5592766046875 0.6610982015625 0.559344778125 0.6699996578125 0.5529824828125001 0.6876205984375 0.550682990625 0.695386415625 0.5534256109375 0.6984293874999999 0.546961059375 0.68961891875 0.54811080625 0.6838969140625 0.5401897234375 0.6603719984375 0.5449932296875 0.6611891875 0.55413223125
0 0.6735868640625 0.5712945734375 0.6813071890625 0.57664346875 0.683305509375 0.5740712796875 0.695976140625 0.57559598125 0.6960671265625 0.5703834343749999 0.6893914546875 0.561142171875 0.6853948140624999 0.566286546875 0.673768834375 0.560869478125 0.661052709375 0.5619510515624999 0.6609617234375 0.5671636 0.6676828890625 0.5737985859375 0.6735868640625 0.5712945734375
0 0.5662740140625 0.5081553296875 0.569135015625 0.51211586875 0.57403983125 0.5108979484375 0.5810794453125 0.499289021875 0.5927509171875001 0.5020998156250001 0.5997450375 0.4930971609375 0.5998360234375 0.48788461562499996 0.5793540796875 0.48622356718750004 0.5723599593750001 0.49522622031249997 0.5702251609375 0.505617228125 0.5662740140625 0.5081553296875
0 0.614324684375 0.441210296875 0.612007915625 0.46202639687499997 0.6186835875 0.47126765937500004 0.6264494046875 0.4740102796875 0.62726659375 0.48314928124999995 0.63112675625 0.485823728125 0.63317056875 0.4806452671875 0.633307046875 0.472826446875 0.6295378703125001 0.46493945156249994 0.63167266875 0.45454844375 0.6219540234375 0.45177173593750003 0.6261781265625 0.43359599531250004 0.6234990953125 0.41921035937499995 0.614324684375 0.441210296875
0 0.5916152796875 0.5112047296875 0.5838494609375 0.5084621109375 0.5876186390625 0.5163491046875001 0.5853473625000001 0.5345589328125 0.59007020625 0.5437661078125 0.6017871718750001 0.5439706281250001 0.60755466875 0.549285434375 0.6221326359375 0.5534504953125 0.62417645 0.5482720359375 0.6096894671875 0.538894428125 0.6049666234375 0.529687253125 0.6089177703125 0.527149153125 0.6080095953125 0.5232226984375 0.6002437781250001 0.5204800781250001 0.594339803125 0.5229840921875 0.5916152796875 0.5112047296875
0 0.7697791890625 0.432191959375 0.7671001578125 0.4178063234375 0.762286328125 0.413811696875 0.7592888484375 0.4176699765625 0.7631035171875 0.4229506984375 0.7647833890625 0.43862242656249995 0.781314184375 0.44282157499999997 0.7822223593750001 0.4467480265625 0.769187784375 0.4660735171875 0.7536106578124999 0.46319455 0.7506131765624999 0.46705282812500004 0.7522020625 0.48793710468749996 0.755063065625 0.4918976453125 0.7599678812499999 0.49067972656250003 0.763919028125 0.488141625 0.7542913687499999 0.48015237187500004 0.75633518125 0.47497391093749997 0.7593326625000001 0.4711156296875 0.771004134375 0.473926425 0.7860825218749999 0.449422475 0.7960286296875 0.43916781406250005 0.7697791890625 0.432191959375
0 0.6738193640625 0.390107425 0.6853543578125 0.40073703906249997 0.683265053125 0.4085217734375 0.6889415640625 0.419049128125 0.6809937765625 0.4267316015625 0.6759069906249999 0.438374615625 0.6700485078125 0.43827235625 0.66300889375 0.44988128437499997 0.6647342578125001 0.4629467390625 0.6725000765625 0.46568935937499994 0.67072921875 0.455230178125 0.6826281546875 0.44500960312500004 0.6967528749999999 0.41918547500000003 0.6892145203125 0.40341148593750004 0.6893509984375 0.3955926640625 0.6845826609375 0.38899176406249997 0.67681684375 0.38624914375 0.6738193640625 0.390107425