0 0.798828125 0.67382436875 0.7939453125 0.6673076921875001 0.791015625 0.6686110281250001 0.7939453125 0.675127703125 0.798828125 0.67382436875
0 0.65234375 0.238510365625 0.6474609375 0.23460036093749997 0.634765625 0.23590369687499999 0.6435546875 0.2398137015625 0.65234375 0.238510365625
0 0.6845703125 0.41706730781249995 0.6953125 0.41576397187499997 0.6943359375 0.41185396562500004 0.6884765625 0.409247296875 0.68359375 0.4131573015625 0.6845703125 0.41706730781249995
0 0.537109375 0.4209773140625 0.533203125 0.4261906546875 0.537109375 0.4261906546875 0.541015625 0.41576397187499997 0.5341796875 0.406640625 0.53125 0.4131573015625 0.537109375 0.4209773140625
0 0.7265625 0.5122107875 0.736328125 0.5174241281249999 0.734375 0.5017841046875 0.7275390625 0.5004807687499999 0.724609375 0.504390775 0.7265625 0.5122107875
0 0.5107421875 0.2815204328125 0.505859375 0.288037109375 0.505859375 0.29325045156249996 0.5 0.30107046249999997 0.5029296875 0.30498046875 0.505859375 0.303677134375 0.5126953125 0.28934044375 0.51953125 0.288037109375 0.5166015625 0.284127103125 0.5107421875 0.2815204328125
0 0.6376953125 0.2606670671875 0.6298828125 0.2606670671875 0.6240234375 0.27109375 0.6171875 0.2723970859375 0.6181640625 0.2789137609375 0.625 0.2776104265625 0.6337890625 0.268487078125 0.6396484375 0.273700421875 0.642578125 0.2697904140625 0.6376953125 0.2606670671875
0 0.669921875 0.5408841640625 0.6728515625 0.544794171875 0.6796875 0.5434908359375 0.68359375 0.533064153125 0.6767578125 0.521334134375 0.6728515625 0.521334134375 0.669921875 0.5408841640625
0 0.607421875 0.38448392343750004 0.6083984375 0.38839393125 0.6142578125 0.38839393125 0.6220703125 0.3962139421875 0.6279296875 0.3962139421875 0.6298828125 0.40142728437499997 0.6328125 0.4001239484375 0.6328125 0.39491060624999996 0.6181640625 0.38057391875 0.6103515625 0.38057391875 0.607421875 0.38448392343750004
0 0.421875 0.24893704843750003 0.42578125 0.25936373125 0.4228515625 0.2632737390625 0.4111328125 0.2632737390625 0.408203125 0.2697904140625 0.42578125 0.2697904140625 0.4296875 0.26718374375 0.4296875 0.2515437203125 0.4228515625 0.24242037343749998 0.421875 0.24893704843750003
0 0.75390625 0.280217096875 0.7470703125 0.284127103125 0.7353515625 0.284127103125 0.7265625 0.303677134375 0.7275390625 0.3075871390625 0.73046875 0.30628380312500003 0.7353515625 0.2945537859375 0.7490234375 0.29194711562500003 0.75390625 0.2854304390625 0.75390625 0.280217096875
0 0.66796875 0.6764310390625 0.6728515625 0.680341046875 0.677734375 0.6790377109375 0.6845703125 0.677734375 0.69140625 0.66600435625 0.6708984375 0.664701021875 0.66796875 0.6764310390625
0 0.732421875 0.441830678125 0.7392578125 0.44834735625000005 0.7529296875 0.44574068437500003 0.759765625 0.45225736093749996 0.759765625 0.439224009375 0.7548828125 0.4353140015625 0.7353515625 0.43792067343749996 0.732421875 0.441830678125
0 0.669921875 0.3584172171875 0.6650390625 0.3545072109375 0.66015625 0.363630559375 0.66796875 0.37666391250000003 0.666015625 0.381877253125 0.6708984375 0.3910006015625 0.6796875 0.389697265625 0.681640625 0.38448392343750004 0.6787109375 0.38057391875 0.671875 0.381877253125 0.669921875 0.3584172171875
0 0.734375 0.6920710640625 0.7353515625 0.70380108125 0.7392578125 0.7011944109375 0.7451171875 0.7064077515625 0.751953125 0.7051044171874999 0.75390625 0.6998910765625 0.7470703125 0.6855543859375001 0.7392578125 0.6855543859375001 0.734375 0.6920710640625
0 0.7958984375 0.7090144234375 0.791015625 0.7155311 0.79296875 0.7311711234375 0.798828125 0.7311711234375 0.80859375 0.720744440625 0.80859375 0.712924428125 0.8037109375 0.7064077515625 0.7958984375 0.7090144234375
0 0.5927734375 0.3023737984375 0.5888671875 0.29194711562500003 0.5859375 0.295857121875 0.5859375 0.30628380312500003 0.59765625 0.3167104859375 0.59375 0.32713716875 0.6015625 0.32713716875 0.60546875 0.321923828125 0.60546875 0.3114971453125 0.6005859375 0.30498046875 0.5927734375 0.3023737984375
0 0.619140625 0.506997446875 0.615234375 0.4965707640625 0.6103515625 0.4978740984375 0.6044921875 0.4848407453125 0.5966796875 0.4848407453125 0.603515625 0.4965707640625 0.6015625 0.5017841046875 0.603515625 0.506997446875 0.61328125 0.5200307984375 0.611328125 0.525244140625 0.61328125 0.5278508109375 0.607421875 0.533064153125 0.607421875 0.53827749375 0.6103515625 0.5421875 0.61328125 0.5408841640625 0.615234375 0.53827749375 0.61328125 0.533064153125 0.62109375 0.5200307984375 0.619140625 0.506997446875
0 0.318359375 0.7937312203125 0.3173828125 0.78721454375 0.3125 0.7911245484375 0.3134765625 0.79503455625 0.318359375 0.7937312203125
0 0.26953125 0.7937312203125 0.279296875 0.7937312203125 0.28125 0.7911245484375 0.2783203125 0.78721454375 0.2744140625 0.78721454375 0.26953125 0.7937312203125
0 0.2216796875 0.6256009609375 0.224609375 0.6242976265625 0.2265625 0.6138709437500001 0.2236328125 0.6099609375 0.21875 0.6216909562499999 0.2216796875 0.6256009609375
0 0.2265625 0.577377553125 0.228515625 0.5721642124999999 0.2197265625 0.563040865625 0.21875 0.574770884375 0.2265625 0.577377553125
0 0.1689453125 0.740294471875 0.16796875 0.7520244890625001 0.169921875 0.7520244890625001 0.1728515625 0.7455078125 0.1806640625 0.7429011421875 0.181640625 0.7389911359375 0.1689453125 0.740294471875
0 0.19140625 0.5721642124999999 0.205078125 0.574770884375 0.2060546875 0.5578275234375 0.2021484375 0.56825420625 0.1943359375 0.56825420625 0.19140625 0.5721642124999999
0 0.2626953125 0.7533278250000001 0.25390625 0.7676645140625 0.2548828125 0.774181190625 0.26171875 0.7728778546874999 0.2626953125 0.7611478359375 0.2734375 0.762451171875 0.2666015625 0.7533278250000001 0.2626953125 0.7533278250000001
0 0.2119140625 0.7429011421875 0.2255859375 0.740294471875 0.23046875 0.7442044765625 0.236328125 0.7389911359375 0.2236328125 0.7298677890625 0.20703125 0.736384465625 0.2119140625 0.7429011421875
0 0.29296875 0.7520244890625001 0.30078125 0.7598445015624999 0.3037109375 0.774181190625 0.314453125 0.7728778546874999 0.314453125 0.7650578421875001 0.3056640625 0.7533278250000001 0.2998046875 0.7481144828125 0.29296875 0.7520244890625001
0 0.2724609375 0.6855543859375001 0.2685546875 0.677734375 0.2626953125 0.677734375 0.255859375 0.6868577218749999 0.255859375 0.694677734375 0.259765625 0.694677734375 0.2744140625 0.6933743984375 0.283203125 0.6790377109375 0.2783203125 0.677734375 0.2724609375 0.6855543859375001
0 0.17578125 0.6295109671875 0.1728515625 0.6282076328125 0.16796875 0.6373309796875 0.16796875 0.645150990625 0.181640625 0.6581843453125 0.1796875 0.6712176984375 0.185546875 0.6712176984375 0.189453125 0.66600435625 0.189453125 0.6555776734375 0.17578125 0.63993765 0.17578125 0.6295109671875
0 0.2490234375 0.5786808890625 0.2431640625 0.5786808890625 0.240234375 0.5825908953125001 0.244140625 0.593017578125 0.2392578125 0.5943209140625 0.23046875 0.6086576015625 0.23046875 0.6164776140625 0.2333984375 0.6203876203124999 0.240234375 0.619084284375 0.236328125 0.6112642734375 0.25390625 0.59823091875 0.25390625 0.5878042359375 0.2490234375 0.5786808890625
0 0.1240234375 0.3623272234375 0.126953125 0.3610238890625 0.130859375 0.35059720625 0.1201171875 0.34929387031250003 0.12109375 0.3584172171875 0.1240234375 0.3623272234375
0 0.162109375 0.491357421875 0.15625 0.4965707640625 0.1572265625 0.5004807687499999 0.1640625 0.5017841046875 0.16796875 0.4965707640625 0.1650390625 0.479627403125 0.162109375 0.48353740937499995 0.162109375 0.491357421875
0 0.13671875 0.48353740937499995 0.1318359375 0.48223407500000004 0.126953125 0.4887507515625 0.126953125 0.49917743437500006 0.1357421875 0.50830078125 0.140625 0.506997446875 0.142578125 0.49917743437500006 0.1376953125 0.4900540859375 0.1328125 0.4887507515625 0.13671875 0.48353740937499995
0 0.115234375 0.4287973265625 0.111328125 0.4287973265625 0.109375 0.441830678125 0.1123046875 0.44574068437500003 0.1298828125 0.4431340140625 0.138671875 0.45225736093749996 0.13671875 0.441830678125 0.1298828125 0.43270733124999994 0.1162109375 0.4353140015625 0.115234375 0.4287973265625
0 0.197265625 0.347990534375 0.197265625 0.363630559375 0.1875 0.37145057187499997 0.1884765625 0.3753605765625 0.19921875 0.374057240625 0.212890625 0.355810546875 0.2109375 0.347990534375 0.2041015625 0.3414738578125 0.197265625 0.347990534375
0 0.18359375 0.506997446875 0.18359375 0.5200307984375 0.193359375 0.5278508109375 0.205078125 0.5174241281249999 0.205078125 0.506997446875 0.1982421875 0.495267428125 0.18359375 0.506997446875
0 0.162109375 0.355810546875 0.1552734375 0.3466872 0.15234375 0.347990534375 0.154296875 0.355810546875 0.1435546875 0.3623272234375 0.140625 0.3688439 0.14453125 0.389697265625 0.1474609375 0.393607271875 0.150390625 0.3923039359375 0.1484375 0.389697265625 0.150390625 0.38448392343750004 0.162109375 0.363630559375 0.162109375 0.355810546875
0 0.373046875 0.4287973265625 0.3720703125 0.4222806484375 0.3662109375 0.4222806484375 0.361328125 0.4287973265625 0.373046875 0.4287973265625
0 0.41796875 0.389697265625 0.4150390625 0.38578725937499997 0.4111328125 0.38839393125 0.4091796875 0.38578725937499997 0.4052734375 0.393607271875 0.3984375 0.397517278125 0.3984375 0.41055063125 0.40234375 0.41055063125 0.40234375 0.4053372890625 0.4111328125 0.3910006015625 0.416015625 0.397517278125 0.41796875 0.389697265625
0 0.265625 0.3375638515625 0.2705078125 0.3388671875 0.275390625 0.347990534375 0.2734375 0.363630559375 0.275390625 0.3662372296875 0.28125 0.35059720625 0.28125 0.34277719375000004 0.2705078125 0.331047175 0.265625 0.3375638515625
0 0.3427734375 0.29976712656250004 0.3369140625 0.3023737984375 0.32421875 0.3193171578125 0.322265625 0.3323505109375 0.3251953125 0.3362605171875 0.328125 0.33495718124999996 0.326171875 0.321923828125 0.3330078125 0.318013821875 0.34375 0.303677134375 0.3427734375 0.29976712656250004
0 0.4189453125 0.4222806484375 0.4111328125 0.42749399062500004 0.3955078125 0.4222806484375 0.3876953125 0.4353140015625 0.37890625 0.439224009375 0.3798828125 0.4431340140625 0.392578125 0.441830678125 0.4013671875 0.43010066093750005 0.4111328125 0.43270733124999994 0.421875 0.4287973265625 0.4189453125 0.4222806484375
0 0.3173828125 0.3831805890625 0.3095703125 0.3831805890625 0.3046875 0.389697265625 0.3056640625 0.3962139421875 0.3115234375 0.3988206140625 0.3134765625 0.3962139421875 0.3212890625 0.409247296875 0.328125 0.41055063125 0.3330078125 0.409247296875 0.333984375 0.4053372890625 0.3251953125 0.3988206140625 0.3173828125 0.3831805890625
0 0.4111328125 0.331047175 0.4052734375 0.3388671875 0.3955078125 0.3388671875 0.3876953125 0.333653846875 0.3828125 0.34277719375000004 0.3828125 0.347990534375 0.3876953125 0.3545072109375 0.4013671875 0.3545072109375 0.4033203125 0.359720553125 0.408203125 0.3584172171875 0.41015625 0.355810546875 0.408203125 0.3401705234375 0.412109375 0.33495718124999996 0.4111328125 0.331047175
0 0.431640625 0.41055063125 0.427734375 0.40273061875 0.443359375 0.3870905953125 0.443359375 0.37145057187499997 0.451171875 0.355810546875 0.4501953125 0.351900540625 0.4423828125 0.3545072109375 0.435546875 0.363630559375 0.43359375 0.37666391250000003 0.421875 0.3923039359375 0.419921875 0.4001239484375 0.419921875 0.4053372890625 0.427734375 0.41576397187499997 0.42578125 0.4287973265625 0.439453125 0.44443735 0.435546875 0.465290715625 0.44140625 0.465290715625 0.447265625 0.44443735 0.4423828125 0.43270733124999994 0.43359375 0.4287973265625 0.431640625 0.41055063125