0 0.7131357609375 0.246743228125 0.7375955375000001 0.25073040625 0.7314844734375 0.2470283734375 0.7133737859375 0.2448046609375 0.7131357609375 0.246743228125
0 0.3982374890625 0.180529484375 0.3928249828125 0.18183270468749999 0.40174578906249997 0.1947347984375 0.4118567265625 0.1979440578125 0.4139679140625 0.2021388640625 0.41796778906250004 0.201646090625 0.4210310828125 0.19808663124999998 0.4175072609375 0.1947022703125 0.40739632343750004 0.19149301093749999 0.3982374890625 0.180529484375
0 0.582138578125 0.222787625 0.5997732109375 0.228888471875 0.6070744046875001 0.22289767187499998 0.5979000484375 0.22275509843750002 0.5882651625 0.21566870468750002 0.5805034390625 0.21471568593749998 0.56872631875 0.2250763921875 0.582138578125 0.222787625
0 0.6848520453125 0.28459406875000004 0.6949785046875 0.276982375 0.6956925828125 0.271166675 0.7121681343749999 0.2653184484375 0.715469453125 0.25982042031249997 0.7119456296875 0.2564360609375 0.690756128125 0.2685927625 0.684153490625 0.27958881562500004 0.6848520453125 0.28459406875000004
0 0.5604574999999999 0.2496424125 0.5529338015625 0.24675082656249997 0.5451720796874999 0.24579780625 0.544934053125 0.2477363734375 0.5559815734375 0.2540123203125 0.5547914421875 0.263705153125 0.5606644796875 0.269345753125 0.5658389625 0.2699811 0.5729021296875 0.26592886718750003 0.5733781812500001 0.2620517328125 0.5670290921875 0.26028826718750003 0.5604574999999999 0.2496424125
0 0.665437384375 0.207434128125 0.66472330625 0.213249828125 0.6743581921875 0.22033622187500002 0.6807228046875 0.211278734375 0.6955321718749999 0.219000475 0.7025953390625 0.214948240625 0.703071390625 0.2110711078125 0.6760243734375 0.20676625468749998 0.670373840625 0.2100080421875 0.665437384375 0.207434128125
0 0.6580741 0.25670874375 0.6590106796875 0.2597754296875 0.6670104296875 0.25878988281250004 0.6785495234375001 0.2503677421875 0.6933588921875 0.25808948125 0.7011206140625 0.2590425015625 0.702771275 0.2562934875 0.687025325 0.2455050625 0.6792636015625 0.24455204218749999 0.6580741 0.25670874375
0 0.5334570515625 0.21287470000000003 0.5280445421875 0.2141779203125 0.5310923125 0.2214394140625 0.5466002359375 0.23416640625000001 0.559536440625 0.2357547734375 0.566599609375 0.2317025390625 0.566139078125 0.22475871875000003 0.5576632781249999 0.2296214 0.552488796875 0.228986053125 0.5334570515625 0.21287470000000003
0 0.36168495312500004 0.242946346875 0.3689706234375 0.2477765 0.3715733859375 0.2372732203125 0.3828744546875 0.2307896453125 0.38149286875 0.2099581859375 0.374667725 0.21207185312500001 0.3727635171875 0.2275803859375 0.36146244843750003 0.2340639609375 0.36168495312500004 0.242946346875
0 0.060509421875000004 0.44997292812499995 0.0701598296875 0.4462383671875 0.06922325 0.44317168125000006 0.0600488921875 0.44302910781250004 0.060509421875000004 0.44997292812499995
0 0.21747215312499998 0.4121795421875 0.23134493906250003 0.41683459375 0.220773471875 0.40668151406249997 0.21677359687500003 0.4071742875 0.21747215312499998 0.4121795421875
0 0.1689665609375 0.44361186406249997 0.17672828437500002 0.4445648828125 0.180966184375 0.44213354374999997 0.15228403125 0.42975675 0.151569953125 0.43557245 0.16426813125 0.43909938437499996 0.1689665609375 0.44361186406249997
0 0.0240810671875 0.4258221625 0.0271443625 0.4222627015625 0.0363187171875 0.422405275 0.0327948953125 0.41902091406249997 0.025033171875 0.4180678953125 0.007144990625 0.42472656875 0.00784354375 0.42973182187500003 0.0240810671875 0.4258221625
0 0.09728964375 0.5568141875 0.0930517453125 0.5592455281250001 0.093988325 0.5623122140625 0.10222610000000001 0.5593881015625 0.104575315625 0.561644340625 0.1125750640625 0.5606587937499999 0.1311773265625 0.5481844203125 0.131653378125 0.5443072859375 0.11941572812500001 0.5477241734375 0.10505136718750001 0.5577672078125 0.09728964375 0.5568141875
0 0.025576500000000002 0.5312826828125 0.026052553125 0.52740555 0.006084225 0.5082275109375 0.001846325 0.51065885 0.0025448796875 0.5156641046875 0.0161641171875 0.5330786765625 0.025576500000000002 0.5312826828125
0 0 0.5606108625 0.0048320046875000005 0.5612041578125 0.0189272921875 0.574741596875 0.037276004687499996 0.57502674375 0.0480854984375 0.58324125625 0.0452757546875 0.574041196875 0.0222286109375 0.5692435703125 0.0107205640625 0.5560238046875 0.002958840625 0.555070784375 0 0.5567683109375 0 0.5606108625
0 0.0730627125 0.39051270625 0.067650203125 0.39181592656249997 0.0723331109375 0.40714935937499996 0.0845552375 0.4145534265625 0.08195247343749999 0.42505670625 0.0918409078125 0.41938357968749995 0.09279301250000001 0.4116293125 0.0805708859375 0.404225246875 0.0789357484375 0.39615330625 0.0730627125 0.39051270625
0 0.21705819218750003 0.3727728609375 0.20882041718750002 0.375696975 0.20105869531249998 0.3747439546875 0.1963602640625 0.37023147500000003 0.195408159375 0.37798574218750003 0.19751934843750002 0.3821805484375 0.2104555546875 0.3837689140625 0.226693078125 0.37985925468750004 0.23608993749999999 0.3888842140625 0.242677053125 0.38870911406249997 0.240803890625 0.382575740625 0.229994396875 0.3743612265625 0.21705819218750003 0.3727728609375
0 0.0364791296875 0.474571475 0.038367815625 0.46988389531249997 0.031796221875 0.45923804218750003 0.0221613375 0.4521516484375 0.016764351562499998 0.442633915625 0.011351845312500001 0.44393713593750006 0.014161589062499999 0.45313719687500004 0.023796475 0.4602235890625 0.0127334328125 0.46476859687500005 0.0091940859375 0.4722051890625 0.02024160625 0.4784811359375 0.021431735937499998 0.468788303125 0.0291934578125 0.46974132187500006 0.0364791296875 0.474571475
0 0.08963658125 0.48011449375000004 0.09927146718749999 0.4872008859375 0.09784331093750001 0.49883228749999997 0.0905421171875 0.5048230874999999 0.07830446875 0.5082399750000001 0.07570170468750001 0.5187432546874999 0.0843844859375 0.5335839140624999 0.0886223859375 0.531152575 0.0893364640625 0.525336875 0.0853521125 0.51500869375 0.10489095625 0.50560100625 0.1049220015625 0.48395910000000003 0.0988109390625 0.48025706718750005 0.08963658125 0.48011449375000004
0 0.37928856875 0.7626372609375001 0.38376449375 0.758267353125 0.3837800171875 0.7474464000000001 0.379066065625 0.7537548734375 0.37928856875 0.7626372609375001
0 0.5427297531249999 0.8004154484375 0.5359046125 0.8025291156250001 0.5368411937500001 0.8055958015625 0.5415396234375 0.81010828125 0.5483647656249999 0.807994615625 0.5427297531249999 0.8004154484375
0 0.44796946562500006 0.7700863171875 0.44444564375000006 0.7667019578125001 0.44138235000000003 0.77026141875 0.44182735624999997 0.7880261921875 0.4460652578125 0.7855948515625 0.44796946562500006 0.7700863171875
0 0.661566903125 0.7736831703125 0.6634555890625 0.768995590625 0.6592332109375 0.7606059765625 0.6740581 0.7575067625 0.6773594187499999 0.7520087359375001 0.6568839953125 0.7583497375 0.6571065 0.7672321234374999 0.661566903125 0.7736831703125
0 0.488335603125 0.8370281234375 0.4805738796875 0.8360751046875 0.480335853125 0.8380136703125001 0.48785955156250005 0.8409052578124999 0.496573378125 0.8341040109375 0.506446290625 0.8392518375 0.5106841890625 0.8368204968749999 0.5050491781249999 0.8292413296875001 0.49987469687499997 0.8286059828125 0.49304955625 0.83071965 0.488335603125 0.8370281234375
0 0.24846731875 0.7800269046875 0.2355311140625 0.7784385390625 0.2265792609375 0.7871783531250001 0.231039665625 0.7936294 0.23740427656250002 0.7845719124999999 0.25834022968750003 0.7851747312499999 0.26257813125 0.7827433921875 0.261419046875 0.7707943187499999 0.2578952234375 0.7674099578125 0.2555304859375 0.775974671875 0.24846731875 0.7800269046875
0 0.4274009046875 0.8413530390625 0.42738538125 0.8521739937499999 0.43090920468749994 0.8555583531250001 0.44549606875 0.85439770625 0.44621014687500005 0.84858200625 0.43211485625 0.8350445656250001 0.4314163015625 0.8300393125 0.427416428125 0.8305320859374999 0.4274009046875 0.8413530390625
0 0.5102081375 0.8406976296875 0.51090669375 0.8457028828125001 0.5179543359375 0.8524716031249999 0.5313665953125 0.8501828359375001 0.5478266203125 0.8551555625 0.5483026718749999 0.8512784281249999 0.5400804203125 0.8433815890625 0.5214936828125001 0.845035009375 0.5224457874999999 0.8372807421875 0.5102081375 0.8406976296875
0 0.3721477875 0.8207942609375 0.3679254078125 0.8124046484375 0.3625129015625 0.8137078687500001 0.36273540312499997 0.8225902546875 0.368608440625 0.8282308546875001 0.381544646875 0.829819221875 0.3994328296875 0.8231605468750001 0.39614703281249997 0.8178376203125 0.3883853109375 0.8168846015625 0.379909509375 0.8217472812500001 0.3721477875 0.8207942609375
0 0.467016734375 0.7753767171875 0.483492284375 0.7695284906250001 0.496666515625 0.7691782890625001 0.500904415625 0.76674695 0.50161849375 0.76093125 0.49574545625 0.75529065 0.4905709734375 0.7546553031250001 0.46655620468750003 0.768432896875 0.467016734375 0.7753767171875
0 0.4583857046875 0.8884489328124999 0.44732266249999997 0.8929939390625 0.44121160000000004 0.8892919062500001 0.44498897031249995 0.879916746875 0.459337809375 0.880694665625 0.463575709375 0.878263325 0.462877153125 0.873258071875 0.45722661875000004 0.8764998593750001 0.4445284421875 0.8729729265625 0.4377033 0.8750865937500001 0.4336723796875 0.8972212734375 0.4386088359375 0.8997951875 0.44425936874999994 0.8965534 0.446608584375 0.8988096390625 0.4574336 0.8962032000000001 0.46237005625 0.8987771125 0.46660795625 0.896345771875 0.4661474265625 0.8894019515625 0.4583857046875 0.8884489328124999
0 0.6356220359375 0.49303878125 0.642193628125 0.503684634375 0.641971125 0.49480224687499996 0.6384473015625 0.49141788750000004 0.6356220359375 0.49303878125
0 0.333804859375 0.49140055781249997 0.33780473125 0.49090778437499993 0.3429947375 0.480722178125 0.3361695953125 0.4828358453125 0.333804859375 0.49140055781249997
0 0.437863684375 0.435304634375 0.44208606250000004 0.443694246875 0.44727606875000003 0.43350864062500005 0.4385777625 0.42948893281249995 0.437863684375 0.435304634375
0 0.6537637671875001 0.47362058593749995 0.6384628265625001 0.480596934375 0.63939940625 0.4836636203125 0.648811790625 0.48186762656250004 0.6547003499999999 0.4766872734375 0.6537637671875001 0.47362058593749995
0 0.53459545625 0.5672171515625 0.53670664375 0.5714119578125 0.5522300890625 0.5733179984375 0.5557539140625 0.5767023578125 0.555293384375 0.5697585375 0.5397699390625 0.5678524984375 0.5376587484375001 0.5636576921875001 0.5336588734375 0.564150465625 0.53459545625 0.5672171515625
0 0.5527371890625 0.5477989578125 0.5567370625 0.547306184375 0.5539273203125 0.538106125 0.5414671656250001 0.532640625 0.5407530875 0.5384563250000001 0.5459275703124999 0.539091671875 0.5527371890625 0.5477989578125
0 0.3768358484375 0.5045552703125 0.36977268125 0.508607503125 0.3699951859375 0.5174898906250001 0.38529612812499997 0.51051354375 0.38201033125 0.5051906171875 0.3768358484375 0.5045552703125
0 0.549322025 0.4686679234375 0.5340210828124999 0.4756442703125 0.5347196390625 0.4806495234375 0.542005309375 0.4854796765625 0.5490684781249999 0.48142744375 0.549322025 0.4686679234375
0 0.657241021875 0.50946780625 0.6530031203125 0.511899146875 0.6506073375 0.5421057671875 0.6574324796875 0.5399921 0.6602887921875 0.5167293 0.657241021875 0.50946780625
0 0.5591949375 0.47381575 0.5669721828125 0.463947815625 0.5646384921875 0.45087062343750006 0.5516867640625 0.460103209375 0.5523853203125 0.4651084640625 0.5528458484375001 0.47205228281249995 0.5591949375 0.47381575
0 0.39146928281250004 0.47093176249999996 0.378533078125 0.469343396875 0.3782950515625 0.4712819625 0.3933424453125 0.4770651359375 0.40273930625 0.4860900953125 0.410501028125 0.48704311562499997 0.42556394375 0.482005334375 0.422040121875 0.478620975 0.4138023484375 0.4815450890625 0.406040625 0.48059206874999993 0.39146928281250004 0.47093176249999996
0 0.29425111875 0.5140930671875 0.293537040625 0.5199087671875 0.3010607390625 0.522800353125 0.3163616796875 0.51582400625 0.3173293078125 0.4972487859375 0.3121548265625 0.4966134390625 0.30767890000000003 0.5009833453125 0.3060127171875 0.5145533125 0.3017748171875 0.516984653125 0.29425111875 0.5140930671875
0 0.6397926609375 0.37351551875 0.6320309390625 0.3725624984375 0.6277930375 0.3749938390625 0.62872961875 0.3780605265625 0.6435389859375 0.385782265625 0.65388795 0.38705295781250004 0.66071309375 0.3849392921875 0.666839678125 0.377820371875 0.66331585625 0.3744360109375 0.6520147875 0.380919584375 0.64684030625 0.3802842390625 0.6397926609375 0.37351551875
0 0.2793641375 0.56047609375 0.2800626921875 0.5654813484375001 0.3028873328125 0.5613965875 0.3059506265625 0.5578371265625 0.304791540625 0.545888053125 0.3158545828125 0.541343046875 0.315394053125 0.5343992265625 0.297505871875 0.5410579 0.29301442031249997 0.5562487609375 0.2793641375 0.56047609375
0 0.55654560625 0.516781890625 0.544085453125 0.511316390625 0.537022284375 0.515368625 0.537720840625 0.520373878125 0.55041901875 0.5239008109375 0.5661804906250001 0.5238682828125001 0.574418265625 0.5209441703125 0.583815125 0.5299691296875 0.586655915625 0.5175272828125 0.5779576109375 0.5135075765625 0.56689456875 0.5180525828125 0.55654560625 0.516781890625
0 0.562056434375 0.6109286843749999 0.54086693125 0.6230853859375001 0.5512158953124999 0.624356078125 0.5653422296875 0.6162516109375 0.5811037015625 0.6162190843750001 0.5886429203125 0.6082897171874999 0.5851190984375 0.6049053578125 0.5672464374999999 0.600743078125 0.5630085390625 0.60317441875 0.562056434375 0.6109286843749999
0 0.49208708437500004 0.517722446875 0.48856326406250006 0.5143380859375 0.48056351406250003 0.5153236328124999 0.46269085312499997 0.511161353125 0.458452953125 0.5135926937499999 0.45938953437499996 0.51665938125 0.4810240421875 0.522267453125 0.47796075 0.5258269140625 0.4795958859375 0.533898853125 0.46594560312500005 0.5381261875 0.4694694265625 0.541510546875 0.480056415625 0.5408426734375 0.4871195828125 0.536790440625 0.49208708437500004 0.517722446875