0 0.106802203125 0.8037944687499999 0.11378559218749999 0.8022836953124999 0.11352593124999999 0.79723660625 0.1066889609375 0.7917898453125 0.0971558640625 0.7927586609375 0.106802203125 0.8037944687499999
0 0.42001029218749997 0.8723656625 0.41598269062500004 0.8725079484375 0.4151705359375 0.8763288375 0.4222671671875 0.8868226890625 0.4291041375 0.89226945 0.4335378171875 0.89021671875 0.4328720796875 0.8870800734375001 0.42001029218749997 0.8723656625
0 0.1721555078125 0.7408105218750001 0.1603323625 0.746284471875 0.1585616359375 0.760883784375 0.18276041875 0.7410679078125 0.18586262343749999 0.7327418859375 0.1792853125 0.7323422140625 0.1721555078125 0.7408105218750001
0 0.13965558281249998 0.824754984375 0.1519980484375 0.8293752140624999 0.1572107109375 0.8424637531249999 0.16057257187500001 0.8391848218750001 0.1611250671875 0.8303168421875 0.15576599062500002 0.8241858390625 0.143423525 0.8195656078125 0.13928267968750002 0.8077032687499999 0.1335175234375 0.803482709375 0.12908384374999998 0.805535440625 0.13215287343749998 0.8161715765625001 0.13965558281249998 0.824754984375
0 0.313035771875 0.8616080796875 0.29304418125 0.8553619781249999 0.2856878890625 0.8398210359375 0.2714614515625 0.8377954937500001 0.2784116671875 0.8552468796875001 0.2888701609375 0.8624617984375 0.308861753125 0.8687079015625001 0.3132954328125 0.8666551703125001 0.313035771875 0.8616080796875
0 0.45473391875 0.8218403875 0.46238304374999994 0.8234662593750001 0.470551490625 0.8351863109375 0.47498517187499995 0.8331335796875001 0.475537665625 0.8242656015625001 0.46910677187500005 0.8169083953125 0.45676430625000003 0.8122881640624999 0.448595859375 0.8005681125 0.43920917968750006 0.7945793937500001 0.43263186875 0.7941797234375 0.43396334531249997 0.8004530140625 0.447896946875 0.8163936265625 0.45473391875 0.8218403875
0 0.16848708750000002 0.689113421875 0.1718489515625 0.685834490625 0.1648655625 0.6873452640625 0.16848708750000002 0.689113421875
0 0.1612440390625 0.6855771046875 0.1624622703125 0.679845771875 0.158840746875 0.6780776140625 0.1612440390625 0.6855771046875
0 0.3076492484375 0.7176948734375 0.30683709375 0.7215157624999999 0.30735641406249997 0.7316099421875 0.3127154921875 0.737740946875 0.31515195625 0.7262782796875 0.3146326359375 0.7161840984375 0.3076492484375 0.7176948734375
0 0.21785695 0.7075943453125 0.20241228125 0.7113001375 0.2319369703125 0.7165774234375 0.239992171875 0.71629285 0.240804328125 0.7124719609375 0.232749125 0.712756534375 0.21785695 0.7075943453125
0 0.310985934375 0.9590135640625 0.30159925468750004 0.9530248453124999 0.29502194375 0.952625175 0.30854946875 0.9704762312499999 0.3161985953125 0.972102103125 0.3166046734375 0.9701916578124999 0.310985934375 0.9590135640625
0 0.3978007265625 0.6759560125 0.41054926875 0.6786657984375 0.41391113281249997 0.6753868671875 0.401162590625 0.67267708125 0.39299414375 0.660957028125 0.38320138593749997 0.6568787546875 0.3793202015625 0.65006350625 0.3752926 0.65020579375 0.376217996875 0.6583895281250001 0.3870825703125 0.663694003125 0.3978007265625 0.6759560125
0 0.3753921203125 0.593319315625 0.3697402078125 0.6011033796875 0.3698534515625 0.6131080046874999 0.363389384375 0.6247129578124999 0.373328559375 0.6218336984375 0.3804583640625 0.6133653890625 0.381416934375 0.602586965625 0.3753921203125 0.593319315625
0 0.2514755875 0.674805028125 0.2611551 0.666878678125 0.27859698437499997 0.6725828234375 0.281958846875 0.6693038921875 0.275527953125 0.6619466859375 0.2623733328125 0.66114734375 0.255942440625 0.6537901390624999 0.250843021875 0.6527062234375001 0.257939653125 0.663200075 0.25121592656249997 0.6697579390625 0.2402049375 0.6714109984375 0.2514755875 0.674805028125
0 0.530405028125 0.61628453125 0.5372419984375 0.6217312921875 0.5384602296875001 0.6159999593750001 0.5312171828125 0.6124636421874999 0.526377425 0.6164268171875 0.530405028125 0.61628453125
0 0.5869710421875001 0.5883728296874999 0.5998660015625 0.5841250812500001 0.5992002640625 0.5809884359375 0.58308985625 0.58155758125 0.5812058875 0.5841522703125 0.5869710421875001 0.5883728296874999
0 0.525518371875 0.5703187640625 0.5390458984375 0.5881698203125 0.5442917328125 0.5822962015625001 0.5365293624999999 0.5686657046875 0.55156795625 0.566870359375 0.5392254890625 0.5622501265625 0.525518371875 0.5703187640625
0 0.5951394890625 0.6000928812499999 0.587750025 0.6035141 0.586645034375 0.6212500578125 0.58986048125 0.6249286609375 0.593888084375 0.624786375 0.5984681796875 0.6157761093749999 0.60023890625 0.601176796875 0.5951394890625 0.6000928812499999
0 0.6024626078125 0.63459598125 0.6078216859375 0.6407269859375 0.6223077828125 0.6477996187499999 0.6384181890625 0.6472304734375001 0.6417800546875 0.6439515421875 0.6396364218749999 0.641499140625 0.6024626078125 0.63459598125
0 0.7162603765625 0.5819092234375 0.7111609578125 0.580825309375 0.7029593375000001 0.588067415625 0.683746728125 0.5969625828125 0.676097603125 0.5953367109375 0.6712578453125 0.5992998859374999 0.6905836984375 0.60240934375 0.7127520953125 0.5921456890625 0.7162603765625 0.5819092234375
0 0.6741941812500001 0.685784659375 0.6739345203125 0.6807375703125 0.6658793171874999 0.6810221421875 0.6458877265625 0.6747760390625 0.6300369796874999 0.680392275 0.6262690375 0.6855816515625001 0.6324402703125 0.6878917671875 0.644263415625 0.6824178171875 0.6642550078125 0.6886639203125 0.6741941812500001 0.685784659375
0 0.5449849171875 0.7232150500000001 0.57642675 0.7069354890625 0.582484740625 0.6972409796875 0.577385321875 0.696157065625 0.53412034375 0.717910575 0.5449849171875 0.7232150500000001
0 0.689951134375 0.5803105390625001 0.68821358125 0.57594769375 0.68618319375 0.585499915625 0.69021079375 0.5853576296874999 0.689951134375 0.5803105390625001
0 0.7612491828125 0.49562745937499997 0.756815503125 0.49768018906249994 0.7596248734375 0.5032692375 0.7711551859375 0.5117103578125 0.7723734171875 0.5059790234375 0.76513036875 0.5024427078125 0.7612491828125 0.49562745937499997
0 0.7560365234375 0.4825389203125 0.7474619984374999 0.4727293125 0.7357852703125001 0.47124572656249997 0.744100134375 0.47600824375000006 0.754818290625 0.48827025312499994 0.7599177078125 0.48935416875 0.7662353578125 0.48470674999999996 0.7560365234375 0.4825389203125
0 0.7782655375 0.591095309375 0.7665888109375001 0.5896117234375 0.765370578125 0.5953430578125001 0.7594590078125 0.5980800328125 0.7606440671875 0.6113108578124999 0.76507774375 0.6092581265625 0.7662959765624999 0.60352679375 0.778119121875 0.59805284375 0.7782655375 0.591095309375
0 0.683746728125 0.5969625828125 0.676097603125 0.5953367109375 0.6687081359375 0.5987579281250001 0.6880339906249999 0.6018673859375 0.7024068437500001 0.5969353953125001 0.713158171875 0.5902352453125 0.7137106671875 0.581367265625 0.683746728125 0.5969625828125
0 0.748028215625 0.5327524343750001 0.7492464484375 0.5270211015624999 0.738381875 0.5217166265625 0.7441802046875 0.5069750281250001 0.7268847375 0.494313346875 0.724594690625 0.49881847968750004 0.733169215625 0.5086280875 0.7299205953125 0.52391164375 0.733136040625 0.527590246875 0.748028215625 0.5327524343750001
0 0.778005878125 0.5860482203124999 0.782958878125 0.59408966875 0.7876522171875 0.597084028125 0.8008068406250001 0.5978833703124999 0.8105995968749999 0.6019616437499999 0.811005675 0.6000512 0.804168703125 0.5946044390624999 0.7914201609375 0.5918946515625 0.782179896875 0.5789483984375 0.7829920515625 0.575127509375 0.7643651109375 0.5561925390625 0.7548320125 0.5571613546874999 0.7792241109375 0.5803168859375 0.778005878125 0.5860482203124999
0 0.8096467515624999 0.45599570468749995 0.8140804312500001 0.453942975 0.8142268484375 0.44698544062499995 0.808055615625 0.44467532500000007 0.8064313046875 0.45231710312500006 0.8096467515624999 0.45599570468749995
0 0.8761382187500001 0.356313640625 0.859248828125 0.341741515625 0.8723702765624999 0.3615030171875 0.8763978781249999 0.36136073125 0.8761382187500001 0.356313640625
0 0.8514338359375 0.43492643906249995 0.8444504484375001 0.4364372125 0.860933759375 0.45291978281249995 0.8660331749999999 0.454003696875 0.869395040625 0.45072476562499997 0.8642956234374999 0.4496408515625 0.8514338359375 0.43492643906249995
0 0.9033259609375 0.3161671171875 0.88762163125 0.31482581875000004 0.885884078125 0.310462971875 0.8786410296874999 0.30692665625000004 0.8678896999999999 0.31362680625 0.904251359375 0.324350853125 0.9054695921875 0.3186195203125 0.9033259609375 0.3161671171875
0 1 0.2851878953125 0.99318460625 0.2883433265625 0.9868669562499999 0.29299074531249997 0.9867205390624999 0.29994827968750004 0.9965132953125 0.3040265546875 1 0.302412259375 1 0.2851878953125
0 0.8733425703125001 0.4196156953125 0.866911678125 0.41225849062500003 0.8567128437499999 0.4100906609375 0.8522791640625 0.4121433921875 0.8502487765625 0.4216956140625 0.864994534375 0.4338153375 0.8663591828125 0.42112646875 0.8699807093749999 0.422894628125 0.8733425703125001 0.4196156953125
0 0.7860668093750001 0.429019284375 0.79076015 0.43201364375000006 0.8090141859375001 0.4338969 0.8159975765624999 0.432386128125 0.8153318374999999 0.42924948125 0.794528090625 0.4268242671875 0.7878375375 0.414419971875 0.7962988171875 0.4122249546875 0.7979231265625 0.4045831765625 0.7943016046875 0.40281501875 0.7869121375 0.40623623750000004 0.7832574390625 0.42343023750000003 0.7860668093750001 0.429019284375
0 0.9149695156250001 0.3366128625 0.9354804281250001 0.3529531453125 0.9431295546875 0.35457901718749996 0.9490411265625 0.35184204375 0.955878096875 0.357288803125 0.9635272234375 0.3589146765625 0.9643393781249999 0.3550937875 0.9528090671875 0.3466526671875 0.9422041562500001 0.3463952828125 0.93791689375 0.341490478125 0.927718059375 0.33932265 0.9234307968750001 0.3344178453125 0.9066546515624999 0.3318503453125 0.9073203890625001 0.334986990625 0.9149695156250001 0.3366128625
0 0.823141103125 0.4928089203125 0.829052675 0.490071946875 0.8392515109375 0.492239775 0.8489310250000001 0.484313425 0.8565801499999999 0.485939296875 0.861013828125 0.48388656562500004 0.8603480906250001 0.4807499203125 0.85646690625 0.47393467187500005 0.84586199375 0.4736772875 0.8360692359374999 0.4695990140625 0.8308234015625 0.47547263281249996 0.834298509375 0.4841983265625 0.825171490625 0.4832566984375 0.8144201625 0.4899568484375 0.823141103125 0.4928089203125
0 0.942424915625 0.52714889375 0.94911546875 0.5395531890624999 0.9531430734375 0.5394109031250001 0.956245275 0.53108488125 0.9572038484375 0.5203064578125 0.9490354015625 0.50858640625 0.949328234375 0.4946713359375 0.945706709375 0.492903178125 0.937911165625 0.498234840625 0.935880778125 0.5077870625 0.9440492265625 0.519507115625 0.942424915625 0.52714889375
0 0.8200583515625001 0.4132816828125 0.8136274578125 0.4059244765625 0.8144396125 0.40210358749999997 0.823306971875 0.3979981265625 0.8186136312500001 0.3950037671875 0.8198318640625001 0.3892724328125 0.8366080078125 0.3918399328125 0.84521570625 0.38268738125 0.8449560453125 0.3776402921875 0.8383787359375001 0.3772406203125 0.8297710374999999 0.386393171875 0.825483775 0.38148836875000003 0.815284940625 0.37932053906249996 0.8078954749999999 0.38274175781249997 0.8063844078125 0.40238815937499994 0.8156246703125 0.4153344125 0.8200583515625001 0.4132816828125
0 0.9476101296874999 0.4024552296875 0.9536349468750001 0.4117228796875 0.9533421125 0.42563794843749997 0.9694193453125 0.4440309625 0.9800242578124999 0.44428834687499996 0.9868612296875 0.4497351078125 0.99088883125 0.44959282187499994 0.9837922000000001 0.4390989703125 0.973593365625 0.43693114218750007 0.9729276265625 0.4337944953125 0.981794984375 0.42968903437500006 0.9897369453125 0.4173998375 0.9996761203125001 0.41452057656249996 0.9843778671875001 0.41126883281250004 0.9765823250000001 0.41660049531250004 0.9753640921875 0.42233182812500003 0.9662370734374999 0.4213902 0.9667895671875 0.41252222187500004 0.9528559640625 0.396581609375 0.9488283624999999 0.39672389531249996 0.9476101296874999 0.4024552296875
0 0.9068147921874999 0.3937839125 0.8929944328125 0.389847925 0.881577365625 0.3934114296875 0.8794337328124999 0.3909590265625 0.8739282390625001 0.3917855578125 0.8707127921875 0.3881069546875 0.8726299375 0.3665501078125 0.8690084125 0.3647819484375 0.8641686546875 0.368745125 0.8601078796875001 0.3878495703125 0.8552681249999999 0.3918127453125 0.8417074250000001 0.3929238484375 0.8394173765625 0.3974289796875 0.8451825328125 0.40164954062499997 0.851906259375 0.3950916765625 0.8697542203124999 0.398885378125 0.87566579375 0.3961484046875 0.885864628125 0.3983162328125 0.8943259093749999 0.39612121562499997 0.9015689578125 0.3996575328125 0.9140578406250001 0.397320228125 0.9146103359375 0.38845225 0.9118009656250001 0.382863203125 0.91759929375 0.368121603125 0.9096905078124999 0.3614486421875 0.9020413812499999 0.3598227703125 0.9001574109374999 0.3624174578125 0.9091380125 0.3703166203125 0.9029336062500001 0.38696866406249997 0.9068147921874999 0.3937839125
0 0.8942652890625 0.277301171875 0.8940856984375 0.303220865625 0.9096436109375 0.3115196984375 0.9160745046875001 0.3188769046875 0.9205081828124999 0.3168241734375 0.9088646296875 0.2963784296875 0.9158480171875001 0.29486765625 0.9161076781249999 0.2999147453125 0.9197292015625 0.301682903125 0.9279308234375 0.294440796875 0.926599346875 0.28816750625 0.9416379375 0.286372159375 0.9479555890625001 0.28172474062499997 0.92460213125 0.27875756875 0.9135911421875 0.2804106296875 0.9113010953125 0.2849157625 0.9072734921875 0.2850580484375 0.9040580453124999 0.2813794453125 0.9086381421875 0.27236917968749996 0.9050166171875 0.270601021875 0.8942652890625 0.277301171875
0 0.3981908125 0.22277464062500002 0.37642849375 0.23112784999999997 0.37709423124999997 0.23426449531250002 0.3988565484375 0.2259112859375 0.3981908125 0.22277464062500002
0 0.3264924125 0.15262380312499998 0.335359771875 0.14851834218749999 0.3346940328125 0.1453816953125 0.3213929953125 0.1515398890625 0.3193626078125 0.1610921109375 0.313451034375 0.1638290859375 0.31263887968750004 0.167649975 0.3201415890625 0.17623338125000002 0.324169190625 0.1760910953125 0.32028800625 0.169275846875 0.3264924125 0.15262380312499998
0 0.3891301390625 0.18390869375000002 0.3877986640625 0.17763540312499998 0.3841771390625 0.1758672453125 0.3790445484375 0.1937454890625 0.382779315625 0.207518271875 0.38680691718750004 0.2073759859375 0.3877654890625 0.1965975625 0.3891301390625 0.18390869375000002
0 0.4714723515625 0.07861039375 0.472690584375 0.07287906093749999 0.4662596921875 0.06552185625 0.4462681 0.059275753125 0.43928471093750004 0.0607865265625 0.4380664796875 0.066517859375 0.4412819265625 0.0701964625 0.450149284375 0.0660910015625 0.46249174843749996 0.07071123124999999 0.4714723515625 0.07861039375
0 0.536726134375 0.07251292499999999 0.543043784375 0.0678655046875 0.53284495 0.0656976765625 0.52508258125 0.0520671796875 0.5093782515624999 0.05072588125000001 0.5010633875 0.0459633640625 0.5060163875 0.0540048125 0.51876493125 0.0567145984375 0.5269333781250001 0.0684346515625 0.536726134375 0.07251292499999999
0 0.556604484375 0.066754403125 0.5306681453125 0.08220743281250001 0.536839378125 0.0845175484375 0.5508061546875 0.0814960015625 0.5608917453125 0.07165920625 0.5761899984375 0.07491095156250001 0.5765960765625 0.07300050625 0.556604484375 0.066754403125
0 0.437187978125 0.1082630671875 0.44941719999999996 0.10087867343750001 0.44996969375000007 0.09201069375000001 0.44823214062499994 0.0876478484375 0.4442045390625 0.087790134375 0.44258022812500003 0.09543191250000001 0.4273952203125 0.10418479375 0.4261769875 0.10991612656250001 0.4340857734375 0.11658908906250001 0.4461685796875 0.11616222968750001 0.437187978125 0.1082630671875
0 0.3304731171875 0.10255257499999999 0.34081836875 0.09776286875 0.3449923890625 0.0906630484375 0.35345366875 0.08846803125 0.3527879296875 0.0853313859375 0.339633309375 0.08453204375 0.3295477171875 0.0943688390625 0.3138433890625 0.0930275390625 0.309409709375 0.0950802703125 0.307379321875 0.1046324921875 0.3128848171875 0.1038059625 0.31813064999999996 0.09793234375 0.3304731171875 0.10255257499999999
0 0.443107546875 0.33116155625 0.4484666234375 0.33729256093750004 0.4514224109375 0.3359240734375 0.447687640625 0.32215129062500003 0.43870704062500004 0.31425212812500003 0.4454307671875 0.3076942640625 0.4422153203125 0.3040156609375 0.43187006875 0.3088053671875 0.43065183593749995 0.3145367 0.4439197015625 0.3273406671875 0.443107546875 0.33116155625
0 0.565805846875 0.2554071765625 0.5655461859375001 0.2503600875 0.5615185828125 0.2505023734375 0.5480711281249999 0.2636181 0.548184371875 0.27562272499999996 0.5578307125 0.28665853281250003 0.5601207609375 0.2821534 0.5545020218750001 0.27097530625 0.5557202546875 0.26524397187500004 0.565805846875 0.2554071765625
0 0.4968973640625 0.2786986484375 0.5237591015625 0.271429353125 0.5165160531249999 0.26789303593749997 0.5046929078125 0.2733669859375 0.49449407343749996 0.27119915625 0.4871046078125 0.2746203734375 0.48171235625 0.28745152812499997 0.4878835890625 0.28976164375 0.4956791328125 0.28442998125 0.4968973640625 0.2786986484375
0 0.251694078125 0.47317881406250006 0.244710690625 0.4746895875 0.25395095156249997 0.487635840625 0.25797855468750003 0.48749355312500003 0.257312815625 0.4843569078125 0.2563874171875 0.4761731734375 0.251694078125 0.47317881406250006
0 0.23123006093749998 0.5067674734375001 0.238619528125 0.5033462546874999 0.2395780984375 0.49256783125 0.23595657499999997 0.4907996734375 0.22613064375 0.5056835578125 0.23123006093749998 0.5067674734375001
0 0.2443377859375 0.4576378734375 0.24019694062500002 0.44577553437499995 0.2365754171875 0.4440073765625 0.233879290625 0.450422953125 0.2373543984375 0.459148646875 0.2288931171875 0.46134366406250005 0.23720798125 0.46610618125 0.24459744687499999 0.4626849625 0.2443377859375 0.4576378734375
0 0.23748136562500002 0.540044371875 0.2307908109375 0.5276400765625 0.2317493828125 0.516861653125 0.216824034375 0.5306616234375 0.22595105312500002 0.5316032515625 0.23171620937499998 0.5358238125 0.22820792812500001 0.546060278125 0.23814710312499998 0.5431810171875 0.23748136562500002 0.540044371875
0 0.29413317656250004 0.38635509218749997 0.278834925 0.3831033484375 0.2597687328125 0.38504098125 0.2523792671875 0.38846219843749996 0.2503488796875 0.398014421875 0.2615062859375 0.3894038265625 0.2805724796875 0.38746619375 0.29332102187500003 0.39017598124999997 0.29413317656250004 0.38635509218749997
0 0.1929512578125 0.517600271875 0.20781025937500003 0.5417246203125 0.21545938593749997 0.5433504921875 0.2228488515625 0.5399292734375 0.2221831140625 0.536792628125 0.2170836953125 0.5357087140625 0.21372183281249998 0.5389876453125 0.21050638593749998 0.5353090421875 0.204887646875 0.5241309484375 0.20798985 0.5158049265625 0.2020782765625 0.5185419015625 0.1973849375 0.5155475421875 0.1929512578125 0.517600271875
0 0.203442928125 0.5058530328125 0.212310284375 0.5017475703125001 0.21341527500000002 0.48401161249999997 0.21825503125 0.4800484375 0.2083158578125 0.48292769843750005 0.20495399218750002 0.48620662968749995 0.205473315625 0.4963008109375 0.1932440921875 0.503685203125 0.19457556874999998 0.50995849375 0.2003407234375 0.5141790546875 0.204368325 0.51403676875 0.203442928125 0.5058530328125
0 0.3386495609375 0.339908090625 0.3387959765625 0.3329505546875 0.3351744546875 0.331182396875 0.33074077343749997 0.333235128125 0.330447940625 0.34715019687500004 0.32158058125 0.351255659375 0.3222463203125 0.3543923046875 0.3376909875 0.3506865140625 0.3386495609375 0.339908090625
0 0.3112353296875 0.3560453640625 0.303586203125 0.3544194921875 0.299152525 0.3564722234375 0.2944260109375 0.3724400234375 0.3043651859375 0.36956076250000003 0.3136386203125 0.36354485625 0.3129728828125 0.36040821093750003 0.3112353296875 0.3560453640625
0 0.37479845625 0.395513990625 0.3557654359375 0.3784894640625 0.35738974687499997 0.3708476859375 0.3520306671875 0.36471668125 0.34249757187499996 0.36568549687499996 0.34368263125 0.378916321875 0.37143659218749997 0.39879292187500004 0.37546419375 0.3986506359375 0.37479845625 0.395513990625
0 0.5110849 0.4564307125 0.5116373953125 0.44756273281250003 0.506537978125 0.44647881875 0.5045075906250001 0.456031040625 0.5077230375 0.45970964375 0.5153721640625 0.46133551562499997 0.5267892296875 0.4577720109375 0.5110849 0.4564307125
0 0.4811873078125 0.43410171093749994 0.487358540625 0.4364118265625 0.48857677343750006 0.4306804921875 0.4997341796875 0.4220698984375 0.5048335984375 0.4231538125 0.5130020453124999 0.434873865625 0.52789421875 0.44003605312499994 0.5287063734374999 0.4362151640625 0.5210572484375 0.43458929218750003 0.5086015390624999 0.4179644359375 0.4958529953125 0.41525464999999995 0.4923778875 0.40652895781250004 0.48539450000000006 0.40803973125 0.4846955890625 0.42386524531249997 0.4779718609375 0.43042310781250004 0.4811873078125 0.43410171093749994
0 0.5231539828125 0.3871127515625 0.533352815625 0.38928058125 0.5499825453125 0.398805615625 0.5472864203125 0.4052211921875 0.55519520625 0.4118941546875 0.562584671875 0.4084729359375 0.5633968265625 0.404652046875 0.556965934375 0.3972948421875 0.5577780890625 0.393473953125 0.5677172625 0.3905946921875 0.5775100203125 0.394672965625 0.5838276703124999 0.390025546875 0.56343 0.3856898890625 0.5465074390625 0.3900799234375 0.5243722156249999 0.38138141718749996 0.514433040625 0.38426067812500003 0.5136208859375 0.38808156718750003 0.501797740625 0.3935555171875 0.5109247609375 0.3944971453125 0.5231539828125 0.3871127515625
0 0.3591547453125 0.512992734375 0.3568646984375 0.5174978671875 0.366138134375 0.5114819609375 0.3729751046875 0.516928721875 0.37593089062499996 0.5155602359375 0.361850871875 0.5065771578125 0.3500609 0.49308894687500004 0.3510194734375 0.48231052500000005 0.3453675609375 0.4900945890625 0.32763284375 0.4983055125 0.333804075 0.5006156265625 0.34562722031250004 0.495141678125 0.3591547453125 0.512992734375
0 0.40331195 0.5183851203125001 0.40209371718750003 0.5241164546875 0.39067664999999996 0.5276799578125 0.390936309375 0.5327270484375 0.4063809765625 0.5290212578125 0.4139168609375 0.5186425046875 0.4136572 0.513595415625 0.40331195 0.5183851203125001
0 0.3306023515625 0.5658281265625 0.3283123046875 0.570333259375 0.308027878125 0.578002225 0.30463284218750003 0.600243315625 0.3122819671875 0.6018691875 0.316715646875 0.59981645625 0.3174145578125 0.58399094375 0.329237703125 0.57851699375 0.3306023515625 0.5658281265625
0 0.413590853125 0.5515197328125 0.4062013875 0.5549409515625 0.399850565625 0.5785505296875 0.403878165625 0.5784082421875001 0.41558806718749997 0.5609296687499999 0.42404934843750003 0.5587346515625 0.42419576562500005 0.5517771171875 0.413590853125 0.5515197328125
0 0.42637256875 0.5352673609374999 0.4340216953125 0.5368932328125 0.438894625 0.5139678984375 0.44669016875 0.5086362359375001 0.45474537187499997 0.5083516625 0.46453812968749997 0.5124299359375 0.48072860625 0.542827575 0.4864937625 0.547048134375 0.4930710734375 0.54744780625 0.495247878125 0.5309380484374999 0.48800482812499996 0.5274017328125 0.48386398281250004 0.51553939375 0.47554912031249996 0.5107768765625 0.471667934375 0.503961628125 0.46065694375 0.5056146874999999 0.4479084015625 0.5029049015625 0.4312455 0.5123420265624999 0.42637256875 0.5352673609374999
0 0.44490571875 0.454344446875 0.4512233671875 0.44969702656250005 0.4682591734375 0.4573116171875 0.471214959375 0.4559431296875 0.4553973875 0.44259720625 0.45192228125 0.4338715140625 0.44748859999999996 0.43592424531249996 0.44760184531249997 0.44792886875000004 0.4348533 0.44521908281250006 0.43404114531250004 0.449039971875 0.43980630156249995 0.45326053125000004 0.44490571875 0.454344446875
0 0.569322121875 0.470806175 0.5842142953125 0.4759683625 0.585432528125 0.47023702968750003 0.567990646875 0.46453288437499995 0.5550956859375 0.46878063125 0.5498498515625 0.4746542515625 0.5396510171875 0.47248642187499995 0.537767046875 0.47508111093750005 0.546081909375 0.479843628125 0.5570929 0.4781905671875 0.569322121875 0.470806175
0 0.8064564828125 0.2077194796875 0.8205365015625 0.2167025578125 0.82833204375 0.21137089375 0.828072384375 0.2063238046875 0.821754734375 0.2109712234375 0.807674715625 0.201988146875 0.8000255890625001 0.2003622734375 0.7890145984375 0.20201533437500002 0.7841748421875 0.205978509375 0.790346075 0.208288625 0.79880735625 0.20609360781250002 0.8064564828125 0.2077194796875
0 0.7510480796875 0.1110798046875 0.7597690218750001 0.11393187656249999 0.76298446875 0.1176104796875 0.7622855578125 0.13343599374999998 0.7683103734375 0.14270364375 0.767092140625 0.1484349765625 0.7567468890625 0.15322468281249998 0.74695413125 0.1491464078125 0.7450701609375 0.15174109687499998 0.7519071312500001 0.1571878578125 0.74651488125 0.1700190125 0.7592302515625 0.1916909578125 0.76407000625 0.18772778125 0.7567137140625 0.172186840625 0.757931946875 0.16645550781250001 0.7658739078125001 0.1541663109375 0.7743351875 0.15197129375 0.7748876828125 0.14310331406250001 0.7690092828124999 0.1268781296875 0.7739954578125 0.1159574203125 0.766086671875 0.1092844578125 0.7486447890625 0.1035803125 0.7412553234375 0.10700152968750001 0.7425867984375001 0.1132748203125 0.7526392171875 0.122400184375 0.7510480796875 0.1110798046875
0 0.6075128609375 0.203371128125 0.5983858421875 0.20242949999999998 0.60078913125 0.209928990625 0.611653703125 0.21523346562499998 0.610435471875 0.22096480000000002 0.61579455 0.2270958046875 0.6182310156249999 0.21563313750000002 0.6075128609375 0.203371128125
0 0.61253220625 0.173488259375 0.6182973625 0.17770881875 0.625686828125 0.1742876015625 0.622617796875 0.1636514640625 0.628935446875 0.1590040453125 0.6286757875 0.15395695468749998 0.6258664171875 0.1483679078125 0.628708959375 0.1349947953125 0.6203940968749999 0.130232278125 0.6227973890625 0.1377317703125 0.6198416015625 0.1391002578125 0.6183305375 0.1587466609375 0.6128250390625001 0.1595731890625 0.61253220625 0.173488259375
0 0.509811775 0.1865976390625 0.5055245140625 0.18169283593750002 0.49196381406249995 0.18280393749999999 0.4837953671875 0.17108388593749999 0.4772180578125 0.170684215625 0.49329529218749996 0.18907722968750001 0.4992068625 0.18634025468749998 0.5089996203125 0.190418528125 0.509811775 0.1865976390625
0 0.7334014296875 0.375892975 0.7276362734374999 0.37167241406249996 0.7292274109375 0.38299279531249997 0.7332550109375 0.382850509375 0.7334014296875 0.375892975
0 0.7077910984375 0.3584687765625 0.7050949734375 0.36488435468749997 0.711785528125 0.37728865 0.7162192046875 0.37523591875 0.7159595453125001 0.370188828125 0.71355625625 0.3626893375 0.7077910984375 0.3584687765625
0 0.6825536734375001 0.35809629374999996 0.67878573125 0.3632856703125 0.6820011781249999 0.3669642734375 0.6885784890625 0.36736394375 0.6897967203125 0.3616326109375 0.704575653125 0.354790175 0.7059403015625 0.34210130625 0.6993629921875 0.34170163593749997 0.7035370109375 0.3346018140625 0.698584009375 0.326560365625 0.698031515625 0.33542834374999997 0.6917138656249999 0.3400757625 0.6904956328125 0.345807096875 0.69437681875 0.35262234531250003 0.6825536734375001 0.35809629374999996
0 0.71916126875 0.3049763296875 0.7265507359375001 0.3015551125 0.72776896875 0.295823778125 0.732202646875 0.293771046875 0.74240148125 0.2959388765625 0.7503102671875 0.3026118390625 0.747467725 0.31598495 0.75323288125 0.3202055109375 0.76158091875 0.30600586875 0.751268840625 0.291833415625 0.736376665625 0.2866712265625 0.7283214625000001 0.2869558 0.720931996875 0.29037701718750003 0.7167579796875 0.2974768390625 0.7101806671875 0.2970771671875 0.7023851234375 0.3024088296875 0.71916126875 0.3049763296875