0 0.7255859375 0.38578725937499997 0.7119140625 0.3910006015625 0.7041015625 0.3831805890625 0.6953125 0.38448392343750004 0.6962890625 0.38839393125 0.7119140625 0.3988206140625 0.716796875 0.397517278125 0.7236328125 0.393607271875 0.7294921875 0.3962139421875 0.73046875 0.3923039359375 0.7255859375 0.38578725937499997
0 0.3671875 0.88496469375 0.3740234375 0.873234675 0.3681640625 0.873234675 0.36328125 0.8875713640624999 0.34765625 0.9032113890625 0.34765625 0.9214580828125 0.3515625 0.9214580828125 0.349609375 0.9162447406249999 0.3515625 0.905818059375 0.3671875 0.89278470625 0.3671875 0.88496469375
0 0.0341796875 0.677734375 0.0283203125 0.677734375 0.025390625 0.68164438125 0.025390625 0.7051044171874999 0.013671875 0.7181377703125 0.0146484375 0.7220477765625 0.017578125 0.720744440625 0.03125 0.7077110875 0.033203125 0.702497746875 0.029296875 0.68946439375 0.0341796875 0.677734375
0 0.17578125 0.363630559375 0.1689453125 0.359720553125 0.1552734375 0.3753605765625 0.1396484375 0.37275390625 0.1328125 0.38448392343750004 0.1337890625 0.38839393125 0.13671875 0.3870905953125 0.1416015625 0.38057391875 0.1572265625 0.3831805890625 0.1689453125 0.36754056562500004 0.17578125 0.363630559375
0 0.2138671875 0.393607271875 0.2060546875 0.404033953125 0.1904296875 0.409247296875 0.1865234375 0.41967397812499996 0.181640625 0.41837064375 0.1875 0.4340106671875 0.19140625 0.4340106671875 0.1943359375 0.41706730781249995 0.2080078125 0.41446063593750004 0.212890625 0.4079439609375 0.2138671875 0.393607271875
0 0.22265625 0.46268404375000005 0.23046875 0.46268404375000005 0.240234375 0.4600773734375 0.2275390625 0.44834735625000005 0.22265625 0.4548640328125 0.22265625 0.46268404375000005
0 0.2861328125 0.318013821875 0.2890625 0.3167104859375 0.291015625 0.30628380312500003 0.28515625 0.295857121875 0.2841796875 0.2789137609375 0.28125 0.28282376875000004 0.28125 0.295857121875 0.27734375 0.30107046249999997 0.2763671875 0.31019380937499996 0.2626953125 0.3075871390625 0.2587890625 0.29976712656250004 0.2578125 0.3114971453125 0.2607421875 0.3154071515625 0.2724609375 0.318013821875 0.2802734375 0.333653846875 0.29296875 0.3375638515625 0.28125 0.3193171578125 0.28125 0.30628380312500003 0.28515625 0.303677134375 0.2861328125 0.318013821875
0 0.3681640625 0.30498046875 0.3583984375 0.30498046875 0.3544921875 0.31019380937499996 0.345703125 0.308890475 0.3505859375 0.3154071515625 0.357421875 0.314103815625 0.3603515625 0.31019380937499996 0.3720703125 0.31280048125 0.375 0.308890475 0.3681640625 0.30498046875
0 0.4306640625 0.5369741593749999 0.4228515625 0.547400840625 0.4140625 0.5487041765625 0.4189453125 0.555220853125 0.423828125 0.55391751875 0.4287109375 0.547400840625 0.4384765625 0.547400840625 0.443359375 0.5408841640625 0.4306640625 0.5369741593749999
0 0.5234375 0.6477576625 0.51953125 0.6373309796875 0.5146484375 0.6334209734375 0.51171875 0.6373309796875 0.517578125 0.642544321875 0.517578125 0.6477576625 0.509765625 0.6764310390625 0.501953125 0.6842510515625 0.501953125 0.694677734375 0.5078125 0.694677734375 0.505859375 0.68946439375 0.513671875 0.68164438125 0.51953125 0.652971003125 0.5234375 0.6477576625
0 0.615234375 0.778091196875 0.6181640625 0.78721454375 0.6220703125 0.7820012015625 0.6357421875 0.78721454375 0.642578125 0.80155123125 0.642578125 0.7911245484375 0.6357421875 0.77939453125 0.6220703125 0.7715745187499999 0.615234375 0.778091196875
0 0.7744140625 0.873234675 0.7705078125 0.873234675 0.76171875 0.8875713640624999 0.763671875 0.9006047171875 0.75390625 0.9162447406249999 0.75390625 0.9240647531249999 0.7578125 0.9240647531249999 0.7578125 0.9188514124999999 0.767578125 0.905818059375 0.767578125 0.88496469375 0.7744140625 0.873234675
0 0.884765625 0.9788048375 0.8740234375 0.9618614781250001 0.8662109375 0.9618614781250001 0.861328125 0.973591496875 0.8544921875 0.98271484375 0.849609375 0.9840181781249999 0.8505859375 0.9879281843750001 0.859375 0.9866248499999999 0.865234375 0.9814115093750001 0.8701171875 0.969681490625 0.8818359375 0.98271484375 0.884765625 0.9788048375
0 0.8037109375 0.5291541468750001 0.798828125 0.53827749375 0.798828125 0.54609750625 0.806640625 0.55391751875 0.80078125 0.5695575421875 0.802734375 0.574770884375 0.8125 0.559130859375 0.810546875 0.551310846875 0.802734375 0.5434908359375 0.8037109375 0.5291541468750001
0 0.8037109375 0.2215670078125 0.8017578125 0.2267803484375 0.7900390625 0.2267803484375 0.7802734375 0.23720703125 0.7646484375 0.22938701875 0.7509765625 0.24242037343749998 0.744140625 0.24111703750000002 0.7470703125 0.2476337140625 0.7548828125 0.2476337140625 0.7626953125 0.2398137015625 0.7763671875 0.2476337140625 0.78125 0.246330378125 0.7900390625 0.23460036093749997 0.8037109375 0.23199369062500003 0.806640625 0.22287034218750001 0.8037109375 0.2215670078125
0 0.5908203125 0.37796724843749996 0.58984375 0.389697265625 0.5830078125 0.40142728437499997 0.572265625 0.4001239484375 0.5771484375 0.409247296875 0.5849609375 0.409247296875 0.587890625 0.4131573015625 0.587890625 0.4340106671875 0.58984375 0.4340106671875 0.59375 0.423583984375 0.58984375 0.40273061875 0.59765625 0.3923039359375 0.5908203125 0.37796724843749996
0 0.537109375 0.4470440203125 0.544921875 0.441830678125 0.5458984375 0.4353140015625 0.5361328125 0.43792067343749996 0.529296875 0.44443735 0.52734375 0.4548640328125 0.517578125 0.47050405624999997 0.517578125 0.48353740937499995 0.509765625 0.491357421875 0.517578125 0.491357421875 0.5234375 0.48614408124999997 0.5234375 0.4757173984375 0.533203125 0.46268404375000005 0.537109375 0.4470440203125
0 0.5048828125 0.44834735625000005 0.5009765625 0.44834735625000005 0.5 0.45225736093749996 0.505859375 0.4600773734375 0.505859375 0.465290715625 0.5 0.4757173984375 0.5 0.48614408124999997 0.5078125 0.4965707640625 0.505859375 0.4757173984375 0.51171875 0.46789738593749997 0.51171875 0.4600773734375 0.5048828125 0.44834735625000005
0 0.533203125 0.33495718124999996 0.5283203125 0.3206204921875 0.513671875 0.3193171578125 0.5146484375 0.3232271640625 0.5224609375 0.325833834375 0.5322265625 0.344080528125 0.54296875 0.3453838640625 0.544921875 0.34277719375000004 0.5419921875 0.3388671875 0.5361328125 0.3388671875 0.533203125 0.33495718124999996
0 0.4443359375 0.276307090625 0.4404296875 0.276307090625 0.435546875 0.28282376875000004 0.4306640625 0.29716045625 0.4248046875 0.29716045625 0.421875 0.30107046249999997 0.419921875 0.314103815625 0.42578125 0.314103815625 0.427734375 0.30628380312500003 0.4365234375 0.3023737984375 0.44140625 0.29325045156249996 0.4443359375 0.276307090625
0 0.43359375 0.23069035468750002 0.4345703125 0.23460036093749997 0.453125 0.246330378125 0.4541015625 0.23720703125 0.4462890625 0.23460036093749997 0.4404296875 0.2267803484375 0.43359375 0.23069035468750002
0 0.3330078125 0.690767728125 0.328125 0.6972844046875 0.328125 0.7051044171874999 0.3388671875 0.71944110625 0.34375 0.7181377703125 0.34375 0.710317759375 0.333984375 0.6998910765625 0.3359375 0.6920710640625 0.3330078125 0.690767728125
0 0.37890625 0.6034442609374999 0.376953125 0.6112642734375 0.380859375 0.6138709437500001 0.3828125 0.6008375906250001 0.3759765625 0.5943209140625 0.373046875 0.59823091875 0.37890625 0.6034442609374999
0 0.2919921875 0.5995342546875 0.2841796875 0.6073542671875 0.275390625 0.60605093125 0.2822265625 0.615174278125 0.28515625 0.6138709437500001 0.2958984375 0.604747596875 0.3017578125 0.604747596875 0.302734375 0.6008375906250001 0.2919921875 0.5995342546875
0 0.2685546875 0.5578275234375 0.2626953125 0.5578275234375 0.2568359375 0.563040865625 0.2529296875 0.56043419375 0.251953125 0.566950871875 0.2548828125 0.5708608765625 0.2578125 0.5695575421875 0.2626953125 0.5656475359375001 0.2744140625 0.5656475359375001 0.275390625 0.5617375296875 0.2685546875 0.5578275234375
0 0.8935546875 0.32844050468749997 0.896484375 0.34277719375000004 0.890625 0.35059720625 0.890625 0.3610238890625 0.896484375 0.37145057187499997 0.89453125 0.35320387656249996 0.90234375 0.34277719375000004 0.90234375 0.33495718124999996 0.8935546875 0.32844050468749997
0 0.8095703125 0.24502704375 0.8017578125 0.24242037343749998 0.80078125 0.246330378125 0.810546875 0.254150390625 0.80859375 0.2697904140625 0.810546875 0.2776104265625 0.8232421875 0.2945537859375 0.826171875 0.29325045156249996 0.82421875 0.2854304390625 0.814453125 0.2723970859375 0.814453125 0.2515437203125 0.8095703125 0.24502704375
0 0.7685546875 0.5056941109374999 0.7783203125 0.503087440625 0.779296875 0.49917743437500006 0.7744140625 0.495267428125 0.7607421875 0.4978740984375 0.7509765625 0.4926607578125 0.7294921875 0.5056941109374999 0.69921875 0.509604115625 0.7001953125 0.5161207937500001 0.708984375 0.5148174578125 0.7138671875 0.5109074515625001 0.7294921875 0.5135141234375 0.7509765625 0.5004807687499999 0.7685546875 0.5056941109374999
0 0.876953125 0.6295109671875 0.8720703125 0.622994290625 0.865234375 0.6242976265625 0.873046875 0.6321176390625001 0.873046875 0.642544321875 0.8876953125 0.65948768125 0.8994140625 0.6620943515625 0.9091796875 0.6699143640624999 0.9140625 0.6686110281250001 0.8994140625 0.6542743390625 0.8837890625 0.6464543265625 0.876953125 0.6373309796875 0.876953125 0.6295109671875