0 0.281420684375 0.2237981 0.28070660625 0.2179824 0.274119490625 0.21780729999999998 0.281420684375 0.2237981
0 0.24404022812499998 0.2401946 0.236040478125 0.23920905312500002 0.23016744218750002 0.2448496515625 0.2308815203125 0.2506653515625 0.2184213671875 0.2561308515625 0.2226592671875 0.2585621921875 0.23300823125 0.2572914984375 0.2379291640625 0.24389663281249999 0.24404022812499998 0.2401946
0 0.4825269234375 0.20402484062499998 0.49239983593750003 0.1988770140625 0.49003509687499996 0.1903123015625 0.47476520000000005 0.2049778609375 0.4856057390625 0.2184052546875 0.4825269234375 0.20402484062499998
0 0.38064137656249997 0.1870179234375 0.3799272984375 0.1812022234375 0.37286413125 0.17714998906249999 0.3731176796875 0.189909509375 0.391243890625 0.19850675 0.3950057375 0.1970609578125 0.3933550796875 0.19431194375 0.38064137656249997 0.1870179234375
0 0.410089334375 0.544492115625 0.40397827187499996 0.5481941499999999 0.40469235000000003 0.55400985 0.40893024999999994 0.5564411890625001 0.410089334375 0.544492115625
0 0.3741680796875 0.5941619218749999 0.37792992812500004 0.5927161296875 0.37839045625 0.585772309375 0.36991465625000003 0.580909628125 0.3661528078125 0.582355421875 0.3741680796875 0.5941619218749999
0 0.3638656828125 0.627895475 0.3709288515625 0.631947709375 0.3786905734375 0.6309946890625 0.389991640625 0.6374782640625 0.3892775625 0.6316625640625 0.383389003125 0.626482209375 0.3638656828125 0.627895475
0 0.2953555375 0.7543750218749999 0.291133159375 0.7627646343750001 0.293259871875 0.76939078125 0.301244096875 0.7595553749999999 0.2986413328125 0.7490520953125 0.286641709375 0.747573775 0.2953555375 0.7543750218749999
0 0.274119465625 0.7097554609375 0.2760081515625 0.714443040625 0.281420659375 0.7157462609375 0.294341340625 0.7033369406250001 0.29150054999999997 0.69089509375 0.28634159375 0.70235139375 0.274119465625 0.7097554609375
0 0.4211109640625 0.8481466875000001 0.40347633125 0.854247534375 0.40019053437499996 0.8595704609375 0.4218250421875 0.8539623875 0.43826954687499997 0.8381687078125 0.43050782343750005 0.8391217281250001 0.4211109640625 0.8481466875000001
0 0.48354109375 0.7470110812499999 0.4993180875 0.7578645625 0.5030799359375 0.7564187687499999 0.5023658578125 0.75060306875 0.49389005625 0.7457403890625 0.5009377015625 0.73897166875 0.4985729640625 0.73040695625 0.48354109375 0.7470110812499999
0 0.3490718390625 0.64643816875 0.330723125 0.646723315625 0.3189770515625 0.6580045140624999 0.3058028203125 0.6576543140625 0.3022789984375 0.6610386734375 0.322278371875 0.6635025406249999 0.3363736609375 0.6499651015625 0.34696065 0.650632975 0.3490718390625 0.64643816875
0 0.32308558593750003 0.7342439625 0.3348316609375 0.7229627625 0.3428314078125 0.723948309375 0.34235535625 0.7200711765625 0.3341175828125 0.7171470625 0.3197842671875 0.7287459359375 0.31202254375 0.7296989546875 0.30614950625000004 0.7353395546875 0.306863584375 0.7411552546875 0.3108634609375 0.741648028125 0.3153238625 0.7351969828125 0.32308558593750003 0.7342439625
0 0.296328346875 0.61257450625 0.3033759921875 0.6058057859375 0.30172533125 0.6030567734375001 0.298900065625 0.6014358796875 0.2904397859375 0.607394153125 0.28928070156249996 0.6193432265625 0.2775346296875 0.6306244265625 0.288137140625 0.642113253125 0.2878835921875 0.6293537328125 0.2972804515625 0.6203287734375 0.296328346875 0.61257450625
0 0.5524755406249999 0.75232154375 0.550348828125 0.7456953984375 0.5376351265625 0.7384013765625 0.54396869375 0.72581695625 0.53973079375 0.7233856171874999 0.5268101109375001 0.7357949359375 0.53058748125 0.745170096875 0.5416505234375 0.7497151046874999 0.5444913140625001 0.7621569515625 0.5524755406249999 0.75232154375
0 0.3580702609375 0.68764084375 0.37054593593749996 0.692996296875 0.37572041875 0.6923609500000001 0.3815934546875 0.68672035 0.3794667421875 0.680094203125 0.3740542359375 0.6787909828124999 0.36935580468749996 0.6833034640625 0.35499144375 0.6732604296875 0.33946799843750003 0.67516646875 0.3335949625 0.68080706875 0.3352456203125 0.6835560828125 0.350531040625 0.6797114765625001 0.3580702609375 0.68764084375
0 0.4360083125 0.57377824375 0.449881096875 0.5691231921875 0.45645269062500005 0.5584773375000001 0.4722141625 0.5585098656249999 0.4783407484375 0.5656287859375 0.4908009015625 0.5601632859375 0.5062933015625 0.5366153390624999 0.49359512343749995 0.540142271875 0.47738864375 0.55787451875 0.4635003359375 0.55170861875 0.45056413125 0.553296984375 0.43619977031249996 0.54325395 0.4256127796875 0.5425860765625 0.44469109375000004 0.558937584375 0.4360083125 0.57377824375
0 0.43557364375 0.7627397078125 0.4365257484375 0.7704939734375 0.44923945156249995 0.77778799375 0.45300130000000005 0.7763422015625 0.452287221875 0.7705265015625 0.44357339375000004 0.7637252546875 0.44803379843749996 0.7572742078125 0.4449705046875 0.753714746875 0.44684366875 0.7475813734375001 0.46589093593750003 0.742290975 0.46987528593750005 0.7319627953125 0.44730419843749997 0.740637553125 0.439542475 0.7415905734375 0.43389193906249995 0.7383487859375 0.4294315375 0.7447998328125001 0.41838401875000003 0.7510757796875 0.419098096875 0.7568914796875 0.42898653124999997 0.76256460625 0.43557364375 0.7627397078125
0 0.45104018281249997 0.5571741171875 0.44540517187499995 0.5647532843749999 0.44705583281249994 0.5675022984375 0.45292886718750003 0.5618616984375 0.45104018281249997 0.5571741171875
0 0.6561980468749999 0.40998075624999997 0.6524362 0.41142655 0.6548009359375 0.4199912640625 0.658562784375 0.4185454703125 0.6561980468749999 0.40998075624999997
0 0.5847539734375 0.459092734375 0.576531721875 0.46698957500000005 0.58429344375 0.4660365546875 0.5901664828125 0.4603959546875 0.58756371875 0.44989267499999996 0.5840398953125 0.453277034375 0.5847539734375 0.459092734375
0 0.681258059375 0.49643833906249996 0.687591625 0.48385391875000006 0.6859409656250001 0.48110490625 0.6774806875 0.487063178125 0.6751469953125 0.5001403718749999 0.681258059375 0.49643833906249996
0 0.503136871875 0.4681301578125 0.4925654046875 0.4782832390625 0.49069224218749996 0.4844166109375 0.5092634578124999 0.47524907968749996 0.5137238609375 0.4687980328125 0.5080733265624999 0.46555624531250006 0.503136871875 0.4681301578125
0 0.7601637375 0.40115096093749997 0.766036775 0.3955103609375 0.7641325671875 0.3800018265625 0.7688309953125 0.375489346875 0.7671803359375 0.372740334375 0.75637084375 0.38095484687500003 0.7601637375 0.40115096093749997
0 0.69227453125 0.4685204859375 0.7033375734375 0.4730654921875 0.707099421875 0.47161970000000003 0.7054487625 0.46887068593750003 0.6960208578125 0.4562537390625 0.6917984796875001 0.4646433515625 0.6830846515625 0.45784210468750003 0.6767355640625 0.45960557187499995 0.6772116171875 0.4634827046875 0.6882746578125001 0.46802771249999997 0.69040136875 0.47465385937500004 0.69227453125 0.4685204859375
0 0.498531578125 0.537568359375 0.4877220859375 0.545782871875 0.4860869484375 0.5538548125 0.4764520640625 0.56094120625 0.4783407484375 0.5656287859375 0.49643591249999997 0.5525841203125 0.5062933015625 0.5366153390624999 0.498531578125 0.537568359375
0 0.6936095515625 0.4152261640625 0.6771495234375 0.42019889062500004 0.678339653125 0.42989172499999995 0.684466240625 0.43701064531249995 0.6793072812500001 0.4484669453125 0.6844817640625 0.4478315984375 0.6927040156250001 0.4399347578125 0.6853872984375 0.42312300468749997 0.6936095515625 0.4152261640625
0 0.7176812296875 0.632663309375 0.7160150468750001 0.6190933421875 0.712951753125 0.61553388125 0.69695225625 0.6135627875 0.6910636953125 0.608382434375 0.6873018484375 0.6098282265625 0.6882539515625 0.61758249375 0.69531711875 0.621634728125 0.705904109375 0.6223026015625 0.7176812296875 0.632663309375
0 0.5621000859375 0.5740384625 0.56090995625 0.564345628125 0.57102089375 0.56113636875 0.5691322078125001 0.5564487890625001 0.55878324375 0.55771948125 0.5552594203125001 0.5611038421875 0.5538623125 0.5711143484375001 0.544703478125 0.582077875 0.5520046703125 0.5880686749999999 0.56376626875 0.5876084296874999 0.5550524421875 0.58080718125 0.5621000859375 0.5740384625
0 0.6624177703125 0.48202539843750003 0.6659415937500001 0.4786410375 0.66405290625 0.47395345781250003 0.649481565625 0.4836137640625 0.634196146875 0.48745837031250006 0.622895078125 0.480974796875 0.6165459890625 0.4827382625 0.6287991625 0.496976103125 0.6327990359375 0.49746887656250005 0.6398466796875 0.4907001578125 0.6624177703125 0.48202539843750003
0 0.7145247984374999 0.564178128125 0.7166359875 0.5599833203125 0.710747428125 0.5548029671875 0.6954620078125 0.5586475734375 0.684398965625 0.5541025671875001 0.6740500015625 0.555373259375 0.6705261796875 0.55875761875 0.6964141109375 0.566401840625 0.703937809375 0.5635102546875 0.7145247984374999 0.564178128125
0 0.6703968125 0.6325657265625 0.6741586625 0.631119934375 0.6725080015625 0.6283709203125001 0.6609689078125001 0.6199487796875001 0.6452074359375 0.619916253125 0.6376682171875 0.6119868859375 0.63060505 0.6079346515624999 0.6268432015625 0.6093804453125 0.635334525 0.6250640796875 0.651095996875 0.62509660625 0.6703968125 0.6325657265625
0 0.678795 0.583323640625 0.68136671875 0.5721850125 0.6667953765625 0.5818453203125 0.657367471875 0.569228371875 0.6458439 0.5716271859375001 0.651494434375 0.574868971875 0.6557478578125 0.588121265625 0.662573 0.5902349328125001 0.6729219625 0.5889642390625001 0.678795 0.583323640625
0 0.5875430125000001 0.59944745625 0.5823685296875001 0.6000828031250001 0.57673351875 0.6076619703125 0.6007482875 0.6214395640625 0.6085100109375 0.6204865453124999 0.6143830484375 0.6148459453124999 0.6124943625 0.6101583640625 0.5875430125000001 0.59944745625
0 0.607495815625 0.5694484640625 0.619241890625 0.5581672640625001 0.624416371875 0.5575319171875 0.6326386234375 0.549635078125 0.625797959375 0.5367004578125 0.639908771875 0.533983971875 0.641781934375 0.5278505984375 0.636369428125 0.526547378125 0.6342582375 0.530742184375 0.6239092734375 0.5320128765625001 0.615687021875 0.5399097171875 0.6194643921874999 0.549284878125 0.5929089515625 0.5682878171875 0.5971468515625 0.57071915625 0.607495815625 0.5694484640625
0 0.8241203171875 0.7081449 0.8184697812499999 0.7049031140625 0.8121206937500001 0.7066665796875 0.82459636875 0.712022034375 0.8241203171875 0.7081449
0 0.8431520625 0.6920335468750001 0.8401042921874999 0.699295040625 0.842231003125 0.7059211875 0.845754825 0.702536828125 0.8431520625 0.6920335468750001
0 0.9527372406250001 0.6648036312500001 0.9616735703125 0.6627224921875 0.9593088312500001 0.654157778125 0.955308959375 0.6536650046875 0.9583722515625 0.6572244640625 0.9527372406250001 0.6648036312500001
0 0.8812569390625 0.8526494375 0.875606403125 0.8494076515625 0.86384480625 0.849867896875 0.881732990625 0.8565265703125 0.8812569390625 0.8526494375
0 0.8343243906250001 0.7698613609375 0.8308005703125 0.773245721875 0.829641484375 0.7851947953125 0.8367046515625001 0.7892470281249999 0.839053865625 0.7869907890625 0.8348159671875001 0.7845594484375 0.8343243906250001 0.7698613609375
0 0.8866384 0.8323107515625001 0.8750993046875 0.8238886109375001 0.8689882421874999 0.82759064375 0.8755753578125001 0.82776574375 0.8871144515625 0.836187884375 0.8972253890624999 0.832978625 0.8967493375 0.829101490625 0.8866384 0.8323107515625001
0 0.8876215500000001 0.861706925 0.88432023125 0.8562088984375 0.8817485125 0.8673475249999999 0.8857483875 0.8678402984375 0.8878595765625 0.8636454921875 0.9113827703125 0.8627249984375001 0.9109067187500001 0.858847865625 0.8876215500000001 0.861706925
0 0.8274526812499999 0.735284834375 0.8185008281249999 0.7265450203125 0.81497700625 0.7299293796875 0.815453059375 0.7338065140625 0.8251034671875 0.7375410734375001 0.8408649374999999 0.7375736015625 0.8403888859374999 0.73369646875 0.8274526812499999 0.735284834375
0 0.7148818234375 0.8130600578125 0.7207548625 0.8074194578125 0.7311038265625001 0.8061487656249999 0.7308658 0.8042101984375 0.7176915687500001 0.8038599984375001 0.7094693171875 0.8117568374999999 0.7078341796875 0.819828778125 0.695612053125 0.8272328437500001 0.7024371953124999 0.8293465109374999 0.7099608921875 0.826454925 0.7155959015625 0.8188757578124999 0.7148818234375 0.8130600578125
0 0.8343864828124999 0.813145175 0.8550844109375 0.8106037890625 0.8609574468750001 0.8049631890625 0.8588307359374999 0.7983370421875 0.8531802031250001 0.79509525625 0.8494338765625 0.807362003125 0.826386734375 0.812159628125 0.8228629109375 0.8155439890625 0.8217038265625 0.8274930625 0.8257037015625001 0.8279858359375 0.829227525 0.824601475 0.8343864828124999 0.813145175
0 0.866690778125 0.7019340078125 0.877293290625 0.7134228359375 0.8843409359375001 0.7066541156249999 0.89938833125 0.7008709421875 0.9071500531250001 0.6999179234375 0.9233875765624999 0.703827584375 0.9292606140625 0.698186984375 0.9271339015625 0.6915608375 0.9226734984375 0.698011884375 0.9064359734374999 0.6941022234374999 0.8784523765625 0.7014737625 0.87397645 0.6971038546874999 0.8857225234375001 0.6858226562499999 0.8840718640624999 0.6830736421875 0.8659767 0.6961183078125 0.866690778125 0.7019340078125
0 1 0.8029507375 0.995747525 0.8012037015625 0.9879858031250001 0.8021567203125001 0.9821127671875001 0.8077973203125 0.9809536812499999 0.81974639375 0.9668583921874999 0.833283834375 0.9680485234375 0.8429766671875001 0.9755877421875001 0.8509060343750001 0.9791115640625 0.847521675 0.9748581421875 0.83426938125 0.9889534296875 0.8207319421875001 0.9901125140625 0.8087828671875 0.9964616046874999 0.8070194015625001 1 0.8081152015624999 1 0.8029507375
0 0.8987518671875 0.7491600109375 0.9128782015624999 0.757264478125 0.9114810906249999 0.767274984375 0.917131625 0.770516771875 0.917845703125 0.776332471875 0.9011476500000001 0.77936663125 0.8929253984375001 0.7872634703125 0.8915282859375001 0.797273978125 0.89670276875 0.79663863125 0.901861728125 0.7851823312499999 0.9067981828124999 0.7826084171875001 0.9122106921875 0.7839116374999999 0.922083603125 0.7787638109375 0.9312424375000001 0.767800284375 0.9234807140625 0.7687533046875 0.9192428125 0.7663219640625 0.9204018968750001 0.754372890625 0.9060375359374999 0.7443298578124999 0.9074346484375001 0.73431935 0.9031967468750001 0.7318880109375 0.8975617359375001 0.7394671765624999 0.8987518671875 0.7491600109375
0 0.9288311312499999 0.7267727109375001 0.9398631265624999 0.7096758109375 0.9577357875000001 0.70551353125 0.9666565953124999 0.6926114390625 0.9868784703125 0.68619291875 0.9925134796874999 0.6786137531249999 0.9906247953125 0.673926171875 0.987561503125 0.6703667125 0.9772125390624999 0.6716374046875 0.957021709375 0.69969783125 0.9365618078125 0.704177784375 0.9264663921875 0.718207996875 0.9142442656249999 0.7256120640625 0.9184821671875 0.7280434046875001 0.9288311312499999 0.7267727109375001