0 0.3434224015625 0.1847326734375 0.3487308171875 0.18305507031249998 0.34247861875 0.17783789375 0.346308340625 0.1545689359375 0.3424548015625 0.153389078125 0.33839682656250003 0.1561101171875 0.33778351406249996 0.16781280625 0.33216844375 0.1753417546875 0.338318425 0.1825093796875 0.3434224015625 0.1847326734375
0 0.3814844171875 0.03124089375 0.3803361953125 0.028247009375 0.3673207046875 0.027564896875 0.3572149671875 0.021167860937499998 0.32702378906249996 0.024475121875 0.3358790875 0.029828721875000002 0.35420299375000003 0.02883323125 0.3618078515625 0.033143395312500004 0.37482334375000004 0.033825509375 0.3814844171875 0.03124089375
0 0.573319759375 0.08138856718750001 0.5628051468749999 0.082793325 0.5506312203125 0.090956440625 0.554382540625 0.094086746875 0.5703077859375 0.0890539375 0.5803113046874999 0.097401421875 0.5856197203125 0.09572381875 0.573319759375 0.08138856718750001
0 0.5608322234374999 0.1951487375 0.574995934375 0.19882473437499998 0.5778034703125 0.195060259375 0.5725972734375 0.1947874140625 0.5650946343750001 0.18852680156249998 0.5572853390625 0.188117534375 0.5505220484375 0.1926525984375 0.56146935 0.20789486250000003 0.5654251046875001 0.20712427187500002 0.5656295421875 0.203223375 0.5608322234374999 0.1951487375
0 0.3619437921875 0.279581996875 0.36704776875 0.2818052890625 0.3697530859375 0.2799912640625 0.367354425 0.2759539453125 0.35694203125 0.27540825468749996 0.3488260796875 0.28085033125000003 0.3412212234375 0.27654016718749996 0.33205926875 0.2770379125 0.3459163265625 0.286565253125 0.3511225234375 0.28683809843749997 0.3619437921875 0.279581996875
0 0.27429687343750003 0.40798338125000005 0.2899154640625 0.40880191562499996 0.2900176828125 0.4068514671875 0.2796052890625 0.406305778125 0.2733530890625 0.4010886 0.2736597453125 0.3952372546875 0.27907038125 0.39160920312499997 0.278126596875 0.3847144234375 0.26855576875 0.3930139625 0.2655437953125 0.4006793328125 0.27429687343750003 0.40798338125000005
0 0.220906065625 0.43061075625 0.2135056453125 0.4223996953125 0.20944766874999998 0.425120734375 0.2219520671875 0.43555508906249996 0.220292753125 0.44231344687499996 0.22965914375000002 0.4379148046875 0.2286131421875 0.43297047187500004 0.220906065625 0.43061075625
0 0.1968340984375 0.5163825375 0.22184289375000002 0.5372512453125 0.2251853390625 0.5481833453125 0.22934553281249997 0.543511859375 0.2284017484375 0.536617078125 0.20089207187499997 0.5136614984375 0.1968340984375 0.5163825375
0 0.2709236578125 0.47234817500000004 0.25520285 0.47348008750000004 0.2432333609375 0.47774230624999997 0.28873647187499996 0.4811049265625 0.288838690625 0.479154478125 0.28133605156249997 0.472893865625 0.2709236578125 0.47234817500000004
0 0.29629369843750003 0.4365174609375 0.29649813593749996 0.4326165640625 0.2861879609375 0.430120425 0.27817422812500003 0.43361205312499995 0.267864053125 0.43111591562499996 0.266409178125 0.43397337656249996 0.272661375 0.439190553125 0.2804706703125 0.439599821875 0.2858813046875 0.4359717703125 0.29629369843750003 0.4365174609375
0 0.368645540625 0.42564071875 0.3675995390625 0.42069638749999994 0.3625977796875 0.41652264531250005 0.3547884859375 0.41611337812500004 0.32699596875000003 0.42345795781250006 0.34636587812499997 0.4274068 0.35448182968749997 0.42196472343749997 0.35968802499999997 0.42223756718749994 0.36458756718749996 0.42836175781249997 0.368645540625 0.42564071875
0 0.35044766875 0.4491345765625 0.3505498875 0.44718412812499997 0.341490153125 0.44573142499999996 0.3391937109375 0.4397436578125 0.342205684375 0.4320782859375 0.335749046875 0.43076200625 0.331691071875 0.4334830453125 0.3336808578125 0.44532215781250006 0.3374321765625 0.44845246406249994 0.35044766875 0.4491345765625
0 0.5026063656249999 0.384744078125 0.47991782499999996 0.3943119515625 0.472745659375 0.4066488078125 0.46358370625 0.40714655312500003 0.472541221875 0.41054970468749996 0.48045273593750004 0.40900852499999996 0.48762490312500006 0.3966716671875 0.5036523671875 0.38968840937500004 0.5026063656249999 0.384744078125
0 0.46552586093750004 0.3700880359375 0.4541696828125 0.3626475640625 0.4527148046875 0.3655050265625 0.46021744375000007 0.37176563906250004 0.45980856875000004 0.37956743125000003 0.4661629875 0.3828341609375 0.46636742499999995 0.3789332640625 0.46552586093750004 0.3700880359375
0 0.43115067187499995 0.35361796874999996 0.44061928124999994 0.347268878125 0.43957327968750004 0.3423245453125 0.4344693015625 0.340101253125 0.430411325 0.34282229062499997 0.43115067187499995 0.35361796874999996
0 0.57115925625 0.3218394 0.5660552796875 0.31961610625 0.5643959640625 0.32637446406250004 0.5484707171875 0.3314072734375 0.5493122828125 0.34025250156250003 0.5602357703124999 0.3310459515625 0.5654419671875 0.331318796875 0.572205259375 0.32678373125000004 0.57115925625 0.3218394
0 0.5916535703125 0.3043333109375 0.5957115468749999 0.301612271875 0.606021721875 0.30410841093749996 0.6062261578125 0.3002075140625 0.6011221812499999 0.2979842203125 0.5880044703125 0.29925255625 0.580832303125 0.3115894125 0.5690672515624999 0.3119507359375 0.5650092765625 0.314671775 0.5687605953125 0.31780208125 0.5817760875 0.31848419375 0.5916535703125 0.3043333109375
0 0.6418517875 0.3177210171875 0.64945664375 0.32203118124999996 0.6534124 0.321260590625 0.6522641796875 0.3182667078125 0.6421584421875 0.311869671875 0.634349146875 0.31146040468749997 0.62498275625 0.3158590453125 0.615309709375 0.3261090328125 0.6061477562500001 0.326606778125 0.62031146875 0.33028277500000003 0.6340424921875 0.3173117484375 0.6418517875 0.3177210171875
0 0.7375531125 0.33447134375 0.7246398390625 0.33183878125 0.7205818640625 0.3345598203125 0.7201729890624999 0.3423616140625 0.725379184375 0.34263445937500003 0.725685840625 0.3367831140625 0.7297438171875 0.33406207499999996 0.7348477953125 0.33628536875 0.7375531125 0.33447134375
0 0.45226820468750006 0.548349421875 0.46268059843750003 0.5488951125 0.4732974296875 0.5455399062499999 0.48215272656249997 0.55089350625 0.4831987296875 0.5558378375 0.49111024218750005 0.5542966578125 0.503614640625 0.5647310125 0.51298103125 0.5603323703124999 0.511935028125 0.5553880390625 0.5096385859375 0.5494002703125 0.5040235156249999 0.55692921875 0.4966230953125 0.5487181578125 0.48881379999999996 0.548308890625 0.4710009859375 0.5395521390625 0.45767883749999994 0.5447213703125 0.44611822500000003 0.541181796875 0.45226820468750006 0.548349421875
0 0.44230536093749995 0.688645278125 0.44250979843750005 0.68474438125 0.4336545015625 0.67939078125 0.4391673546875 0.67381228125 0.43947401093750005 0.6679609359375 0.4282200515625 0.6585700171875 0.42666295625000006 0.6633779265624999 0.431460278125 0.671452565625 0.42574298749999995 0.6809319609375 0.44230536093749995 0.688645278125
0 0.37244744375 0.8013545984375 0.361626175 0.8086107015625 0.36351374375 0.8224002625000001 0.3553977921875 0.8278423390625 0.3551933546875 0.8317432359374999 0.35904689218749997 0.8329230937500001 0.3672650609375 0.82553056875 0.3803827734375 0.8242622328125 0.3832925265625 0.8185473109375 0.380791646875 0.816460440625 0.37548323125 0.81813804375 0.3692310328125 0.812920865625 0.3800523 0.8056647625 0.380461175 0.7978629703125 0.369104996875 0.7904224984375 0.358692603125 0.7898768078125 0.37244744375 0.8013545984375
0 0.5456353609375 0.7341545828125 0.5459420171875 0.7283032390625 0.555615065625 0.7180532515625 0.5477035515625001 0.7195944328125 0.538030503125 0.7298444187500001 0.537723846875 0.7356957640624999 0.5450220484375 0.7458572734375 0.54045298125 0.758330553125 0.549717153125 0.7558823593749999 0.550534903125 0.7402787734375 0.5456353609375 0.7341545828125
0 0.595165678125 0.8100930578125001 0.6108864859375001 0.8089611453125001 0.6109887046875 0.807010696875 0.6006785296875 0.804514559375 0.5907772296875 0.7942166265624999 0.5802626171874999 0.795621384375 0.572555540625 0.79326166875 0.5684975671875 0.7959827078124999 0.5721466656249999 0.8010634624999999 0.585162159375 0.801745575 0.595165678125 0.8100930578125001
0 0.6809180718750001 0.767647821875 0.69663888125 0.766515909375 0.7017428578125 0.768739203125 0.7019472953125 0.7648383062499999 0.699446415625 0.7627514359374999 0.6863287062500001 0.7640197703125 0.67382430625 0.753585415625 0.6686181109375 0.753312571875 0.6616503796875 0.7617485312500001 0.6654017015625 0.7648788390625 0.6735176515625 0.7594367609375 0.6809180718750001 0.767647821875
0 0.68201170625 0.821489784375 0.6812723593750001 0.8106941078125001 0.670962184375 0.80819796875 0.6643011125 0.810782584375 0.6593231671875001 0.8310576578125 0.6686895578125001 0.8266590171875 0.66909843125 0.8188572234375 0.673156409375 0.8161361843750001 0.6780559484375 0.8222603749999999 0.68201170625 0.821489784375
0 0.5501905203125 0.9211727218749999 0.5542484953125 0.9184516828125 0.553100275 0.9154577984375001 0.5190555578125 0.9175852015625001 0.5148953656249999 0.9222566890625 0.5501905203125 0.9211727218749999
0 0.7465473 0.9099494859374999 0.7335318078124999 0.909267371875 0.7274840453125 0.9001492984375 0.7237327265625 0.8970189921875 0.7197769703125 0.8977895828125 0.721868975 0.907678246875 0.7281211734374999 0.9128954234375 0.74624064375 0.9158008296875 0.7465473 0.9099494859374999
0 0.7947388671875 0.7873035546875 0.7987968421875 0.7845825171875 0.7976486203125 0.7815886328125 0.787134009375 0.782993390625 0.7746296109374999 0.7725590359375001 0.766820315625 0.7721497687500001 0.7491335375 0.785891384375 0.7556923921875 0.785257215625 0.771822075 0.7763235093749999 0.7843264734375001 0.7867578640625 0.7947388671875 0.7873035546875
0 0.7299204328125 0.7291440140625001 0.7135863125 0.7419786171875 0.7070274578125 0.742612784375 0.7132796578125 0.7478299625 0.7296137765624999 0.7349953593749999 0.75293944375 0.7381736109375 0.75314388125 0.7342727140624999 0.7299204328125 0.7291440140625001
0 0.894583528125 0.6751878703124999 0.9055070140625 0.66598131875 0.9184202859375 0.6686138796875001 0.9187269406249999 0.6627625359375 0.9137251828125 0.65858879375 0.9059158890625 0.658179525 0.8896839859375 0.6690636796875 0.8766684937500001 0.6683815671875 0.871768953125 0.6622573765624999 0.8701096390625 0.6690157343750001 0.8763618390625 0.6742329125000001 0.894583528125 0.6751878703124999
0 0.7144110171875 0.626629321875 0.721276528125 0.620143809375 0.7203327453124999 0.613249028125 0.7141827640625 0.6060814031249999 0.7197978359375 0.5985524546875001 0.7133411984375 0.597236175 0.7065779062499999 0.6017712390625001 0.70627125 0.6076225843749999 0.713773890625 0.613883196875 0.710659696875 0.623499015625 0.7144110171875 0.626629321875
0 0.6380796015625 0.6138278374999999 0.6443318 0.6190450140625 0.6522433140625 0.617503834375 0.657347290625 0.619727128125 0.657551728125 0.61582623125 0.647139334375 0.6152805406249999 0.6433880171874999 0.6121502343749999 0.6490030875 0.6046212859375 0.6497186187499999 0.5909681484375 0.6460695171874999 0.58588739375 0.63920400625 0.5923729062499999 0.6417048859375 0.5944597765624999 0.6380796015625 0.6138278374999999
0 0.44522502187499996 0.9068705890625001 0.4442812390625 0.8999758078125 0.41125870937500003 0.8825987281250001 0.40656360625000004 0.872573640625 0.40250562968750003 0.8752946796875 0.404699853125 0.8832328953124999 0.4210577890625 0.8948471078125 0.43647194375 0.899566540625 0.4412692640625 0.907641178125 0.44522502187499996 0.9068705890625001
0 0.2291440453125 0.871098696875 0.23965865625 0.8696939390624999 0.24642195 0.865158875 0.24558038437500002 0.8563136468750001 0.24307950625000002 0.8542267750000001 0.23736221406250002 0.8637061718749999 0.22414228593750002 0.8669249562499999 0.2132188 0.8761315062499999 0.20811482187500002 0.8739082140625 0.20665994375 0.876765675 0.2155152421875 0.882119275 0.2291440453125 0.871098696875
0 0.7300563734375001 0.9755826140625 0.730260809375 0.97168171875 0.7149488765625 0.9650118375 0.7045364828125 0.964466146875 0.695067875 0.9708152374999999 0.6920559 0.9784806078124999 0.6959094390625 0.9796604656250001 0.7094360234375 0.9705903375 0.722247078125 0.975173346875 0.7300563734375001 0.9755826140625
0 0.9165664390625 0.9032133671875 0.9234319515625 0.8967278546875 0.921442165625 0.8848887421875 0.9283076749999999 0.8784032296875001 0.9336160906250001 0.8767256265625001 0.9361169703125001 0.8788124984374999 0.9428802624999999 0.8742774343749999 0.9418342609374999 0.8693331015625001 0.923408134375 0.8722790406250001 0.9139395265625 0.8786281296875 0.9131217765624999 0.8942317171875 0.9063584828125 0.89876678125 0.8882390140625 0.895861375 0.8867841359374999 0.8987188359375 0.8982425328125 0.9042088578125 0.9165664390625 0.9032133671875
0 0.9101405734375 0.82660019375 0.91409633125 0.825829603125 0.9133569843749999 0.8150339265625 0.9085596625000001 0.8069592875 0.89449816875 0.8013328421875 0.8936566031250001 0.7924876140625 0.8865866546875001 0.8028740234375 0.8928388546875 0.8080912 0.90439946875 0.811630775 0.9063892546875 0.8234698874999999 0.9101405734375 0.82660019375
0 0.9113305265625 0.23111982343749998 0.9180938203125001 0.22658475937500003 0.910284525 0.22617549062500003 0.9006114765625 0.236425478125 0.8818786968750001 0.2452227609375 0.8850167046875 0.2600557578125 0.8915755593749999 0.2594215890625 0.8895857734374999 0.24758247656250001 0.9083185531250001 0.23878519374999999 0.9113305265625 0.23111982343749998