0 0.74609375 0.634724309375 0.7451171875 0.630814303125 0.7353515625 0.630814303125 0.732421875 0.634724309375 0.74609375 0.634724309375
0 0.830078125 0.5434908359375 0.8193359375 0.5291541468750001 0.81640625 0.53045748125 0.8251953125 0.544794171875 0.830078125 0.5434908359375
0 0.75390625 0.54609750625 0.7470703125 0.539580828125 0.73828125 0.53827749375 0.7451171875 0.547400840625 0.75390625 0.54609750625
0 0.779296875 0.37666391250000003 0.783203125 0.37666391250000003 0.78515625 0.3688439 0.7802734375 0.359720553125 0.77734375 0.363630559375 0.779296875 0.37666391250000003
0 0.74609375 0.439224009375 0.73828125 0.44443735 0.7392578125 0.44834735625000005 0.74609375 0.4470440203125 0.751953125 0.43140399687500003 0.7490234375 0.42488731875 0.74609375 0.4261906546875 0.74609375 0.439224009375
0 0.8994140625 0.3962139421875 0.90625 0.39491060624999996 0.91796875 0.3870905953125 0.9150390625 0.3831805890625 0.8984375 0.389697265625 0.8994140625 0.3962139421875
0 0.7578125 0.37145057187499997 0.751953125 0.37666391250000003 0.751953125 0.38448392343750004 0.75390625 0.38448392343750004 0.763671875 0.374057240625 0.7607421875 0.3571138828125 0.755859375 0.3584172171875 0.7578125 0.37145057187499997
0 0.8017578125 0.495267428125 0.787109375 0.506997446875 0.78515625 0.5200307984375 0.779296875 0.53045748125 0.779296875 0.5356708234374999 0.783203125 0.5356708234374999 0.7890625 0.5278508109375 0.791015625 0.5122107875 0.802734375 0.5017841046875 0.8017578125 0.495267428125
0 0.77734375 0.24893704843750003 0.7744140625 0.2476337140625 0.771484375 0.2567570609375 0.7763671875 0.2632737390625 0.7880859375 0.265880409375 0.79296875 0.28282376875000004 0.796875 0.2854304390625 0.79296875 0.261970403125 0.7841796875 0.2554537265625 0.7783203125 0.2554537265625 0.77734375 0.24893704843750003
0 0.9599609375 0.453560696875 0.947265625 0.46268404375000005 0.9580078125 0.46138070937500003 0.9697265625 0.4770207328125 0.986328125 0.4757173984375 0.98828125 0.4731107265625 0.9833984375 0.46920072187499995 0.9716796875 0.46920072187499995 0.9599609375 0.453560696875
0 0.8359375 0.6712176984375 0.8408203125 0.680341046875 0.8505859375 0.682947715625 0.8603515625 0.69598106875 0.87109375 0.6972844046875 0.87890625 0.6920710640625 0.8623046875 0.6855543859375001 0.8564453125 0.675127703125 0.8359375 0.6712176984375
0 0.828125 0.35320387656249996 0.8369140625 0.351900540625 0.8466796875 0.359720553125 0.853515625 0.35320387656249996 0.8505859375 0.3466872 0.8408203125 0.34929387031250003 0.8388671875 0.3388671875 0.8349609375 0.344080528125 0.8291015625 0.3388671875 0.8232421875 0.3388671875 0.8203125 0.34277719375000004 0.826171875 0.347990534375 0.8251953125 0.37275390625 0.8232421875 0.3701472359375 0.8095703125 0.37275390625 0.8037109375 0.359720553125 0.798828125 0.3610238890625 0.8076171875 0.38057391875 0.8193359375 0.37796724843749996 0.8251953125 0.3831805890625 0.8291015625 0.37796724843749996 0.8359375 0.38448392343750004 0.83203125 0.39491060624999996 0.837890625 0.39491060624999996 0.841796875 0.38448392343750004 0.83203125 0.3688439 0.83203125 0.3584172171875 0.828125 0.35320387656249996
0 0.310546875 0.2567570609375 0.3076171875 0.25284705625 0.296875 0.254150390625 0.2978515625 0.25806039687500004 0.310546875 0.2567570609375
0 0.228515625 0.2046236484375 0.228515625 0.20983698906249998 0.2333984375 0.21635366562499997 0.2412109375 0.2189603359375 0.2451171875 0.2267803484375 0.248046875 0.22547701406249998 0.2392578125 0.211140325 0.234375 0.20983698906249998 0.2353515625 0.20071364218749999 0.228515625 0.2046236484375
0 0.275390625 0.21765700156249998 0.2685546875 0.211140325 0.265625 0.212443659375 0.2734375 0.22287034218750001 0.2734375 0.23069035468750002 0.2802734375 0.2398137015625 0.294921875 0.24111703750000002 0.2900390625 0.23460036093749997 0.2822265625 0.23460036093749997 0.27734375 0.22808368437499998 0.275390625 0.21765700156249998
0 0.2158203125 0.2632737390625 0.208984375 0.2697904140625 0.234375 0.2723970859375 0.2431640625 0.2476337140625 0.236328125 0.2515437203125 0.2314453125 0.268487078125 0.2158203125 0.2632737390625
0 0.3203125 0.1629169171875 0.3310546875 0.182466946875 0.3408203125 0.18507361718749998 0.3505859375 0.19550030000000002 0.353515625 0.194196965625 0.3408203125 0.17725360625 0.3310546875 0.174646934375 0.3251953125 0.16161358125 0.3203125 0.1629169171875
0 0.3056640625 0.16943359375 0.3037109375 0.1642202515625 0.2939453125 0.1642202515625 0.2890625 0.17073692812500002 0.29296875 0.194196965625 0.2890625 0.20983698906249998 0.29296875 0.212443659375 0.296875 0.1968036359375 0.294921875 0.1733436 0.2978515625 0.16943359375 0.3056640625 0.16943359375
0 0.23046875 0.5487041765625 0.232421875 0.559130859375 0.23828125 0.5643442015625 0.232421875 0.54609750625 0.2275390625 0.539580828125 0.2216796875 0.539580828125 0.23046875 0.5487041765625
0 0.224609375 0.5200307984375 0.2294921875 0.5265474765625 0.2412109375 0.52394080625 0.2490234375 0.5317608171875 0.255859375 0.53045748125 0.265625 0.5226374703125 0.2509765625 0.52394080625 0.2431640625 0.5161207937500001 0.224609375 0.5200307984375
0 0.287109375 0.5721642124999999 0.2890625 0.579984225 0.2861328125 0.5838942312500001 0.2841796875 0.581287559375 0.2666015625 0.5838942312500001 0.2626953125 0.57607421875 0.259765625 0.577377553125 0.2666015625 0.5917142421875 0.2919921875 0.5865009015625 0.298828125 0.593017578125 0.2880859375 0.563040865625 0.2822265625 0.563040865625 0.279296875 0.566950871875 0.287109375 0.5721642124999999
0 0.34765625 0.626904296875 0.3515625 0.63993765 0.3642578125 0.6568810093749999 0.388671875 0.660791015625 0.3857421875 0.65166766875 0.3701171875 0.6490609984375 0.3505859375 0.6256009609375 0.34765625 0.626904296875