0 0.7243616109375 0.4113605296875 0.7188243703125 0.4173311125 0.71800695625 0.4251082859375 0.7216193359374999 0.428108990625 0.7254866234375 0.41934185937499996 0.7374136484375 0.4179744109375 0.7482156609375 0.4086256328125 0.7540429375000001 0.40923810312500003 0.7554228578125 0.40545159531249997 0.7432057984375 0.4002359875 0.7343462109375001 0.40978892343749995 0.7243616109375 0.4113605296875
0 0.8205064468750001 0.9260138296875 0.824936240625 0.9212373625 0.82464620625 0.9146543062499999 0.8188364921875 0.92321728125 0.8205064468750001 0.9260138296875
0 0.7460093062500001 0.5604134140625 0.7419046734375 0.5901238328125 0.745789525 0.590532146875 0.7441195703125 0.5877355984375 0.748241765625 0.5672006265625 0.7460093062500001 0.5604134140625
0 0.809239246875 0.54740143125 0.8108916374999999 0.5410225328125 0.79840210625 0.538399315625 0.8023045203124999 0.5479830765625 0.809239246875 0.54740143125
0 0.8491420359375 0.8123877640625 0.8605065546875 0.8070296515625 0.858546565625 0.7976500453125001 0.854661715625 0.79724173125 0.8446946796875 0.8079887843750001 0.84360479375 0.818358346875 0.8455472203125 0.8185625046875 0.8491420359375 0.8123877640625
0 0.85017923125 0.7744918578125 0.84709423125 0.7571309234375 0.841829459375 0.760509115625 0.8424095296875 0.7736752296875 0.8379797359375001 0.778451696875 0.8404846671874999 0.78264651875 0.8454769671875001 0.7818607156249999 0.85017923125 0.7744918578125
0 0.735005075 0.6090563734375001 0.7261454875 0.6186093078125 0.7192107625 0.619190953125 0.721443221875 0.6259781656250001 0.738090075 0.6264173078125 0.7391799609375 0.61604774375 0.735005075 0.6090563734375001
0 0.734811878125 0.5081264515624999 0.7337219937499999 0.518496015625 0.73566441875 0.5187001734375001 0.73953170625 0.509933040625 0.749243834375 0.5109538265625 0.7589383984375 0.502799165625 0.7591933078124999 0.4910313265625 0.7522761453125 0.50078841875 0.7425640171875 0.49976763281250003 0.7372992468749999 0.503145828125 0.734811878125 0.5081264515624999
0 0.8785067421875 0.9347309359375 0.8848789625 0.930158625 0.8856963765625 0.9223814515625 0.8817939609375 0.9127976890625 0.8779091109375001 0.9123893750000001 0.8704294421875 0.9181558031250001 0.8696120281249999 0.9259329765625001 0.8718444890624999 0.9327201890625 0.8785067421875 0.9347309359375
0 0.9062546656249999 0.792180253125 0.9131893906249999 0.7915986078125 0.914279275 0.78122904375 0.9106668953125 0.7782283375 0.9098143546875 0.7676546156249999 0.9000846640625 0.7574583828125 0.8981598015625 0.7664296734375 0.90483961875 0.777615865625 0.903749734375 0.7879854296875 0.9062546656249999 0.792180253125
0 0.844017771875 0.8891695359374999 0.840712990625 0.9019273328124999 0.8465402671875 0.9025398046875001 0.8515150031250001 0.8925785546875 0.8487200375 0.8818006765625 0.8417677484375 0.8732068749999999 0.8464700140625 0.8658380156250001 0.84396508125 0.86164319375 0.835940471875 0.8725944046875 0.8351230578125 0.8803715765625 0.844017771875 0.8891695359374999
0 0.79445554375 0.650688759375 0.7972153828125 0.6431157437499999 0.7924955546875 0.6413091546875 0.7877581640625 0.63032711875 0.7799884609375 0.629510490625 0.776666115625 0.633092840625 0.7753037593750001 0.646054796875 0.777808690625 0.65024961875 0.79445554375 0.650688759375
0 0.7876964515625 0.7430248781250001 0.775224484375 0.7495771078125 0.7710847249999999 0.76093663125 0.7749695765625 0.7613449453125 0.785789153125 0.761171615625 0.79243384375 0.7540069125 0.7982611203125 0.754619384375 0.801583465625 0.751037034375 0.8024008796875 0.7432598609375 0.7996234765625 0.7416574296875 0.7932512578125 0.7462297390625 0.7876964515625 0.7430248781250001
0 0.7779933453125001 0.601779990625 0.77523350625 0.6093530078125 0.777465965625 0.6161402203125 0.780515840625 0.6151502609375 0.7962925890625 0.5958402328125 0.7993249 0.5856748265625 0.8059695906250001 0.5785101234375001 0.80567955625 0.571927065625 0.7973649109375 0.5762952218749999 0.79182766875 0.5822658046875 0.7910102546875 0.5900429796875 0.7779933453125001 0.601779990625
0 0.9210293453125 0.8291170250000001 0.92131938125 0.8357000812500001 0.9263116796875 0.8349142781250001 0.9360062453125 0.8267596171875 0.95100070625 0.8335776578124999 0.9593153515624999 0.829209503125 0.9609853062499999 0.8320060515625001 0.964580121875 0.8258313093749999 0.9601327656249999 0.8214323296874999 0.9351537046875 0.8161858953125 0.9210293453125 0.8291170250000001
0 0.6489060703125 0.26975735625 0.644168678125 0.2587753203125 0.6419713453125 0.270339 0.6464187015625 0.27473797968749997 0.6514110015625 0.27395217656250004 0.6536258984375001 0.27156394375000004 0.6489060703125 0.26975735625
0 0.7108439078125001 0.30640911718749997 0.7138762187500001 0.2962437109375 0.7219183921875 0.2944679484375 0.7177435062499999 0.287476578125 0.7138586546875 0.2870682640625 0.7099913671875 0.2958353953125 0.701676721875 0.30020354843749997 0.7058516078125 0.30719491875 0.7108439078125001 0.30640911718749997
0 0.6300091937500001 0.25335555468750004 0.624146790625 0.2343921875 0.6105322484375 0.22378764062499998 0.6077372828125001 0.21300976249999998 0.6041424656250001 0.2191845046875 0.60499500625 0.2297582265625 0.61693959375 0.237566225 0.62501689375 0.25414135781249997 0.6300091937500001 0.25335555468750004
0 0.6884049046875 0.3237084 0.7089366078125 0.32455585625 0.7205735984375 0.31660535 0.7264008750000001 0.31721782187500003 0.726110840625 0.31063476562500003 0.7155637359375 0.3082157046875 0.7069766203125 0.31517625 0.6936521124999999 0.31115475937500003 0.6881148703125 0.31712534375 0.6884049046875 0.3237084
0 0.6596112453125 0.35475544062500003 0.6440894046875 0.3622976296875 0.644651909375 0.3662882953125 0.6554714859375 0.366114965625 0.6646211078125 0.3631450859375 0.677945615625 0.36716657656249996 0.6890201 0.3552254078125 0.7092793328125 0.3586652515625 0.703162021875 0.351469725 0.6856801921875 0.349632309375 0.6770930749999999 0.3565928546875 0.6596112453125 0.35475544062500003
0 0.670501075 0.3912838984375 0.6594265906250001 0.40322506875 0.66220399375 0.4048275 0.6746759609375 0.3982752703125 0.6758185359375 0.415432046875 0.6808283984375 0.42382169062499997 0.68028345625 0.4290064734375 0.6841683062499999 0.4294147875 0.6849857203124999 0.4216376140625 0.6805208 0.4080631875 0.6879829046875 0.39312131250000004 0.6871303640625 0.3825475921875 0.6812855250000001 0.37275967187500003 0.6754582484375 0.3721472015625 0.6721359031249999 0.3757295515625 0.670501075 0.3912838984375
0 0.5309625734375001 0.541742634375 0.528457640625 0.5375478140625 0.5262603078125 0.54911149375 0.5132433984375 0.5608485062499999 0.5149133515625001 0.563645053125 0.5298726874999999 0.5521121984375 0.5309625734375001 0.541742634375
0 0.375419478125 0.3026069359375 0.366559890625 0.312159871875 0.37432959375 0.3129765 0.39203120468749997 0.28469518125 0.38177413437499996 0.288859178125 0.375419478125 0.3026069359375
0 0.415331290625 0.42736916875000003 0.4147512203125 0.41420305625 0.4028066328125 0.40639505624999994 0.4014267125 0.410181565625 0.4081065296875 0.4213677578125 0.40534669062499995 0.42894077499999994 0.4111739671875 0.42955324531250005 0.415331290625 0.42736916875000003
0 0.42187962187499994 0.22492768281250003 0.43077433593750003 0.23372564218749997 0.4357666359375 0.23293983906250001 0.44907358124999996 0.22778588281249998 0.45045349999999995 0.223999375 0.44406371718750004 0.21939623749999998 0.4374190265625 0.22656094062499998 0.429649325 0.2257443109375 0.4265818875 0.21755882343750002 0.42158958750000003 0.21834462656250003 0.42187962187499994 0.22492768281250003
0 0.34888438437499997 0.4990161859375 0.3374847390625 0.4860234046875 0.33610481875 0.4898099125 0.344454590625 0.503792653125 0.3372649578125 0.5161421374999999 0.33644754374999997 0.523919309375 0.341729878125 0.5297165640625 0.34888438437499997 0.4990161859375
0 0.463874365625 0.42329765 0.47275151718749997 0.4229201609375 0.47634633437499996 0.41674541875 0.4899433125 0.41817451875 0.4913232328125 0.4143880109375 0.47549379375 0.40617169999999997 0.468849103125 0.41333640000000005 0.4652367234375 0.41033569375 0.45802952656249996 0.41350973125 0.463874365625 0.42329765
0 0.3808684234375 0.5403827625 0.389473103125 0.5425976671875 0.4069198078125 0.5260841859375 0.40441487499999995 0.5218893625 0.400530025 0.5214810484375 0.3897280109375 0.530829828125 0.38584316093750004 0.5304215125 0.3772209171875 0.5190311624999999 0.3702861921875 0.519612809375 0.3808684234375 0.5403827625
0 0.5590973671875 0.31142814375 0.5441380328125 0.322961 0.5416506640625001 0.327941625 0.5402883078125 0.3409035796875 0.5422307328125 0.3411077375 0.550527815625 0.3275641375 0.5652146796874999 0.3186236734375 0.5718769328125 0.3206344171875 0.5668670703124999 0.312244771875 0.574056703125 0.299895290625 0.573494196875 0.2959046234375 0.569609346875 0.295496309375 0.5590973671875 0.31142814375
0 0.48467000000000005 0.27215316562499997 0.48633995468749996 0.2749497140625 0.4896623 0.2713673640625 0.503259278125 0.2727964640625 0.5118463953125 0.26583591875 0.5232284765624999 0.2696532515625 0.5268232937499999 0.2634785109375 0.5170936015625001 0.25328227812500004 0.4904797140625 0.263590190625 0.48467000000000005 0.27215316562499997
0 0.42714391406249996 0.5111731374999999 0.41605186562499996 0.513938859375 0.42383913125 0.5239309343749999 0.43770858125 0.5227676437500001 0.442990915625 0.5285648984375 0.4538104921875 0.5283915671875 0.4648849765625 0.5164503953125 0.4640324359375 0.505876675 0.4684622296875 0.5011002078125 0.4678997234375 0.4971095421875 0.46042005625 0.5028759703125 0.4596026421875 0.51065314375 0.4540654 0.516623728125 0.42714391406249996 0.5111731374999999
0 0.5691697828125 0.3557337765625 0.5614176453125 0.36409259375 0.5680798984375001 0.366103340625 0.5739247390625 0.375891259375 0.5684050593750001 0.39103729062500003 0.5709275546875 0.40440756093749997 0.5690202546875 0.422554296875 0.5726326359375 0.4255550046875 0.575120003125 0.420574378125 0.5767197046875 0.3866691375 0.5825294171875 0.3781061625 0.5988862359375 0.3719622453125 0.60026615625 0.3681757375 0.5875041546875 0.3681449125 0.5769394859375 0.3565504046875 0.5691697828125 0.3557337765625
0 0.56557400625 0.9411558140625 0.5663914203125 0.9333786406250001 0.5622165359375 0.9263872687499999 0.560836615625 0.9301737781250001 0.56557400625 0.9411558140625
0 0.6150664625 0.8533111515625 0.6208937390625 0.8539236234375001 0.6233986703125 0.8581184468749999 0.62143868125 0.8487388421875 0.6108915765625 0.8463197812500001 0.6150664625 0.8533111515625
0 0.536279553125 0.8555144296874999 0.5304522765625 0.854901959375 0.52712993125 0.8584843093750001 0.5260400468750001 0.8688538749999999 0.5279824718749999 0.86905803125 0.536842059375 0.8595050953125 0.536279553125 0.8555144296874999
0 0.4944162953125 0.870772140625 0.49554130625 0.8787534718750001 0.5058335031250001 0.8929403703125001 0.5005160421875 0.8687922218749999 0.497738640625 0.8671897921875 0.4944162953125 0.870772140625
0 0.59572148125 0.7477472703125 0.6043437234375 0.7591376203125 0.6029813671875 0.772099575 0.6049237921875 0.7723037328125 0.6085010468750001 0.7569535421875 0.5982088484375 0.7427666453125 0.5962488593749999 0.733387040625 0.5904215828125 0.73277456875 0.5870816750000001 0.727181471875 0.5870992375 0.7363569203125 0.5954314468749999 0.7411642140625 0.59572148125 0.7477472703125
0 0.33667538750000003 0.932823771875 0.3397428234375 0.9410092593750001 0.3347680875 0.9509705109375 0.3386529390625 0.9513788249999999 0.3428102609375 0.9491947484375001 0.34304760624999997 0.9282514624999999 0.3524697 0.9226891921875 0.35579204531249997 0.919106840625 0.3552295390625 0.915116175 0.3410876171875 0.9188718578125 0.33749280000000004 0.9250465999999999 0.33667538750000003 0.932823771875
0 0.583838125 0.9168651609375 0.5743809046874999 0.9040765359374999 0.5524517171875 0.8978401421875001 0.561636465625 0.9132211578125 0.573563490625 0.911853709375 0.5749609734375001 0.9172426484375 0.581623228125 0.91925339375 0.583838125 0.9168651609375
0 0.4508303921875 0.8557069625 0.46192243906249997 0.852941240625 0.47577432656249996 0.842602503125 0.46744211875 0.8377952078125 0.46079742812499996 0.8449599109375001 0.45054035625 0.84912390625 0.44110069999999996 0.8455107296875 0.42779375625 0.8506646859375 0.4508303921875 0.8557069625
0 0.434798734375 0.8867848296874999 0.4251041703125 0.8949394906249999 0.4267916875 0.9069114875000001 0.43928121718749996 0.9095347046875 0.45010079375 0.9093613734374999 0.459795359375 0.9012067125 0.4534055765625 0.896603575 0.44676088593749996 0.9037682765625 0.43316390625 0.902339175 0.43260139999999997 0.8983485124999999 0.43703119375000005 0.8935720437500001 0.434798734375 0.8867848296874999
0 0.54904155625 0.8555452562499999 0.5482241421875 0.8633224296875 0.556846384375 0.8747127796875 0.5538140734375 0.8848781859375 0.5596413499999999 0.8854906578125 0.5629461328125 0.8727328609375 0.5545963609375 0.85875011875 0.5537438203125 0.8481763984375 0.5459565546875 0.8381843203124999 0.5345744734375 0.8343669874999999 0.537641909375 0.842552475 0.5415267609375001 0.8429607890625 0.54904155625 0.8555452562499999
0 0.37884624375 0.933324565625 0.369714184375 0.945469890625 0.3625069890625 0.9486439296875 0.370276690625 0.9494605578125 0.3960380390625 0.928578921875 0.40350014375 0.9136370484375 0.41927689375000005 0.8943270203125 0.4187143875 0.8903363546874999 0.4001602359375 0.9080439515625001 0.397127925 0.9182093578125 0.3849459921875 0.931344646875 0.37884624375 0.933324565625
0 0.503407846875 0.7852232375 0.5042252609375 0.7774460640624999 0.5014478578125 0.7758436328125 0.499250525 0.7874073140625 0.502045490625 0.7981851921875001 0.497343225 0.8055540515624999 0.4920784546875 0.8089322453125 0.4845812234375 0.8055232265625 0.47515912968749996 0.8110854953125 0.4873761890625 0.8163011046875001 0.49819576562499995 0.8161277734375 0.5081628015625 0.8053807203125001 0.51177518125 0.8083814265625 0.52175978125 0.8068098203125 0.527859528125 0.8048299 0.5314543453125 0.798655159375 0.5242471484375 0.8018291953125001 0.5089802156250001 0.7976035484375 0.503407846875 0.7852232375
0 0.405363775 0.72773986875 0.39871908437500003 0.7349045703125 0.39595924375 0.7424775859375 0.3973567265625 0.7478665265625 0.4109185796875 0.7309447312499999 0.40948597031249995 0.7072048984375 0.4161306609375 0.7000401953125001 0.41556815468749997 0.6960495296875 0.40974087812500004 0.695437059375 0.4042036359375 0.7014076453125 0.4028412796875 0.7143695984375 0.405363775 0.72773986875
0 0.32451149687499997 0.6655108578125 0.3286863828125 0.6725022296875001 0.329503796875 0.66472505625 0.3253289109375 0.657733684375 0.31755920937500004 0.65691705625 0.3128218171875 0.645935021875 0.3058870921875 0.646516665625 0.3111694265625 0.6523139203125 0.3147993703125 0.664490071875 0.32451149687499997 0.6655108578125
0 0.1591594375 0.5197012390625 0.1577795171875 0.523487746875 0.16084695468750002 0.531673234375 0.1708666796875 0.5484525234375 0.174461496875 0.5422777812499999 0.1802887734375 0.542890253125 0.18720593593749998 0.5331331593749999 0.1963555578125 0.5301632796875 0.18802334999999998 0.5253559859375 0.18110618750000002 0.5351130796875 0.1691791625 0.5364805265625 0.1591594375 0.5197012390625
0 0.21151663125 0.76895989375 0.21817888437500002 0.7709706390625 0.2073241828125 0.752793075 0.2014969046875 0.752180603125 0.1929097890625 0.7591411484374999 0.180420259375 0.75651793125 0.1843226734375 0.76610169375 0.1940348015625 0.7671224796875 0.20650676875 0.7605702484375 0.21151663125 0.76895989375
0 0.20982959375000002 0.46736425 0.20592717968750002 0.4577804890625 0.2031673390625 0.4653535046875 0.2053998 0.47214071874999997 0.21926925000000003 0.47097742656249997 0.228998940625 0.481173659375 0.2392384484375 0.46783421562500005 0.2442483109375 0.4762238609375 0.2531254625 0.475846371875 0.23978339062499998 0.46264943281250004 0.2323037234375 0.4684158625 0.2306513328125 0.4747947609375 0.22175661875000002 0.4659968015625 0.20982959375000002 0.46736425
0 0.2616774515625 0.450534934375 0.25917252031250004 0.4463401109375 0.2528003015625 0.450912421875 0.24392315 0.4512899109375 0.25142038125 0.45469892968750003 0.26029753125 0.45432144062499996 0.2616774515625 0.450534934375
0 0.27261997031249996 0.5145897328125 0.2712224875 0.50920079375 0.275344684375 0.4886658234375 0.26893733750000004 0.4748872390625 0.2691922453125 0.46311939999999996 0.26450754375 0.47966370625000004 0.27091489062499996 0.4934422890625 0.2673376375 0.5087924796875 0.27261997031249996 0.5145897328125
0 0.077269965625 0.4953681328125 0.069790296875 0.5011345625 0.070352803125 0.5051252265625 0.0734026765625 0.5041352671875 0.0922644265625 0.5021861750000001 0.0966766578125 0.48823425781249996 0.099999003125 0.48465190781249995 0.1077687046875 0.48546853749999996 0.109148625 0.4816820296875 0.09887399062499999 0.47667057812499997 0.0850396671875 0.4961847625 0.077269965625 0.4953681328125
0 0.061598595312500004 0.5697308453125001 0.066045953125 0.574129825 0.061088779687500004 0.5932665234375001 0.0513766515625 0.5922457375 0.0450044328125 0.5968180484375 0.0372347296875 0.5960014203124999 0.033894821874999995 0.5904083234375 0.028902521874999997 0.591194125 0.036417315625 0.60377859375 0.0433520421875 0.603196946875 0.0644286875 0.5988596203125 0.0677510328125 0.5952772687500001 0.06635355 0.5898883296874999 0.070475746875 0.5693533578125 0.0679708140625 0.5651585359375 0.0496540078125 0.561922846875 0.05188646718749999 0.5687100593750001 0.061598595312500004 0.5697308453125001
0 0.1527867375 0.8138971968750001 0.15554657656249998 0.8063241812499999 0.138864596875 0.787534146875 0.13721220625 0.7939130453125001 0.1527867375 0.8138971968750001
0 0.059673253125000006 0.8683257843750001 0.0613432078125 0.8711223328125 0.06688045000000001 0.8651517484375001 0.054390918749999996 0.8625285312500001 0.0441338484375 0.866692528125 0.0402665609375 0.8754596609374999 0.0441514125 0.875867975 0.059673253125000006 0.8683257843750001
0 0.22074504843749998 0.9520913500000001 0.2218349328125 0.9417217859375 0.23846422343749998 0.9329854781250001 0.2412240625 0.9254124640624999 0.2359241640625 0.9104397625 0.2331818890625 0.9271882265625001 0.218222553125 0.93872108125 0.216860196875 0.9516830359374999 0.22074504843749998 0.9520913500000001
0 0.0390712953125 0.8307765406250001 0.044916135937500004 0.8405644593750001 0.0526858375 0.8413810875 0.059638126562500005 0.8499748890625 0.0685152765625 0.849597403125 0.074615025 0.84761748125 0.07238256562499999 0.8408302687500001 0.0643403921875 0.8426060296875001 0.059330528125000004 0.8342163875 0.0496184015625 0.8331956015624999 0.042938584375 0.8220094078125 0.0396162390625 0.8255917593750001 0.0390712953125 0.8307765406250001
0 0 0.8903222984375001 0.007280453125 0.8903398843750001 0.01087526875 0.8841651421875 0.014215178125 0.8897582375 0.0219848796875 0.8905748656249999 0.028902042187499997 0.8808177734375 0.041391571875 0.883440990625 0.0372166875 0.8764496203125001 0.029446984375000002 0.8756329921875 0.02280229375 0.8827976937500001 0.0116926828125 0.8763879687499999 0.0050479921875 0.8835526703125 0 0.8825637140625 0 0.8903222984375001
0 0.6768818359375001 0.5361111359375 0.6774443421874999 0.5401018 0.680494215625 0.5391118406250001 0.6932562171875001 0.5391426671875 0.698793459375 0.5331720828125001 0.7004282875000001 0.5176177375 0.6912435390625 0.502236721875 0.689591146875 0.5086156203125001 0.6940560671875 0.522190046875 0.6932386546875 0.52996721875 0.6768818359375001 0.5361111359375
0 0.35156542968750004 0.3053418328125 0.35459773906250003 0.295176425 0.35209280781249996 0.290981603125 0.3382760484375 0.3196712359375 0.331903828125 0.324243546875 0.334408759375 0.3284383703125 0.337458634375 0.32744840937499997 0.35156542968750004 0.3053418328125
0 0.119757440625 0.3714033296875 0.1286345921875 0.3710258421875 0.13943660468750002 0.3616770640625 0.1327743515625 0.35966631875 0.12445970625 0.36403447031249997 0.1188697734375 0.34247871406249997 0.10972015156249999 0.34544859375 0.11694491250000001 0.35145000312499997 0.11558255625 0.36441195937500004 0.119757440625 0.3714033296875
0 0.1985794765625 0.38755094687499997 0.194984659375 0.39372568750000003 0.20166447656250003 0.40491188125 0.2038793734375 0.40252364687500003 0.201356878125 0.389153378125 0.1985794765625 0.38755094687499997
0 0.17525280625 0.37592561406249997 0.1816425890625 0.3805287484375 0.1863799796875 0.391510784375 0.1894298546875 0.3905208265625 0.1905197390625 0.3801512609375 0.181897496875 0.36876091093749996 0.18298738125 0.358391346875 0.1749276453125 0.35099166249999997 0.17077032187500002 0.353175740625 0.169390403125 0.356962246875 0.1746727359375 0.3627595015625 0.17525280625 0.37592561406249997
0 0.540287828125 0.630527228125 0.5347505859374999 0.6364978140625001 0.5491825421875001 0.6393251875 0.56192698125 0.630180565625 0.5602745890625 0.6365594640625 0.5472576796874999 0.648296478125 0.546440265625 0.65607365 0.548382690625 0.6562778078125 0.5564073015625 0.6453265984375001 0.5636144984375 0.6421525609375001 0.5696966828125001 0.6309971937500001 0.5766314078125 0.63041555 0.5766138453125 0.6212401015625 0.55885954375 0.621995078125 0.5519423812500001 0.6317521703125 0.540287828125 0.630527228125
0 0.5929179734375001 0.5875698421875 0.5951328703125001 0.5851816109375 0.5926279390625 0.5809867875 0.5848582359375001 0.5801701578125 0.5828982468749999 0.5707905546875 0.579013396875 0.570382240625 0.5781959828125001 0.5781594140624999 0.582098396875 0.5877431750000001 0.5929179734375001 0.5875698421875
0 0.57008355625 0.5432333875 0.57090096875 0.5354562125 0.5622787265625 0.5240658625 0.5569788296875 0.5090931640624999 0.5478292078125 0.51206304375 0.5483917125 0.51605370625 0.5558889437500001 0.5194627281249999 0.5578489328125 0.52884233125 0.57008355625 0.5432333875
0 0.2782103828125 0.2465218421875 0.28625255625 0.24474607812500002 0.2917897984375 0.2387754953125 0.29344218906249997 0.232396596875 0.2712756578125 0.2471034890625 0.2701857734375 0.257473053125 0.2721281984375 0.257677209375 0.2782103828125 0.2465218421875
0 0.23072206562500003 0.2218729015625 0.23015955937500002 0.21788223750000002 0.22157244375000001 0.22484278125 0.21240525781250003 0.2186372125 0.206868015625 0.22460779843749998 0.21520022343749998 0.2294150921875 0.22407737499999997 0.22903760312500002 0.23072206562500003 0.2218729015625