0 0.3389769453125 0.5076942234375 0.33390074531249997 0.5155965203124999 0.3378612859375 0.518457521875 0.346863940625 0.5114634015624999 0.3454415 0.5046512515625 0.33755450468750003 0.5008820734375 0.3219168625 0.5011550296875 0.311321334375 0.4915728625 0.3047886078125 0.49071018125 0.31416621562499997 0.5051971640625 0.32729984375 0.5108281828125001 0.33244421874999996 0.5068315421875 0.3389769453125 0.5076942234375
0 0.319921428125 0.2374778203125 0.31981916718750003 0.2316193390625 0.31565410625 0.21704137031249998 0.3050926640625 0.20941203125 0.30370431249999996 0.204552709375 0.29984603125 0.2075501890625 0.29994829218749997 0.21340867187499998 0.3078693734375 0.2191306765625 0.3106460796875 0.22884932187499998 0.319921428125 0.2374778203125
0 0.2462548296875 0.124488459375 0.24449152187499998 0.098148034375 0.22881979375 0.0964681625 0.22350498437500002 0.090700665625 0.2196467046875 0.09369814531250001 0.22364133125 0.098511975 0.2380610546875 0.10314383437500001 0.23569338750000002 0.11685912031250001 0.2397902734375 0.12753143281249998 0.2462548296875 0.124488459375
0 0.6900961437500001 0.08646313125 0.6978127046875 0.0804681703125 0.705631525 0.0803316921875 0.710912246875 0.0841463625 0.7107418125 0.074382225 0.70288890625 0.072565875 0.6847813375 0.080695634375 0.67174996875 0.080923096875 0.6653195015625 0.0859188984375 0.6654217625000001 0.09177737968750001 0.6693482140625 0.0926855546875 0.674458503125 0.0867360875 0.6900961437500001 0.08646313125
0 0.7802682359374999 0.099539840625 0.77891396875 0.0966333453125 0.77231306875 0.0918650078125 0.772040375 0.0762423875 0.749665484375 0.063935696875 0.751087925 0.07074784687499999 0.7642556390624999 0.07833169375 0.7645283328125 0.0939543140625 0.77637586875 0.10058449375 0.7802682359374999 0.099539840625
0 0.8778207859375 0 0.8698857375 0.006164703125 0.8674158125 0.01402150625 0.8467701421875 0.026102412499999998 0.8468383156250001 0.030008067187499998 0.8534392171875 0.0347764046875 0.85462305 0.0279187609375 0.8752687187499999 0.0158378546875 0.8828489328125 0.002031584375 0.8822684890625 0 0.8778207859375 0
0 0.8391650453124999 0.1131624609375 0.82995786875 0.10843961718749999 0.8298556093749999 0.10258113437500001 0.823186534375 0.0939071421875 0.8221390484375 0.10857609531250001 0.8327004890625 0.116205434375 0.8316189171874999 0.128921559375 0.8405874843750001 0.11997461093749999 0.8391650453124999 0.1131624609375
0 0.9119021 0.09821887343749999 0.919652746875 0.094176740625 0.9222931078125001 0.096084075 0.9248312078125001 0.092132928125 0.922190846875 0.09022559375 0.9065872921875 0.09245137656249999 0.8987002984375 0.0886822 0.8713855546874999 0.0920891140625 0.8753460953125 0.094950115625 0.8935559234375001 0.09267884062500001 0.904083278125 0.0983553515625 0.9119021 0.09821887343749999
0 0.7963241203125 0.1979074203125 0.783258665625 0.19618205625000001 0.7768281984375001 0.2011778578125 0.7769304578125 0.2070363390625 0.7666417109375 0.2150296203125 0.773140353125 0.21393947500000002 0.7859331125 0.20004221875 0.7963582078125 0.1998602484375 0.7963241203125 0.1979074203125
0 0.8354182265625001 0.19722503125 0.8406307749999999 0.1971340453125 0.8509195203125 0.1891407640625 0.8353500531250001 0.19331937500000002 0.8300352453125001 0.18755187812500002 0.814363515625 0.18587200625 0.8027886765625001 0.1948644484375 0.8028568500000001 0.198770103125 0.8170379625 0.18973216875 0.8222505109375 0.189641184375 0.8354182265625001 0.19722503125
0 0.8357931796875 0.2187061328125 0.830580634375 0.21879711875000002 0.8176174375 0.22293023750000002 0.8137591562500001 0.2259277171875 0.8138614171875 0.2317862 0.8204282328125 0.234601709375 0.8190739656250001 0.231695215625 0.8229322453125001 0.228697734375 0.8308192406250001 0.2324669109375 0.8516353421874999 0.2301501421875 0.8606720843750001 0.22510884999999997 0.8592496437499999 0.2182967 0.85007655625 0.21552668281249998 0.849906121875 0.2057625453125 0.8406989484375 0.20103970000000002 0.8446935734375 0.2058535296875 0.8448640078125 0.2156176671875 0.8528191765625 0.22329249999999998 0.846354621875 0.2263354734375 0.8357931796875 0.2187061328125
0 0.942479965625 0.20707679687499997 0.9137427828125 0.2036715609375 0.907312315625 0.2086673609375 0.9075168359375001 0.2203843265625 0.9114432890625 0.22129250156250002 0.9190916765624999 0.2113918859375 0.939975953125 0.212980771875 0.9438342343749999 0.209983290625 0.942479965625 0.20707679687499997
0 0.9312800796875 0.237550340625 0.9379832406249999 0.248177159375 0.9483401625000001 0.24408953437499997 0.9392011609375001 0.24327234375 0.9364585406250001 0.23550652656249998 0.928537459375 0.229784521875 0.9297553781250001 0.2248797078125 0.8973303484375 0.2342360890625 0.9065034359374999 0.23700610625000001 0.9168262703125001 0.230965653125 0.9312800796875 0.237550340625
0 0.8466365171874999 0.3171647 0.8477521781249999 0.3064014015625 0.8413217109375 0.3113972015625 0.841628490625 0.32897265 0.84558903125 0.3318336515625 0.8520535859375 0.32879067968750003 0.8506311453125001 0.3219785296875 0.8466365171874999 0.3171647
0 0.7783621015625 0.2890550953125 0.7784302750000001 0.2929607515625 0.787705621875 0.30158925000000003 0.7915639046875 0.2985917703125 0.790039203125 0.28592113750000003 0.7822203812499999 0.286057615625 0.7783621015625 0.2890550953125
0 0.698990059375 0.29727751874999997 0.6887694843750001 0.3091764546875 0.6783443890624999 0.309358425 0.6745542828125 0.3162615609375 0.6810188359375 0.3132185875 0.6940502046875 0.31299112500000004 0.70420260625 0.29718653437500003 0.698990059375 0.29727751874999997
0 0.6319427656250001 0.33946970625 0.64097950625 0.3344284140625 0.639591153125 0.329569090625 0.6290978843749999 0.32584540624999997 0.6158279078125 0.312403078125 0.6054028125 0.3125850484375 0.601544534375 0.315582528125 0.614644075 0.3192607203125 0.6173526093749999 0.325073709375 0.6305203234375 0.33265755625 0.6319427656250001 0.33946970625
0 0.5657817265625 0.43243541093750004 0.555527065625 0.44238151875 0.5451019703125 0.4425634890625 0.5360652296875 0.4476047828125 0.5375558421875 0.4583225875 0.5452042296874999 0.44842197187500005 0.562127965625 0.44714985625 0.567204165625 0.43924756093750006 0.5657817265625 0.43243541093750004
0 0.44963995468749995 0.3504655046875 0.44957178124999997 0.3465598484375 0.4416847875 0.342790671875 0.433865965625 0.34292715 0.4235772171875 0.35092043125 0.41315212343749996 0.3511024015625 0.40672165781249997 0.3560982015625 0.426285753125 0.3567334203125 0.43657450156250005 0.34874014062500003 0.44963995468749995 0.3504655046875
0 0.46757708906250006 0.3325716078125 0.4663591703125 0.3374764234375 0.47431433749999996 0.3451512546875 0.4640255890625 0.3531445359375 0.4680202171875 0.357958365625 0.4822013328125 0.34892043125 0.480812978125 0.344061109375 0.46757708906250006 0.3325716078125
0 0.40184077343749997 0.30051085624999996 0.39036819375 0.3153617796875 0.4020793796875 0.31418065 0.4032632140625 0.30732300625 0.41233404218749997 0.304234540625 0.416192321875 0.3012370609375 0.41483805625 0.29833056562500004 0.40184077343749997 0.30051085624999996
0 0.3577386421875 0.313001196875 0.352423834375 0.3072337 0.3433530078125 0.31032216562500003 0.3449799671875 0.32885128125 0.3577386421875 0.313001196875
0 0.26220197500000003 0.44066454843749997 0.27012305468750003 0.446386553125 0.2689733078125 0.4551970234375 0.2780100484375 0.4501557296875 0.27662169531249997 0.4452964078125 0.2633858078125 0.43380690624999996 0.26220197500000003 0.44066454843749997
0 0.27955315468749997 0.6132395749999999 0.26652178593750003 0.6134670375 0.26266350625 0.61646451875 0.2655083875 0.63008881875 0.26317480625 0.64575693125 0.2697416203125 0.648572440625 0.2735999015625 0.6455749609375 0.267910140625 0.6183263609375 0.27955315468749997 0.6132395749999999
0 0.7207633125 0.64851351875 0.7246215921875 0.6455160375 0.723267325 0.64260954375 0.6972727625 0.646970125 0.686949928125 0.653010578125 0.6738844734375 0.6512852140625001 0.6726324671875 0.6542372015625 0.6792333671875 0.6590055390625 0.6896584609375 0.65882356875 0.7051597578125001 0.6507393015625 0.7207633125 0.64851351875
0 0.665265975 0.75496704375 0.673084796875 0.7548305656250001 0.679481175 0.7478819375 0.678126909375 0.7449754421875 0.667804075 0.7510158953125 0.6518937390625 0.73566623125 0.6466811921875 0.7357572171875 0.6402507234375 0.7407530171875 0.641639078125 0.7456123406249999 0.649389725 0.7415702078125 0.653418440625 0.7483368640625 0.665265975 0.75496704375
0 0.6222297328125 0.9032016437499999 0.6299462953125 0.8972066828124999 0.628592028125 0.8943001890625 0.6143427406249999 0.8994324671875 0.6120091609375 0.9151005796874999 0.5965078640625 0.923184846875 0.596610125 0.9290433281249999 0.600570665625 0.9319043312499999 0.6043607718749999 0.9250011953125 0.6198620671875 0.9169169296874999 0.6222297328125 0.9032016437499999
0 0.551008178125 0.8556092578125 0.5486405109375 0.86932454375 0.55290783125 0.8897609937500001 0.5593042125000001 0.882812365625 0.5602153515625 0.860332103125 0.557540903125 0.8564719406249999 0.551008178125 0.8556092578125
0 0.8904806046875 0.9620055390625 0.8827640421874999 0.9680004999999999 0.8619479406250001 0.97031726875 0.8504753578124999 0.9851681921875001 0.8544018140625 0.9860763671875 0.8698349343749999 0.9740864453125001 0.882866303125 0.9738589828125 0.89186895625 0.9668648624999999 0.8904806046875 0.9620055390625
0 0.8305703953125001 0.9650046984375 0.8097542921875001 0.9673214671875 0.79797493125 0.9645969437499999 0.8124969140625 0.975087284375 0.825460109375 0.9709541671874999 0.8385255640624999 0.9726795312500001 0.8384573906250001 0.9687738749999999 0.8305703953125001 0.9650046984375
0 0.8484550390625 0.7947447624999999 0.8509931406250001 0.7907936140625 0.8406021328125 0.7929284125 0.8247599687499999 0.781484403125 0.8065842265625 0.7857085078125 0.794838953125 0.7849368109375 0.801439853125 0.7897051484375 0.8196496828125 0.787433871875 0.8380640312500001 0.7968795609375 0.8484550390625 0.7947447624999999
0 0.8961492375000001 0.5399673296875 0.89080034375 0.5322470046875 0.8777008015625001 0.5285688125 0.8584094 0.5435562140625 0.8623699406249999 0.5464172171875 0.8701887609375 0.5462807390625 0.8804093343750001 0.5343818031249999 0.8935770515625 0.5419656500000001 0.8961492375000001 0.5399673296875
0 0.92389790625 0.4867405671875 0.9277902734374999 0.4856959140625 0.92643600625 0.48278941875000003 0.9248431328125 0.46621313124999997 0.90906914375 0.45867477812499996 0.9088646234375 0.4469578125 0.902297809375 0.444142303125 0.8986099624999999 0.45690392031249993 0.9144521250000001 0.46834792968750005 0.9172970046875 0.4819722296875 0.92389790625 0.4867405671875
0 0.86587815 0.44868485468749997 0.86817764375 0.4310639140625 0.8615767421875 0.42629557812499996 0.8638762375000001 0.4086746375 0.8599156953125 0.405813634375 0.8510153015625 0.4186662375 0.8511516484375001 0.42647754843749996 0.8591068156249999 0.43415238125 0.8592431625 0.441963690625 0.86587815 0.44868485468749997
0 0.788508021875 0.496917496875 0.7742246484375 0.5000969468750001 0.777103615625 0.515674075 0.76160231875 0.5237583406249999 0.763058846875 0.53252331875 0.770741321875 0.5245755296875 0.7849565234375 0.517490425 0.7820775546875 0.501913296875 0.788508021875 0.496917496875
0 0.6933030203125 0.5689025156249999 0.681796353125 0.5818006125 0.690935353125 0.5826178015625 0.6946913718750001 0.5737618390625 0.7089406609375 0.5686295609375 0.7036940281249999 0.56676771875 0.6933030203125 0.5689025156249999
0 0.5579997140625 0.7333983125 0.5670705421875 0.730309846875 0.570690215625 0.713642575 0.56540949375 0.7098279046875 0.5563386671874999 0.7129163703125 0.5579997140625 0.7333983125
0 0.5342456734375001 0.79143890625 0.53285731875 0.7865795828125 0.5302851328125 0.788577903125 0.5172196765625 0.7868525390625 0.510789209375 0.7918483390625 0.508319284375 0.7997051421875 0.514886096875 0.8025206515625 0.5135318296875 0.7996141578125 0.5199282109375 0.7926655296875 0.5342456734375001 0.79143890625
0 0.252095584375 0.8325021703125 0.2663107859375 0.8254170640625 0.264820171875 0.814699259375 0.25811701249999996 0.8040724390625 0.25419055625000003 0.8031642640625 0.253074896875 0.8139275625 0.2584237921875 0.8216478875 0.24556285625 0.8316394875 0.2469852984375 0.8384516375000001 0.25087766562499997 0.8374069859375 0.252095584375 0.8325021703125
0 0.2906691859375 0.7273207609375001 0.2803122640625 0.7314083874999999 0.28170061875 0.7362677093750001 0.29591582031249997 0.729182603125 0.2970655671875 0.7203721328125 0.2905328390625 0.7195094515625 0.2906691859375 0.7273207609375001
0 0.2569147734375 0.6605168703125 0.250313871875 0.6557485328125 0.2514977046875 0.6488908906249999 0.2450672390625 0.653886690625 0.25041613281249997 0.661607015625 0.245305846875 0.6675564828125 0.2466601125 0.670462978125 0.258303128125 0.6653761921875 0.2569147734375 0.6605168703125
0 0.2265100625 0.8602966828125 0.2251217078125 0.855437359375 0.2211952546875 0.8545291859375 0.217439234375 0.8633851484375 0.22664640937499997 0.8681079921875 0.2331109625 0.8650650203125 0.234294796875 0.8582073765624999 0.2265100625 0.8602966828125
0 0.282047965625 0.53212899375 0.28858069375 0.532991675 0.298869440625 0.5249983953124999 0.31190080937500003 0.52477093125 0.32222364375 0.518730478125 0.29619499375 0.5211382328124999 0.282047965625 0.53212899375
0 0.34158321875 0.50764873125 0.3352550125 0.5185030140625 0.346863940625 0.5114634015624999 0.3454755859375 0.506604078125 0.3428011390625 0.502743915625 0.3245572234375 0.5030623656250001 0.3047886078125 0.49071018125 0.3101715875 0.5003833328125 0.31941285 0.5070590046875 0.32726575625 0.5088753546875 0.337622678125 0.5047877296875 0.34158321875 0.50764873125
0 0.41334096249999996 0.5112797515625 0.4043042203125 0.5163210453125 0.40450874062500003 0.528038009375 0.4006504609375 0.531035490625 0.390225365625 0.5312174609375 0.39029353906250003 0.535123115625 0.40335899375000006 0.5368484796875 0.412395734375 0.5318071875 0.41334096249999996 0.5112797515625
0 0.4533802921875 0.4900699265625 0.45849058125 0.48412045781249996 0.45713631250000003 0.48121396250000004 0.44295519843750003 0.490251896875 0.45219645937499997 0.49692756875 0.465227828125 0.49670010624999994 0.46776592812500006 0.4927489578125 0.4533802921875 0.4900699265625
0 0.36296959375000004 0.463323425 0.35403511249999997 0.47422319999999996 0.3632422890625 0.47894604531249996 0.36713465625 0.47790139218750005 0.36578038749999997 0.474994896875 0.361853934375 0.474086721875 0.36296959375000004 0.463323425
0 0.2823179359375 0.24887801562499998 0.288543884375 0.23216525 0.2833313359375 0.2322562359375 0.27690086875 0.23725203593750002 0.2770372171875 0.245063346875 0.261535921875 0.2531476125 0.258997821875 0.2570987609375 0.2629583609375 0.25995976249999997 0.26806865 0.25401029531249997 0.2823179359375 0.24887801562499998
0 0.647732434375 0.1985476765625 0.65558534375 0.200364025 0.6634041640625 0.20022754687500002 0.663370078125 0.19827472031249999 0.652910896875 0.19650386250000001 0.644955728125 0.18882903125 0.6318902734375 0.1871036671875 0.6239691921875 0.1813816625 0.6200768234375 0.182426315625 0.6293521734375 0.1910548140625 0.642417628125 0.19278017812499998 0.647732434375 0.1985476765625
0 0.5354332625 0.262040675 0.535569609375 0.269851984375 0.5460969640625 0.275528496875 0.5409866796875 0.2814779640625 0.5423409453125 0.284384459375 0.5565902328125001 0.27925218125 0.5551677921875 0.27244003125 0.5354332625 0.262040675
0 0.4552182546875 0.296649015625 0.4748164375 0.2992370609375 0.474680090625 0.2914257515625 0.4720397296875 0.2895184171875 0.4564361734375 0.2917442 0.4552182546875 0.296649015625
0 0.4637280125 0.41077569374999995 0.470226653125 0.40968554843750005 0.4714104859375 0.40282790625000003 0.4570248515625 0.400148875 0.4571271109375 0.4060073578125 0.4637280125 0.41077569374999995
0 0.47072875 0.3637713546875 0.468088390625 0.3618640203125 0.46290993125 0.3639078328125 0.4602354828125 0.360047671875 0.4537368421875 0.36113781718750004 0.45773146875000004 0.36595164687500004 0.465584378125 0.36776799531250004 0.47079692343749996 0.3676770109375 0.47072875 0.3637713546875
0 0.565568003125 0.3455118390625 0.582628084375 0.3520510328125 0.5825599109375 0.348145378125 0.575993096875 0.34532986875 0.5745365687499999 0.336564890625 0.565568003125 0.3455118390625
0 0.6226241265625 0.2536817734375 0.6187658468749999 0.256679253125 0.6241147421875 0.26439957812500003 0.6307156421875 0.26916791562500003 0.6332878296875 0.2671695953125 0.629225028125 0.25845011093750003 0.6226241265625 0.2536817734375
0 0.6540357578125 0.260947171875 0.6643585937500001 0.25490671875 0.6721774125 0.254770240625 0.6811800671875 0.24777611875 0.6798258015624999 0.24486962499999998 0.6422563968749999 0.258222646875 0.6540357578125 0.260947171875
0 0.760325428125 0.5999641078125 0.7537586140625 0.5971485984375 0.752711128125 0.61181755 0.7593120296875 0.6165858875 0.764490490625 0.614542075 0.7605299484375 0.611681071875 0.760325428125 0.5999641078125
0 0.7447218734375001 0.602189890625 0.7420474265625 0.598329728125 0.7523361734375 0.5903364484375 0.7534177468750001 0.577620321875 0.7573442015625 0.578528496875 0.7574805484375 0.5863398078125 0.7640814484375 0.59110814375 0.7719002703125 0.5909716656249999 0.7783307374999999 0.585975865625 0.7769423828125 0.58111654375 0.7692258234375 0.5871115046875001 0.7611683953124999 0.5735781890625 0.7481711140625 0.5757584796875 0.7393729796875 0.5944695656250001 0.7238716843749999 0.6025538328125 0.7304725859375 0.60732216875 0.73829140625 0.6071856921875 0.7447218734375001 0.602189890625
0 0.692187359375 0.5796658140625001 0.69079900625 0.5748064921875 0.6831165328125001 0.5827542796875 0.692187359375 0.5796658140625001
0 0.689878665625 0.5220801484375001 0.6963091312499999 0.5170843484375001 0.6949548640625001 0.514177853125 0.68967414375 0.5103631828124999 0.6845297703125001 0.5143598234375 0.6741046749999999 0.5145417937500001 0.665067934375 0.5195830875 0.6651361078125 0.5234887421875001 0.6690625625 0.5243969171875 0.6741728484375 0.51844745 0.689878665625 0.5220801484375001
0 0.8205083296875 0.61258756875 0.82325095 0.6203533859375 0.8351325718749999 0.6289363921875 0.8442033999999999 0.6258479265625 0.8453872328125 0.6189902843749999 0.8348598781250001 0.6133137718749999 0.8205083296875 0.61258756875
0 0.7083298234375001 0.8323522625 0.701967528125 0.8412537171875 0.7059280703125 0.8441147203125 0.716353165625 0.8439327499999999 0.7214293640625 0.836030453125 0.7161486453125 0.832215784375 0.7083298234375001 0.8323522625
0 0.9567844687499999 0.6531841546875 0.9543486296875001 0.6629937859374999 0.9583091687499999 0.6658547875 0.967379996875 0.6627663218750001 0.9659575578125 0.655954171875 0.9632490234375 0.65014118125 0.9567844687499999 0.6531841546875
0 0.9296899281250001 0.51984765 0.9350729093749999 0.5295208015624999 0.9389311890625001 0.526523321875 0.9374746609375 0.51775834375 0.9137455062500001 0.5025451578125 0.9007141375 0.5027726218749999 0.8953993296875 0.49700512343750003 0.8915069624999999 0.49804977656249994 0.8942495828125001 0.50581559375 0.9112755781249999 0.5104019609375 0.924579640625 0.5257971171875 0.9296899281250001 0.51984765
0 0.8928520265625 0.425749665625 0.8913614140625 0.4150318609375 0.8872645265625 0.40435954843750005 0.8728107171874999 0.3977748609375 0.871592796875 0.4026796765625 0.8794457046874999 0.4044960265625 0.8795820515624999 0.41230733593749996 0.8875372203125 0.41998216875 0.888959659375 0.42679431875 0.8928520265625 0.425749665625
0 0.8845992812500001 0.47570599218750004 0.871602 0.4778862828125 0.8600612453125001 0.4888315515625 0.8666962328125001 0.495552715625 0.8845992812500001 0.47570599218750004
0 0.40006450625 0.7215044140625 0.3975945796875 0.729361215625 0.41089864218749994 0.7447563734375 0.42010581562500005 0.7494792171875 0.4304286515625 0.7434387640625 0.42125556406250003 0.7406687468750001 0.41851294218749996 0.7329029296875 0.4105918609375 0.727180925 0.4078492390625 0.7194151078125001 0.41302770312500003 0.7173712953125 0.40375235312499996 0.7087427953125001 0.3973218859375 0.7137385968750001 0.40006450625 0.7215044140625
0 0.0316282140625 0.9721133078124999 0.0382632015625 0.9788344718750001 0.0565071171875 0.9785160234375001 0.060365398437499995 0.97551854375 0.05901113125 0.9726120484375 0.0446595828125 0.97188584375 0.0470272484375 0.958170559375 0.0430326203125 0.953356728125 0.0352138 0.9534932062499999 0.0313555203125 0.9564906875 0.031423693749999995 0.9603963421874999 0.0366703265625 0.962258184375 0.0316282140625 0.9721133078124999
0 0.05012641875 0.8370042671875 0.059367679687499994 0.8436799390624999 0.0589927265625 0.8221988359375001 0.051105731249999994 0.818429659375 0.0380743640625 0.8186571218750001 0.03275955625 0.8128896250000001 0.0288671890625 0.8139342781250001 0.0289353625 0.8178399328125 0.0355362625 0.8226082703125 0.052528171874999995 0.825241809375 0.05012641875 0.8370042671875
0 0.0950715171875 0.7981280078124999 0.0846123359375 0.7963571515625001 0.0687360859375 0.7829603140625 0.043959442187499996 0.78241608125 0.047988156250000004 0.7891827390625 0.06623207343750001 0.7888642890625001 0.084714596875 0.8022156328125 0.095139690625 0.8020336625000001 0.0950715171875 0.7981280078124999
0 0.1097888171875 0.7451287078125 0.10857089687499999 0.7500335234375 0.141030015625 0.74262996875 0.167160925 0.746080696875 0.1800559453125 0.7380419234375 0.1905151265625 0.7398127796875 0.19044695312499998 0.735907125 0.1773814984375 0.7341817609375 0.1670586640625 0.7402222140625 0.148746575 0.7366350078125 0.1357833796875 0.7407681265625 0.1369672125 0.7339104843750001 0.1304344859375 0.7330478015625 0.12407219218750001 0.7419492578125 0.1097888171875 0.7451287078125
0 0.1338404359375 0.6294569578125 0.139052984375 0.629365971875 0.1518798328125 0.61742154375 0.136208103125 0.6157416718750001 0.12828702187500002 0.6100196671875 0.117827840625 0.6082488109375 0.113765040625 0.5995293265625 0.10855249375 0.5996203109375 0.1087229265625 0.6093844484375001 0.13502426875 0.6225993140625 0.1338404359375 0.6294569578125
0 0.0182873421875 0.655891725 0.018423689062500002 0.6637030359375 0.032809325 0.6663820671875 0.0418801515625 0.6632936015625 0.0404917984375 0.6584342796875 0.024751896875000002 0.652848753125 0.0182873421875 0.655891725
0 0.19977207187499998 0.5980280671875 0.19987433125 0.60388655 0.20650931875 0.6106077140624999 0.2181523328125 0.605520928125 0.2167639796875 0.60066160625 0.2062707125 0.596937921875 0.19977207187499998 0.5980280671875
0 0.9205233187499999 0.2934106421875 0.916665040625 0.296408121875 0.924552034375 0.3001772984375 0.921979846875 0.30217561875 0.925974475 0.3069894484375 0.9298327546875 0.30399196875 0.9283762281250001 0.295226990625 0.9205233187499999 0.2934106421875
0 0.8908749968749999 0.31248566875 0.8948696234375 0.3172994984375 0.9026884453124999 0.3171630203125 0.9142973718749999 0.31012340781250003 0.915378946875 0.29740728125000004 0.8959511984375 0.30458337343749997 0.8908749968749999 0.31248566875
0 0.16028460625000002 0.42681614218749997 0.1483688984375 0.41628030781250003 0.149825425 0.42504528593749996 0.155106146875 0.4288599546875 0.15524249375000002 0.43667126562499997 0.1618093078125 0.43948677500000005 0.16174113437499998 0.43558112031249996 0.16028460625000002 0.42681614218749997
0 0.12196529375000001 0.397206959375 0.10521199375000001 0.40824321250000006 0.106566259375 0.4111497078125 0.1207814609375 0.40406460156249996 0.12196529375000001 0.397206959375
0 0.095075275 0.27558741875 0.0873928 0.2835352078125 0.091387428125 0.2883490375 0.09785198125 0.2853060640625 0.10932456093750001 0.270455140625 0.1066842015625 0.26854780625 0.095075275 0.27558741875