0 0.8358003453125 0.5793025125 0.8294893218749999 0.566100440625 0.827592575 0.5706030578125 0.8301150187499999 0.5807200234375001 0.8358003453125 0.5793025125
0 0.8908912078125001 0.23916067343749997 0.8852058812499999 0.24057818437499998 0.883309134375 0.24508080156249998 0.8858332156250001 0.251167653125 0.8946765109375001 0.2503060078125 0.895310396875 0.2447750203125 0.8908912078125001 0.23916067343749997
0 0.8983159984375 0.620131484375 0.898951525 0.610570384375 0.9052690999999999 0.6076520015625 0.9033756296875 0.6040943921874999 0.8957951953125001 0.6059844062499999 0.893896809375 0.6145171375 0.8844196265625 0.620909771875 0.8863130968749999 0.6244673796875 0.8983159984375 0.620131484375
0 0.720290453125 0.38243885624999996 0.7158729015625 0.3727943953125 0.709558603125 0.3676525484375 0.7007169453125 0.36448408125 0.6969250890625001 0.369459203125 0.71839370625 0.38694147343749996 0.7247112812500001 0.3840230890625 0.720290453125 0.38243885624999996
0 0.92801040625 0.6019819578125001 0.9267557390625001 0.58080301875 0.9198108296875 0.573131934375 0.9097046750000001 0.5729652109375001 0.910333646875 0.579524565625 0.9198059140625 0.585222275 0.9191720265625 0.5907532625 0.9242201890624999 0.602926965625 0.92801040625 0.6019819578125001
0 0.745531265625 0.443307371875 0.7347961375 0.4365812953125 0.7202642390625 0.44692067968750004 0.7246834296875 0.45253502812499996 0.735423471875 0.44717076406249995 0.753103509375 0.461567928125 0.757525975 0.45912204843750004 0.745531265625 0.443307371875
0 0.851069346875 0.3095349609375 0.8586497828124999 0.307644946875 0.8605498062500001 0.2950821015625 0.8643400234374999 0.29413709374999997 0.8706608765625001 0.28315848125 0.8662416859375 0.2775441328125 0.850448565625 0.282825034375 0.849180790625 0.2938870078125 0.8535983421875001 0.3035314703125 0.851069346875 0.3095349609375
0 0.6634748703125 0.3039213453125 0.67420344375 0.3267678796875 0.6779920234375 0.3298529875 0.682414490625 0.32740710625 0.6836806265625001 0.3203752484375 0.68810309375 0.3179293671875 0.686841871875 0.312870884375 0.6798936859375 0.31326002656249996 0.663478146875 0.29586111718749997 0.6577928203125001 0.297278628125 0.6571572953125 0.3068397296875 0.6634748703125 0.3039213453125
0 0.9596277750000001 0.5148479874999999 0.977314365625 0.5131246968750001 0.9785837781250001 0.49803260937499993 0.9545796125000001 0.5026742843750001 0.9482554828125 0.5217131234375 0.9520440625000001 0.5247982296875 0.9545714203125 0.5228248546875001 0.9596277750000001 0.5148479874999999
0 0.7423880421875 0.40648048281250004 0.7423814875 0.42260093750000005 0.74553781875 0.4271869171875 0.7486990640625 0.4196825546875 0.7594407453125 0.4102881765625 0.7581844390625 0.393139353125 0.7518652234375 0.40008784999999997 0.7341819109375 0.3937509125 0.72975944375 0.39619679375 0.731020665625 0.40125527656250004 0.7423880421875 0.40648048281250004
0 0.9551610734375 0.6261069453125 0.95705454375 0.6296645562500001 0.9532610484375 0.6386697906250001 0.9576802390625 0.6442841375 0.9639961765624999 0.64539586875 0.9709492781250001 0.632916384375 0.9747394953124999 0.631971378125 0.9898938125000001 0.644311803125 0.998106496875 0.6409209171875 0.998740384375 0.6353899296875001 0.9898987281249999 0.6322214625 0.9842199546874999 0.617518515625 0.964012559375 0.605094728125 0.9614852015625001 0.6070681062500001 0.9646382546875 0.6197143125 0.961477009375 0.6272186750000001 0.9551610734375 0.6261069453125
0 0.23061035312499997 0.7758633203125 0.2287168828125 0.772305709375 0.22050092187499998 0.783756825 0.22239275468750003 0.79134455 0.22681358281250003 0.7929287828125 0.22492174999999998 0.785341059375 0.23061035312499997 0.7758633203125
0 0.267251309375 0.7613547625 0.26283211875 0.7557404140624999 0.2590419015625 0.756685421875 0.25840801406249997 0.7622164078125 0.2527210484375 0.767664034375 0.25461451875 0.77122164375 0.2647223125 0.7673582531250001 0.267251309375 0.7613547625
0 0.3064687734375 0.6239694109375 0.31341695937499997 0.6235802687499999 0.3178394265625 0.6211343890625 0.3216345578125 0.6080990390625 0.3184765890625 0.6075431734375 0.3127879859375 0.6170209125 0.30899776874999996 0.6179659203125001 0.30331571875 0.611323203125 0.29889325312500004 0.6137690828125 0.3064687734375 0.6239694109375
0 0.2553057484375 0.62463666875 0.2540478046875 0.6115179578125 0.24773514375 0.602346 0.2496335296875 0.5938132671874999 0.24774005937500002 0.5902556578125 0.2420498171875 0.6037635109374999 0.2489930890625 0.6154647093750001 0.24772531406249998 0.6265266828125 0.2553057484375 0.62463666875
0 0.17689703437499998 0.83492555 0.181316225 0.8405398984374999 0.1857386921875 0.8380940171875 0.190798321875 0.8220569234375 0.1964836484375 0.8206394124999999 0.2059559171875 0.8263371218750001 0.21227349218749997 0.8234187374999999 0.19901264531250001 0.814635921875 0.188906490625 0.8144691999999999 0.1832146109375 0.8320071656250001 0.17689703437499998 0.83492555
0 0.297638584375 0.5925901437500001 0.30079491406250003 0.5971761250000001 0.3026916625 0.5926735062499999 0.3109027078125 0.593312734375 0.3159574234375 0.5893659796875 0.3216509421875 0.5677979 0.3159672546875 0.565185296875 0.3121704828125 0.5822507609375001 0.30079982968749996 0.5850857828125 0.297638584375 0.5925901437500001
0 0.26478129375 0.62227415 0.2571943046875 0.6402846203125 0.2641375765625 0.6519858203125 0.27171473437500004 0.6581560328125 0.2635102421875 0.6413963515625001 0.264776378125 0.6343644921875 0.2685665953125 0.633419484375 0.2717278421875 0.625915121875 0.2692053984375 0.61579815625 0.2628911 0.6106563109375001 0.26036374218749997 0.6126296875 0.26478129375 0.62227415
0 0.3171514734375 0.7596591359375 0.31463230625 0.74148194375 0.3184258015625 0.7324767078125001 0.315272746875 0.7198305 0.31148416874999996 0.71674539375 0.307051871875 0.7433719578125 0.312100034375 0.7555456609375 0.3095710375 0.76154915 0.3171514734375 0.7596591359375
0 0.32155919375 0.79348428125 0.3253477734375 0.7965693890625001 0.32787513125 0.7945960109375 0.330404128125 0.788592521875 0.325989853125 0.77088783125 0.33231234375 0.75587910625 0.32726581875 0.7396752890625 0.322843353125 0.74212116875 0.324101296875 0.7552398796875 0.3184094171875 0.7727778468750001 0.32155919375 0.79348428125
0 0.3379993078125 0.7504314812499999 0.3379976703125 0.7544615953125 0.34178625 0.7575467015624999 0.35378587499999997 0.761271034375 0.3563083171875 0.7713880015625 0.3600985359375 0.7704429937499999 0.3626291703125 0.7604093890625 0.3765255421875 0.7596311046875 0.38095456250000004 0.74106476875 0.3740063765625 0.7414539109375 0.37021288124999996 0.750459146875 0.36452755468750003 0.7518766578125 0.3512650703125 0.7471239546875 0.3379993078125 0.7504314812499999
0 0.3689942578125 0.6406177015625001 0.3544639984375 0.6469269718749999 0.35193336249999996 0.656960575 0.3538251953125 0.6645483 0.349401090625 0.6710242937500001 0.36202968750000003 0.6813079828124999 0.3595072453125 0.6711910171875 0.362668490625 0.663686653125 0.378459971875 0.662435865625 0.385409796875 0.658016609375 0.38541143437500003 0.653986496875 0.3790971359375 0.64884465 0.370252203125 0.6537364109375 0.3689942578125 0.6406177015625001
0 0.4264044078125 0.810326959375 0.4238852421875 0.792149765625 0.42009666250000005 0.7890646593749999 0.41819336093750004 0.80968773125 0.423872134375 0.8243906781250001 0.416920671875 0.8328400484375 0.4030242984375 0.8336183328125 0.39733405781250003 0.847126184375 0.399227528125 0.8506837968750001 0.40175488593750003 0.8487104203125 0.4055467421875 0.843735296875 0.4232333328125 0.8420120062500001 0.43081704531250004 0.8320617640625001 0.43902809062500003 0.832700990625 0.4421893359375 0.8251966265625 0.44093139062500003 0.812077915625 0.43271870625000003 0.815468803125 0.4264044078125 0.810326959375
0 0.091767865625 0.48541773125 0.0898743953125 0.4818601203125 0.0835535421875 0.49283873125 0.08291965625 0.49836971874999997 0.087340484375 0.499953953125 0.0873437609375 0.491893725 0.091767865625 0.48541773125
0 0.23453000156249998 0.456539309375 0.2244222078125 0.46040269843750004 0.23831858125 0.459624415625 0.246532903125 0.45220341406250003 0.23832349531250002 0.4475340734375 0.23453000156249998 0.456539309375
0 0.28000114531250003 0.47341001875 0.28442525 0.4669340234375 0.28253341875000004 0.4593463 0.2667468515625 0.44850674531249995 0.2648501046875 0.45300936406250003 0.2667419359375 0.46059708749999995 0.2781093125 0.46582229374999995 0.277475425 0.47135328125 0.28000114531250003 0.47341001875
0 0.1473730171875 0.43394322656249995 0.1309525625 0.42863465781250004 0.122733325 0.4481460015625 0.127783125 0.4562895921875 0.1322055921875 0.4538437109375 0.134739503125 0.43574987812500005 0.1473730171875 0.43394322656249995
0 0.2042000671875 0.4842499375 0.207988646875 0.48733504375000003 0.2105160046875 0.48536166718749996 0.20483723281250002 0.47065872343750004 0.1985229328125 0.46551687968750005 0.19283760625 0.466934390625 0.1884135015625 0.473410384375 0.18146531562499998 0.4737995265625 0.188410225 0.4814706125 0.1991502671875 0.476106346875 0.2042000671875 0.4842499375
0 0.1327919671875 0.5651860296875 0.13911118125 0.5582375328125 0.14731895 0.5669369859375 0.1555316359375 0.5635461 0.1574300203125 0.5550133671874999 0.1492173359375 0.5584042546875 0.1441675359375 0.5502606640625001 0.13848384687499998 0.5476480625 0.1327985203125 0.5490655734375001 0.1252131703125 0.5630459296875 0.127106640625 0.566603540625 0.1327919671875 0.5651860296875
0 0.1562195875 0.42502135 0.1650563296875 0.4402801625 0.1738963484375 0.44747874374999996 0.17831881562500002 0.4450328625 0.1675853265625 0.434276671875 0.16506288281249998 0.4241597046875 0.1555922546875 0.4144318828125 0.1442216015625 0.4172669046875 0.14042974531250002 0.42224202499999997 0.144848934375 0.4278563734375 0.151798759375 0.4234371171875 0.1562195875 0.42502135
0 0.1997612171875 0.5269969578125 0.20607879375000002 0.5240785734375 0.19029550312500002 0.5051787921875001 0.180819959375 0.5075413109375 0.17513135625 0.51701905 0.16565745 0.5153514546875 0.1675492828125 0.522939178125 0.17386358125 0.5280810234375 0.189027728125 0.516240765625 0.1997612171875 0.5269969578125
0 0.10505328750000001 0.43374883750000004 0.1069451203125 0.4413365609375 0.10504018125 0.46598975 0.1138785609375 0.47721844375 0.12018794531250002 0.49445063125 0.12460877343750001 0.49603486406249997 0.1195638875 0.4758009328125 0.11135939531250001 0.45904125156250003 0.11389166875000001 0.444977534375 0.109474115625 0.435333071875 0.1139014984375 0.42079685 0.102535759375 0.41154152968749996 0.1088467828125 0.4247436015625 0.10505328750000001 0.43374883750000004
0 0.7928172375 0.6571811624999999 0.79029315625 0.6510943109375 0.7877657984375 0.6530676875 0.788394771875 0.6596270421875 0.7839723046875 0.6620729234375 0.785865775 0.6656305328125 0.7902882421874999 0.663184653125 0.7928172375 0.6571811624999999
0 0.7909286828125001 0.6415332109375 0.7903013484375 0.630943740625 0.78398705 0.625801896875 0.787138465625 0.6424782171875 0.7909286828125001 0.6415332109375
0 0.6658777125 0.6082366296874999 0.6639842421875 0.604679021875 0.6557682812500001 0.6161301359375 0.6601858328125 0.6257745984375 0.6696581 0.6314723078125 0.660189109375 0.6177143703125 0.6658777125 0.6082366296874999
0 0.6633323328125 0.6545412625 0.665225803125 0.6580988703124999 0.6759642078125 0.656764721875 0.6747046250000001 0.6476761234375 0.666493578125 0.6470368984375 0.6633323328125 0.6545412625
0 0.685452859375 0.622161290625 0.676612840625 0.6149627093750001 0.6740854828125 0.616936084375 0.6797675328125 0.623578803125 0.6740789296874999 0.6330565421875 0.67534015 0.6381150234375 0.6791303671875 0.6371700171875 0.685452859375 0.622161290625
0 0.5862733109375 0.6522624718750001 0.60016476875 0.6635745281250001 0.6045872359375 0.6611286484375001 0.6033260140625 0.6560701640625 0.5869088375 0.642701371875 0.5862733109375 0.6522624718750001
0 0.5294364296875 0.6261364421875 0.5256494890625001 0.619021221875 0.5237609328125 0.60337326875 0.5199723546875 0.6002881624999999 0.5155466109375 0.610794271875 0.5168078328125 0.615852753125 0.521859271875 0.6199662296875 0.52185599375 0.62802645625 0.5294364296875 0.6261364421875
0 0.69995854375 0.67630373125 0.70627611875 0.673385346875 0.70691000625 0.6678543593749999 0.6999618203125 0.6682435015625 0.691123440625 0.6570148062500001 0.68291239375 0.656375578125 0.6791205375 0.6613507015625 0.6810140078125 0.6649083109375 0.690489553125 0.6625457921875 0.69995854375 0.67630373125
0 0.653213071875 0.68661545 0.6570016515625 0.68970055625 0.6614241171875 0.6872546765624999 0.6658482234374999 0.6807786828125 0.663956390625 0.6731909578125 0.65701148125 0.6655198734375001 0.65069554375 0.6644081421875 0.6456391890625001 0.672385009375 0.6469004109375 0.6774434921875 0.6513212390625001 0.6790277265625 0.653213071875 0.68661545
0 0.6127884515625001 0.6859485578125 0.5982647453125 0.6761373734375 0.5938471937500001 0.6664929109375 0.585007175 0.659294328125 0.5692140546875 0.66457523125 0.578684684375 0.6743030546875 0.5862651203125 0.672413040625 0.602680659375 0.68981195 0.6127884515625001 0.6859485578125
0 0.47259463281249997 0.6121007546875 0.4687995 0.6251361046875 0.4725880796875 0.6282212109375 0.4751170765625 0.6222177203125 0.481431375 0.6273595640625 0.488374646875 0.639060765625 0.4826860421875 0.6485385031249999 0.490266478125 0.6466484890624999 0.4927971125 0.6366148843749999 0.50354043125 0.6231903937500001 0.5104869796875 0.6268313640625001 0.5098580078125 0.620272009375 0.5035437078125 0.615130165625 0.48964405937500005 0.623968678125 0.48080567968750004 0.6127399828125 0.47259463281249997 0.6121007546875
0 0.61533219375 0.6436740421875 0.60901625625 0.6425623125000001 0.6001778765625 0.6313336171875 0.592597440625 0.63322363125 0.5913313046875001 0.640255490625 0.6001729609375 0.6434239578125001 0.606485621875 0.652595915625 0.6058517343750001 0.658126903125 0.6102692859375 0.667771365625 0.62227055 0.667465584375 0.6229044375 0.661934596875 0.615327278125 0.6557643843750001 0.6248044609375001 0.6493717515624999 0.6267012078125 0.644869134375 0.624178765625 0.63475216875 0.621020796875 0.6341963046875 0.620386909375 0.639727290625 0.61533219375 0.6436740421875