0 0.7373046875 0.690767728125 0.7294921875 0.6933743984375 0.7197265625 0.71162109375 0.708984375 0.710317759375 0.7138671875 0.71944110625 0.72265625 0.7181377703125 0.728515625 0.7051044171874999 0.744140625 0.68946439375 0.7431640625 0.682947715625 0.7373046875 0.690767728125
0 0.66796875 0.5122107875 0.66796875 0.5200307984375 0.669921875 0.5200307984375 0.673828125 0.504390775 0.6669921875 0.5004807687499999 0.669921875 0.506997446875 0.66796875 0.5122107875
0 0.7939453125 0.8549879812500001 0.796875 0.8536846453125 0.7919921875 0.8367412859375 0.7890625 0.8406512921875 0.7890625 0.848471303125 0.7939453125 0.8549879812500001
0 0.8828125 0.890178034375 0.8857421875 0.8966947109375001 0.8935546875 0.8966947109375001 0.904296875 0.905818059375 0.8974609375 0.894088040625 0.8876953125 0.8914813703125001 0.8857421875 0.886268028125 0.8828125 0.890178034375
0 0.708984375 0.4757173984375 0.7109375 0.48093073906250006 0.720703125 0.47050405624999997 0.7197265625 0.46138070937500003 0.712890625 0.465290715625 0.708984375 0.4757173984375
0 0.8798828125 0.7481144828125 0.873046875 0.7546311593749999 0.87109375 0.7676645140625 0.8720703125 0.774181190625 0.87890625 0.7728778546874999 0.880859375 0.7702711843750001 0.87890625 0.7598445015624999 0.884765625 0.7546311593749999 0.8798828125 0.7481144828125
0 0.712890625 0.6555776734375 0.7080078125 0.6490609984375 0.705078125 0.6503643328125001 0.70703125 0.660791015625 0.703125 0.6633976859375 0.69921875 0.67382436875 0.701171875 0.68946439375 0.697265625 0.6972844046875 0.705078125 0.6972844046875 0.70703125 0.6920710640625 0.705078125 0.6764310390625 0.712890625 0.66600435625 0.712890625 0.6555776734375
0 0.7294921875 0.6933743984375 0.7177734375 0.71162109375 0.70703125 0.710317759375 0.7138671875 0.71944110625 0.72265625 0.7181377703125 0.7294921875 0.70380108125 0.744140625 0.6920710640625 0.7431640625 0.682947715625 0.7294921875 0.6933743984375
0 0.8134765625 0.6073542671875 0.8046875 0.6112642734375 0.8046875 0.6164776140625 0.8095703125 0.61778095 0.8173828125 0.630814303125 0.830078125 0.6321176390625001 0.837890625 0.6216909562499999 0.8369140625 0.615174278125 0.8232421875 0.6203876203124999 0.8134765625 0.6073542671875
0 0.7412109375 0.5343674890625 0.7353515625 0.52394080625 0.7275390625 0.5265474765625 0.7216796875 0.52394080625 0.71875 0.5278508109375 0.71875 0.5356708234374999 0.72265625 0.5487041765625 0.728515625 0.5487041765625 0.7314453125 0.539580828125 0.7451171875 0.5421875 0.748046875 0.5356708234374999 0.7412109375 0.5343674890625
0 0.6875 0.4287973265625 0.6875 0.41837064375 0.6796875 0.4079439609375 0.68359375 0.397517278125 0.6806640625 0.393607271875 0.6767578125 0.3988206140625 0.666015625 0.397517278125 0.66796875 0.4079439609375 0.666015625 0.4261906546875 0.671875 0.4340106671875 0.6748046875 0.4222806484375 0.6826171875 0.4222806484375 0.68359375 0.4287973265625 0.6875 0.4287973265625
0 0.8798828125 0.8575946515625 0.8740234375 0.8575946515625 0.8681640625 0.868021334375 0.8623046875 0.8628079921875 0.8564453125 0.8628079921875 0.8486328125 0.8497746390625001 0.8388671875 0.8497746390625001 0.8359375 0.8562913156249999 0.8466796875 0.8602013218750001 0.84765625 0.86932466875 0.861328125 0.8797513515625001 0.861328125 0.890178034375 0.8466796875 0.8966947109375001 0.845703125 0.9006047171875 0.865234375 0.9006047171875 0.875 0.86932466875 0.8837890625 0.868021334375 0.884765625 0.864111328125 0.8798828125 0.8575946515625
0 0.4228515625 0.6125676078125 0.412109375 0.6164776140625 0.41796875 0.6216909562499999 0.4267578125 0.6203876203124999 0.435546875 0.6034442609374999 0.4306640625 0.6021409249999999 0.4228515625 0.6125676078125
0 0.4169921875 0.6256009609375 0.416015625 0.6321176390625001 0.419921875 0.6373309796875 0.41796875 0.6555776734375 0.421875 0.6581843453125 0.4296875 0.6373309796875 0.4248046875 0.630814303125 0.4189453125 0.630814303125 0.4169921875 0.6256009609375
0 0.4404296875 0.79503455625 0.4375 0.7989445609375 0.435546875 0.804157903125 0.4375 0.8197979265625 0.431640625 0.82501126875 0.4326171875 0.8289212734375001 0.443359375 0.8276179390625 0.44140625 0.8067645734375001 0.455078125 0.8067645734375001 0.4462890625 0.79503455625 0.4404296875 0.79503455625
0 0.4345703125 0.758541165625 0.4296875 0.7676645140625 0.4345703125 0.7767878609375 0.439453125 0.775484525 0.4560546875 0.7689678484375 0.45703125 0.762451171875 0.4482421875 0.7559344953125 0.4345703125 0.758541165625
0 0.443359375 0.848471303125 0.4443359375 0.8367412859375 0.4345703125 0.8445612984374999 0.427734375 0.8562913156249999 0.431640625 0.8745380109375 0.427734375 0.8797513515625001 0.43359375 0.88496469375 0.439453125 0.8797513515625001 0.439453125 0.86932466875 0.435546875 0.8588979859375 0.443359375 0.848471303125
0 0.45703125 0.6972844046875 0.4541015625 0.6881610578124999 0.4443359375 0.6881610578124999 0.4404296875 0.682947715625 0.4345703125 0.682947715625 0.41796875 0.6920710640625 0.4208984375 0.6985877406250001 0.4267578125 0.7011944109375 0.4365234375 0.6933743984375 0.439453125 0.6972844046875 0.44140625 0.7051044171874999 0.4296875 0.7181377703125 0.4287109375 0.7272611171875 0.4404296875 0.7220477765625 0.4462890625 0.7298677890625 0.451171875 0.728564453125 0.455078125 0.7259577828125 0.45703125 0.710317759375 0.447265625 0.702497746875 0.45703125 0.6972844046875
0 0.1337890625 0.6985877406250001 0.1259765625 0.69598106875 0.123046875 0.6998910765625 0.123046875 0.7155311 0.1171875 0.7233511109374999 0.1181640625 0.7272611171875 0.12109375 0.7259577828125 0.126953125 0.7155311 0.126953125 0.7051044171874999 0.13671875 0.702497746875 0.1337890625 0.6985877406250001
0 0.1494140625 0.724654446875 0.1455078125 0.724654446875 0.150390625 0.7311711234375 0.1484375 0.736384465625 0.150390625 0.75723783125 0.146484375 0.7650578421875001 0.150390625 0.7702711843750001 0.154296875 0.75723783125 0.15234375 0.7468111484375 0.154296875 0.7311711234375 0.1494140625 0.724654446875
0 0.12109375 0.7702711843750001 0.1162109375 0.766361178125 0.12109375 0.7911245484375 0.126953125 0.796337890625 0.123046875 0.80937124375 0.126953125 0.80937124375 0.1328125 0.80155123125 0.1328125 0.796337890625 0.125 0.7859112078125 0.12109375 0.7702711843750001
0 0.13671875 0.8354379515625 0.1318359375 0.8367412859375 0.125 0.845864634375 0.12109375 0.8562913156249999 0.1220703125 0.8602013218750001 0.125 0.8588979859375 0.140625 0.8380446218750001 0.1416015625 0.8211012609375 0.13671875 0.82501126875 0.13671875 0.8354379515625
0 0.1767578125 0.758541165625 0.1640625 0.780697865625 0.166015625 0.7911245484375 0.158203125 0.796337890625 0.1591796875 0.800247896875 0.166015625 0.7989445609375 0.169921875 0.796337890625 0.169921875 0.780697865625 0.1796875 0.7676645140625 0.1767578125 0.758541165625
0 0.08984375 0.8771446812500001 0.087890625 0.86932466875 0.080078125 0.8588979859375 0.0791015625 0.8445612984374999 0.07421875 0.8615046578125 0.080078125 0.8745380109375 0.0712890625 0.8758413468749999 0.068359375 0.8797513515625001 0.06640625 0.89278470625 0.0625 0.897998046875 0.0634765625 0.9019080531249999 0.06640625 0.9006047171875 0.0732421875 0.8836613578125 0.0830078125 0.8836613578125 0.0849609375 0.8888747 0.08984375 0.8771446812500001
0 0.05859375 0.5122107875 0.0771484375 0.5109074515625001 0.0849609375 0.52394080625 0.09375 0.5226374703125 0.0927734375 0.5187274640624999 0.0869140625 0.5187274640624999 0.0771484375 0.503087440625 0.05859375 0.5122107875
0 0.193359375 0.41055063125 0.1884765625 0.406640625 0.185546875 0.4261906546875 0.1962890625 0.43270733124999994 0.2001953125 0.44052734375 0.205078125 0.439224009375 0.20703125 0.43140399687500003 0.2021484375 0.42488731875 0.1943359375 0.4222806484375 0.193359375 0.41055063125
0 0.5810546875 0.265880409375 0.5751953125 0.276307090625 0.564453125 0.280217096875 0.5673828125 0.284127103125 0.57421875 0.28282376875000004 0.5791015625 0.2815204328125 0.591796875 0.26457707343750003 0.5888671875 0.2606670671875 0.5810546875 0.265880409375
0 0.63671875 0.3401705234375 0.62890625 0.355810546875 0.6328125 0.355810546875 0.640625 0.34277719375000004 0.6376953125 0.331047175 0.634765625 0.3323505109375 0.63671875 0.3401705234375
0 0.6201171875 0.34929387031250003 0.6142578125 0.34929387031250003 0.61328125 0.35320387656249996 0.6171875 0.355810546875 0.615234375 0.374057240625 0.623046875 0.389697265625 0.626953125 0.389697265625 0.626953125 0.381877253125 0.62109375 0.37145057187499997 0.623046875 0.35320387656249996 0.6201171875 0.34929387031250003
0 0.5390625 0.5956242484375001 0.548828125 0.6008375906250001 0.548828125 0.6216909562499999 0.5576171875 0.630814303125 0.56640625 0.6295109671875 0.5546875 0.619084284375 0.552734375 0.5956242484375001 0.5439453125 0.589107571875 0.5390625 0.5956242484375001
0 0.6376953125 0.91494140625 0.6455078125 0.9279747593750001 0.65625 0.931884765625 0.6396484375 0.90712139375 0.6337890625 0.90712139375 0.625 0.9136380718750001 0.6376953125 0.91494140625
0 0.623046875 0.8875713640624999 0.6298828125 0.8966947109375001 0.642578125 0.8953913765625 0.6328125 0.88496469375 0.6376953125 0.873234675 0.6318359375 0.873234675 0.623046875 0.8875713640624999
0 0.330078125 0.6086576015625 0.328125 0.619084284375 0.3330078125 0.630814303125 0.337890625 0.6295109671875 0.337890625 0.6242976265625 0.33203125 0.6164776140625 0.3349609375 0.6021409249999999 0.330078125 0.6086576015625
0 0.21484375 0.6555776734375 0.21875 0.6555776734375 0.228515625 0.642544321875 0.2314453125 0.630814303125 0.21484375 0.6477576625 0.21484375 0.6555776734375
0 0.291015625 0.652971003125 0.2861328125 0.6568810093749999 0.2783203125 0.6542743390625 0.2724609375 0.6568810093749999 0.259765625 0.6686110281250001 0.2607421875 0.672521034375 0.265625 0.6712176984375 0.2763671875 0.6620943515625 0.2861328125 0.664701021875 0.291015625 0.6581843453125 0.291015625 0.652971003125
0 0.2275390625 0.5656475359375001 0.216796875 0.5721642124999999 0.216796875 0.5851975656249999 0.220703125 0.593017578125 0.212890625 0.6112642734375 0.216796875 0.6112642734375 0.224609375 0.59823091875 0.22265625 0.577377553125 0.23046875 0.5695575421875 0.2275390625 0.5656475359375001
0 0.255859375 0.5851975656249999 0.2568359375 0.589107571875 0.2685546875 0.5865009015625 0.271484375 0.5904109078124999 0.2568359375 0.6099609375 0.251953125 0.6112642734375 0.2568359375 0.61778095 0.259765625 0.6164776140625 0.28125 0.5878042359375 0.2763671875 0.57607421875 0.2626953125 0.5786808890625 0.255859375 0.5851975656249999
0 0.38671875 0.4261906546875 0.38671875 0.4366173375 0.392578125 0.4470440203125 0.388671875 0.44965069062499996 0.3935546875 0.4561673671875 0.404296875 0.4548640328125 0.404296875 0.441830678125 0.3935546875 0.4353140015625 0.3896484375 0.4222806484375 0.38671875 0.4261906546875