0 0.424174715625 0.28731281875 0.437156246875 0.273735771875 0.43672060312500005 0.26870081875 0.434057046875 0.26128976875 0.4376415859375 0.2559720546875 0.433960559375 0.2543313625 0.42669499375 0.25800838593750003 0.4294550375 0.27237784062500003 0.420397203125 0.27871372031249997 0.42015453125 0.2875955796875 0.424174715625 0.28731281875
0 0.8706314875000001 0.7200462296875 0.8886009734375 0.7232147343750001 0.8892792859374999 0.719367828125 0.8838059890625001 0.72038599375 0.8738768703125 0.7166519671875 0.863754775 0.699001128125 0.8560535671875 0.697643196875 0.8456888015624999 0.6888742171875 0.84467133125 0.694644575 0.857942321875 0.7019427453125 0.8706314875000001 0.7200462296875
0 0.6246895828125 1 0.62315790625 0.9976972859375 0.618362925 0.994868546875 0.6048492640625 0.9964522328125 0.5941453421875 0.98960670625 0.5931278718749999 0.9953770640625 0.5964697421875 0.9989412078125 0.6024744515625 1 0.6246895828125 1
0 0.32247743125 0.841549940625 0.326497615625 0.8412671796875 0.325722815625 0.8381556796874999 0.320153034375 0.8322154390625001 0.32543335624999997 0.8172804609375 0.312065878125 0.8030238828125 0.309402321875 0.795612834375 0.3043646703125 0.8016659531249999 0.31739299062500004 0.8178459828125 0.31211266875 0.8327809609375001 0.32247743125 0.841549940625
0 0.36432825156250004 0.7993479921875 0.38074813750000003 0.7962934953125 0.3814264515625 0.792446590625 0.365249234375 0.786619228125 0.365056259375 0.772702415625 0.3594864796875 0.766762175 0.345537175 0.763310909375 0.354448825 0.77281529375 0.3568697140625 0.7891082015625 0.3664596765625 0.79476568125 0.36432825156250004 0.7993479921875
0 0.4073895125 0.765292496875 0.41509072031249994 0.766650428125 0.41644734687499996 0.7589566171875 0.4155760609375 0.748886709375 0.40181973125 0.7593522562499999 0.4073895125 0.765292496875
0 0.24479575312500002 0.67415029375 0.24813762499999997 0.6777144390625 0.260972971875 0.6799776578125 0.265428796875 0.68472985 0.2742439609375 0.687275828125 0.26930279687500003 0.700287353125 0.2609232734375 0.702776328125 0.27230550937500003 0.70577495 0.2766648484375 0.7035687375 0.2812668578125 0.6924806640625001 0.29802590156250003 0.687502715625 0.30408102187499997 0.6756792390624999 0.284076596875 0.68405145 0.2712412484375 0.68178823125 0.26935249375 0.6774886828125 0.28364095312500004 0.679016496875 0.28286615312499996 0.6759049953125 0.27293703125 0.6721709687499999 0.26165128593750003 0.6761307515625 0.24479575312500002 0.67415029375
0 0.2922660515625 0.615089915625 0.2921695640625 0.6081315093749999 0.2888276953125 0.6045673640625 0.29342970625000003 0.5934792921875001 0.2900878359375 0.5899151484375 0.2850501828125 0.5959682671875 0.2833544 0.6055855296875 0.287810225 0.6103377234375 0.2850004875 0.6187669375 0.2922660515625 0.615089915625
0 0.5398712828125001 0.58437733125 0.5343015 0.578437090625 0.5359972828124999 0.568819828125 0.5304274999999999 0.5628795875 0.5243723796875 0.5747030640624999 0.5332840296875 0.5842074484374999 0.5330413609375 0.5930893078125 0.540306925 0.5894122859375 0.5398712828125001 0.58437733125
0 0.6434311625 0.5074414875000001 0.6485653015625 0.5083467749999999 0.6754464375 0.521019665625 0.6817910203124999 0.53007140625 0.6920592984375 0.53188198125 0.69307676875 0.5261116234375 0.6876034734375 0.5271297890625 0.681258890625 0.518078046875 0.6540385953125 0.507328609375 0.6495827703125 0.5025764171875 0.6386361796875 0.5046127484375 0.6339376828125001 0.5087424140625 0.6372795531250001 0.5123065578125 0.6434311625 0.5074414875000001
0 0.8217284218750001 0.411951778125 0.81146014375 0.4101412046875 0.798721284375 0.4148363921875 0.788645978125 0.4269426296875 0.79387660625 0.43480632343750003 0.8033700828124999 0.43350539687499995 0.79891425625 0.42875320468749994 0.8064224921875001 0.4161943234375 0.8217284218750001 0.411951778125
0 0.9540114046875001 0.32223129687499996 0.9617126140625001 0.323589228125 0.962390928125 0.3197423234375 0.9572567890625001 0.3188370359375 0.9461172250000001 0.3069565546875 0.92558066875 0.30333540625 0.9152159031249999 0.294566425 0.9145375906250001 0.2984133296875 0.92713026875 0.30955840625 0.9403047718750001 0.309898171875 0.9540114046875001 0.32223129687499996
0 0.6207309234375 0.21586683281250002 0.62620421875 0.21484866875000003 0.612497584375 0.20251554375 0.60445721875 0.203081065625 0.5953993843750001 0.20941694531250002 0.5814500812500001 0.20596567812500002 0.5895869312500001 0.21235856250000001 0.597288140625 0.21371649375000001 0.6063459765625 0.2073806140625 0.6207309234375 0.21586683281250002
0 0.27945395624999997 0.192380715625 0.28991520937500004 0.208108103125 0.2874446265625 0.214613865625 0.294371034375 0.2128602953125 0.2957276609375 0.20516648437499999 0.289383078125 0.19611474375 0.29945838281250003 0.18400850468750002 0.2990227390625 0.1789735515625 0.2889971328125 0.16828111875 0.28880415937500004 0.15436430625 0.28032815 0.149894875 0.27853588125 0.1525537328125 0.2833308625 0.155382471875 0.2812959234375 0.1669231875 0.28986841874999997 0.178351025 0.27945395624999997 0.192380715625
0 0.42402272031250005 0.4082645796875 0.42537934687499995 0.40057076875000003 0.429738684375 0.3983645546875 0.450275240625 0.401985703125 0.450614396875 0.4000622515625 0.44102443124999996 0.394404771875 0.41980956249999996 0.394630528125 0.41089791093750005 0.38512614218749996 0.39559198125 0.38936868750000003 0.406974215625 0.39236730937500003 0.41733898125 0.40113629062499995 0.41419008437500004 0.4114889578125 0.42402272031250005 0.4082645796875
0 0.4503688203125 0.4614998578125 0.46029794218750003 0.465233884375 0.47400457500000004 0.47756700937499996 0.48683992187499997 0.479830228125 0.49318450468749997 0.48888196875 0.49454113125 0.4811881578125 0.49042446249999994 0.47451251250000004 0.480156184375 0.4727019390625 0.46901661875 0.46082145781249995 0.454292515625 0.454258690625 0.45051500312500004 0.44565959218750006 0.4442669078125 0.44356625781250003 0.4451381953125 0.45363616406249996 0.4503688203125 0.4614998578125
0 0.46683549687500003 0.48820243750000003 0.47608630625000004 0.49578337031249997 0.486354584375 0.4975939453125 0.4979794875 0.49171070937500005 0.47710377499999995 0.49001301249999996 0.47042003593750004 0.4828847234375 0.462718828125 0.4815267921875 0.44997996718750005 0.48622198125000005 0.44930165468750005 0.49006888593750003 0.452982678125 0.49170957812499994 0.46170135781250005 0.48729715 0.46683549687500003 0.48820243750000003
0 0.33238011093750003 0.4476366578125 0.3520453796875 0.44118789999999997 0.355194275 0.43083523125 0.3529663625 0.42845913593749996 0.3486070234375 0.43066534843750004 0.34758955468749997 0.43643570625 0.3432302140625 0.43864192031250004 0.328263440625 0.4409610125 0.3244362328125 0.4551605859375 0.328456415625 0.45487782499999996 0.33238011093750003 0.4476366578125
0 0.287184515625 0.538830209375 0.2905263859375 0.5423943546875 0.3030225765625 0.5465810249999999 0.3040400453125 0.5408106671875 0.29667799375000004 0.5375292828125 0.2943535953125 0.5281947812500001 0.28621674375 0.521801896875 0.270039525 0.515974534375 0.2693612125 0.5198214390625 0.2749309953125 0.5257616796875 0.2882019859375 0.5330598515625 0.287184515625 0.538830209375
0 0.22930557187499997 0.506808784375 0.2205868921875 0.5112212109375001 0.22325044843750003 0.5186322609375 0.22727063125 0.5183495 0.24204443125 0.5021135953125 0.23322926718749998 0.4995676171875 0.22930557187499997 0.506808784375
0 0.6876912390625 0.6917554375 0.6799900328125 0.6903975078125 0.668025971875 0.6982041953125 0.66066391875 0.6949228125 0.6588716484375 0.69758166875 0.66444143125 0.703521909375 0.6721426390625 0.7048798406250001 0.6881268828125 0.696790390625 0.6876912390625 0.6917554375
0 0.5713515234375001 0.638517896875 0.5746933921874999 0.6420820421875 0.5808450015625 0.637216971875 0.588207053125 0.6404983546875 0.5914524359375 0.63710409375 0.5789562453125 0.632917421875 0.5713515234375001 0.638517896875
0 0.5748337625 0.731353271875 0.56771438125 0.7191900296875 0.5687318515625 0.713419671875 0.5650508249999999 0.7117789812499999 0.561901928125 0.7221316484375 0.5682465109375 0.731183390625 0.5654367703125 0.7396126046875 0.5756085609375 0.7344647734375 0.5748337625 0.731353271875
0 0.52286085 0.7559043828124999 0.5272201875 0.75369816875 0.5264453890625 0.75058666875 0.5234426765625 0.7450990703125 0.5254776156250001 0.7335583546875 0.5217965890625 0.7319176640625 0.5167589359375 0.7379707828125001 0.5157414671875 0.743741140625 0.5198581375 0.7504167859375 0.516612753125 0.753811046875 0.52286085 0.7559043828124999
0 0.44225231562499995 0.0872167390625 0.42394367187500004 0.0859716875 0.4150320203125 0.0764673015625 0.40733081093749995 0.0751093703125 0.39938693281250004 0.0826332984375 0.41401455 0.08223765937500001 0.42069828906250006 0.0893659484375 0.4309665671875 0.0911765234375 0.44225231562499995 0.0872167390625
0 0.32687455781249997 0.15611900781250002 0.3349149234375 0.1555534859375 0.3538053921875 0.1459932265625 0.35303059375 0.1428817265625 0.344990228125 0.1434472484375 0.3304590984375 0.15080129375 0.3099225421875 0.14718014375 0.3026569765625 0.1508571671875 0.29873328125 0.158098334375 0.30241430625 0.15973902499999998 0.31181129687500003 0.15147969375 0.32687455781249997 0.15611900781250002
0 0.5431838015625 0.24284991250000001 0.5363538796875 0.2515618890625 0.5454585046875 0.2749830859375 0.5440521796875 0.3054755671875 0.5506394343750001 0.30564545 0.550882103125 0.2967635921875 0.547879390625 0.29127599531250004 0.5531597140625 0.2763410171875 0.5440550875 0.2529198203125 0.5522416359375 0.236514034375 0.55137035 0.2264441265625 0.547689325 0.224803434375 0.542990828125 0.22893310156250002 0.5431838015625 0.24284991250000001
0 0.7051576640625 0.15737310625 0.7243872890625 0.1458893953125 0.7289892984375 0.1348013234375 0.738386290625 0.126541990625 0.737950646875 0.1215070375 0.7212880890625 0.1334433921875 0.710873628125 0.1474730828125 0.7007018375 0.1526209140625 0.693000628125 0.1512629828125 0.6857350624999999 0.15494000624999998 0.68583155 0.1618984125 0.6948893859374999 0.15556253281250002 0.7051576640625 0.15737310625