0 0.7387055609375001 0.6474192265625 0.737934971875 0.64346346875 0.7281827296875 0.642952375 0.7250524234375 0.6467036953124999 0.7387055609375001 0.6474192265625
0 0.8273496296875 0.5607061875 0.8173724890624999 0.5458269437500001 0.8143786046875 0.5469751640625 0.8224052984375 0.561752190625 0.8273496296875 0.5607061875
0 0.7511457234375001 0.5593227578125 0.7446602109375 0.5524572453125 0.7359514046875 0.5506957124999999 0.7423004953125 0.560164321875 0.7511457234375001 0.5593227578125
0 0.784100684375 0.3783325 0.7853690203125 0.39145020937499997 0.7892699171875 0.391654646875 0.7916296328125 0.38394757031250004 0.7872309921875 0.3745811796875 0.784100684375 0.3783325
0 0.7551978687500001 0.4446842125 0.752613253125 0.4380231375 0.7496193703125 0.43917135937499996 0.74893725625 0.452186853125 0.74086261875 0.45698417343750003 0.7416332078125001 0.46093993125 0.7485279890625 0.459996146875 0.7551978687500001 0.4446842125
0 0.9036642546874999 0.4107010390625 0.904298421875 0.41725989375 0.911193203125 0.416316109375 0.923305159375 0.409120128125 0.920584121875 0.40506215156250003 0.9036642546874999 0.4107010390625
0 0.76990185625 0.38802936093749996 0.76786293125 0.3709558953125 0.7629185984375 0.37200189687499996 0.764186934375 0.3851196078125 0.7580627437499999 0.3900191484375 0.7576534765625 0.3978284421875 0.759603925 0.3979306609375 0.76990185625 0.38802936093749996
0 0.7770472421875 0.55023920625 0.7809481390624999 0.55044364375 0.7872087515625 0.5429410046875 0.7899777343750001 0.527424634375 0.802226115625 0.517625553125 0.8015919468750001 0.5110666968750001 0.7863496828125001 0.5220140015625 0.783717121875 0.534927271875 0.7773200874999999 0.545033009375 0.7770472421875 0.55023920625
0 0.7999439984375 0.281278515625 0.8039333718749999 0.2984542015625 0.8076978468749999 0.3012617359375 0.8050247531249999 0.2776294140625 0.7965887921875 0.270661684375 0.7907374468749999 0.270355028125 0.7901032796874999 0.26379617187500004 0.78724581875 0.2623412953125 0.7838426671875001 0.27129881093749997 0.78837773125 0.2780621046875 0.7999439984375 0.281278515625
0 0.9869324828125 0.501203125 0.989019353125 0.49870224375000005 0.9843478671874999 0.49454205 0.9726451765625 0.4939287390625 0.961761021875 0.4776968359375 0.9486056296875001 0.4861432578125 0.95940130625 0.4854039125 0.9702854609375 0.5016358140625 0.9869324828125 0.501203125
0 0.8602601109375 0.7164355796875 0.86833475 0.7116382578125 0.8520969953125 0.704261653125 0.846791340625 0.6935426031249999 0.8265162671875 0.6885646609375 0.8309149093749999 0.697931053125 0.840530728125 0.7010452421875 0.84960085625 0.7145718265625 0.8602601109375 0.7164355796875
0 0.85812924375 0.36524555937500003 0.8482405796875 0.3673375640625 0.846835821875 0.356822953125 0.8426620796875 0.3618247109375 0.8370835796874999 0.356311859375 0.8312322343749999 0.356005203125 0.8281019281249999 0.35975652343750003 0.833680428125 0.365269375 0.8314091890625 0.3899477 0.8295951640625001 0.387242384375 0.8158056031250001 0.3891299515625 0.810636371875 0.375807803125 0.8056920390625001 0.37685380625 0.8134458875 0.396837028125 0.825285 0.3948472421875 0.8308634984375001 0.40036009375 0.8350372406250001 0.395358334375 0.841522753125 0.40222384375000003 0.8370761671875 0.41243179999999996 0.8429275109375001 0.41273845624999994 0.8473740984375 0.4025305 0.8384403921875 0.3864008171875 0.8389860828125 0.37598842499999996 0.83535803125 0.37057779062499996 0.8442032609375 0.369736225 0.853546234375 0.3780566140625 0.8607138593749999 0.371906634375 0.85812924375 0.36524555937500003
0 0.323536865625 0.24717520624999997 0.32081582656249996 0.24311723281250003 0.31002015 0.243856578125 0.310790740625 0.247812334375 0.323536865625 0.24717520624999997
0 0.2597657078125 0.21381524999999998 0.262759590625 0.21266703125 0.2547328984375 0.1978900046875 0.2499249890625 0.196332909375 0.2513776921875 0.18727317500000001 0.2443464890625 0.1908200578125 0.24407364375 0.196026253125 0.24860870781250002 0.2027895453125 0.256274078125 0.20580151875000002 0.2597657078125 0.21381524999999998
0 0.28784257343749997 0.21920206874999998 0.2941916640625 0.228670678125 0.30875181406249996 0.2307388671875 0.30421675000000004 0.223975575 0.2964149578125 0.22356670156249997 0.29187989375 0.2168034078125 0.290475134375 0.206288796875 0.283989621875 0.1994232859375 0.2809957390625 0.20057150625000003 0.2882518421875 0.2113927734375 0.28784257343749997 0.21920206874999998
0 0.249692675 0.2380847015625 0.2439298078125 0.2547492921875 0.22859906562500001 0.2487253484375 0.22143144062500003 0.2548753265625 0.24665084531249998 0.25880726875 0.25672387812499997 0.23453781875000002 0.249692675 0.2380847015625
0 0.3697208703125 0.1869496578125 0.357929703125 0.1693650984375 0.348313884375 0.16625090468749998 0.34314465312500003 0.15292875781249998 0.3382003203125 0.1539747609375 0.3479046171875 0.1740602 0.3575204359375 0.1771743921875 0.3667269875 0.188097878125 0.3697208703125 0.1869496578125
0 0.3092569734375 0.1837808796875 0.304537540625 0.19919503125 0.308302015625 0.2020025671875 0.313021446875 0.186588415625 0.31229880312499997 0.1630583109375 0.315429109375 0.1593069921875 0.3232309015625 0.159715865625 0.32155329843749997 0.15440745 0.3118010578125 0.15389635625 0.3065838796875 0.16014855625 0.3092569734375 0.1837808796875
0 0.2258409609375 0.5252670796875 0.219989615625 0.524960425 0.22828915312500003 0.534531253125 0.22969391093749997 0.545045865625 0.2352724109375 0.55055871875 0.23037602499999998 0.5320303734375 0.2258409609375 0.5252670796875
0 0.2545999390625 0.5176384078125 0.2647614484375 0.51034020625 0.25006487499999996 0.5108751171875 0.24267235 0.502656946875 0.22393845781250002 0.505590515625 0.22847352187499997 0.512353809375 0.240312634375 0.5103640234375 0.247705159375 0.5185821921875 0.2545999390625 0.5176384078125
0 0.2625307421875 0.5715641265625 0.2590391140625 0.56355039375 0.2560452296875 0.5646986140625 0.262121475 0.5793734203125 0.287750146875 0.5754960671875 0.2942356609375 0.582361578125 0.2850770546875 0.5518637453124999 0.279225709375 0.5515570890625 0.27609540312499997 0.555308409375 0.2836243515625 0.5609234796875 0.28516553125 0.56883499375 0.282035225 0.5725863140625 0.2802212 0.5698809953125 0.2625307421875 0.5715641265625
0 0.3779611015625 0.645480021875 0.3624939375 0.642059175 0.3442172578125 0.6176091015625 0.3412233734375 0.6187573234375 0.3444421578125 0.6319772515625 0.356233325 0.6495618125 0.3804092953125 0.65474419375 0.3779611015625 0.645480021875