0 0.43202113437499995 0.37553251875 0.4249013875 0.3858198515625 0.4311978265625 0.3824427203125 0.43202113437499995 0.37553251875
0 0.5390605749999999 0.3181212875 0.524418203125 0.3142504453125 0.5215453953125 0.31053554375000003 0.5177130359375 0.311782475 0.5193538046875 0.31656247656250003 0.5353644609375 0.3213165859375 0.5390605749999999 0.3181212875
0 0.5335932999999999 0.2959878109375 0.5392026703125 0.3014692484375 0.5430350296875 0.3002223171875 0.5411217749999999 0.29154558124999996 0.5252473640625 0.2887398390625 0.521415003125 0.2899867703125 0.5229195296875 0.29281840625 0.5335932999999999 0.2959878109375
0 0.50292856875 0.324563671875 0.4986874796875 0.3199655015625 0.4854133890625 0.316977928125 0.477203696875 0.311678321875 0.472275540625 0.315938721875 0.4938955671875 0.3261742671875 0.50292856875 0.324563671875
0 0.6507556859375 0.252552921875 0.6408993749999999 0.26107371874999996 0.6537647359375 0.258216190625 0.6621106718750001 0.2654641640625 0.6725119562499999 0.264736834375 0.6812724718750001 0.2592295046875 0.6809999859375 0.2553327703125 0.6669025859375 0.259255396875 0.6612932140625001 0.253773959375 0.6507556859375 0.252552921875
0 0.41603973437499997 0.27777638437499996 0.406734246875 0.2754902453125 0.373895478125 0.2542918234375 0.37006311875 0.25553875625 0.371840128125 0.262267125 0.3992057703125 0.27993247656250003 0.41603973437499997 0.27777638437499996
0 0.4960754578125 0.35734814375 0.5068854703125 0.3624659171875 0.5224873953125 0.361374925 0.5387705375 0.37002576875000004 0.5502676171875 0.3662849734375 0.527279309375 0.355166159375 0.5090770625000001 0.356438984375 0.4984032921875 0.35326957812500004 0.4960754578125 0.35734814375
0 0.488963234375 0.7787927609375 0.5001878265624999 0.7711552312500001 0.49361890312499995 0.770635628125 0.4874587078125 0.7759611265624999 0.488963234375 0.7787927609375
0 0.585186809375 0.7348641609375 0.59408356875 0.731305196875 0.5819052734375 0.72530415625 0.5780729140624999 0.7265510890625 0.5795774390624999 0.7293827234375 0.5835460421875001 0.730084159375 0.585186809375 0.7348641609375
0 0.473135628125 0.6271837765625 0.478200028125 0.6248717453125 0.491337875 0.6259109515625 0.49544272031250003 0.6285607546875001 0.4929786421875 0.6306909546874999 0.4981792859375 0.630327290625 0.4962660296875 0.6216505531250001 0.4728631421875 0.6232870421875 0.473135628125 0.6271837765625
0 0.5225007703125 0.753931803125 0.5183959234375 0.751282 0.507994640625 0.7520093296875 0.504298521875 0.755204628125 0.5040201859375 0.7699082984375 0.5097716515624999 0.7587376984375 0.5225007703125 0.753931803125
0 0.5801458140625 0.662774571875 0.5852102140625 0.6604625390625001 0.5905470984375001 0.6620472421875 0.5942432156249999 0.65885194375 0.5819286765625 0.6509025359375 0.5741277140625 0.65144803125 0.5744002 0.655344765625 0.5801458140625 0.662774571875
0 0.4298253640625 0.8299175484375001 0.43708135625000005 0.82157858125 0.4525470375 0.818539221875 0.4636353890625 0.8089533250000001 0.46076258125 0.8052384218749999 0.4472101515625 0.81695451875 0.43420854843749995 0.8178636796875001 0.42818459531249997 0.8251375453125 0.4298253640625 0.8299175484375001
0 0.59999468125 0.64768134375 0.6050590796875001 0.6453693109375 0.6181969281249999 0.6464085171875 0.6288765484375001 0.63097751875 0.624771703125 0.628327715625 0.6169707390625 0.6288732125000001 0.6139558390625 0.6418103484375 0.5995859515624999 0.641836240625 0.59999468125 0.64768134375
0 0.460122321875 0.6652937484375 0.45464919375 0.6617606781250001 0.4549216796875 0.6656574125 0.4620355765625 0.6739704843750001 0.46586208593749995 0.6913239578125 0.4638067375 0.699299259375 0.47051190312499996 0.7017672312500001 0.46859864843750004 0.69309049375 0.47599088125 0.6866998953125 0.4691553234375 0.6636831515625 0.460122321875 0.6652937484375
0 0.44410581562500007 0.6791400453125 0.4394501453125 0.687297178125 0.44218671093750006 0.6890637140625 0.4417721296875 0.7018190171875001 0.44697277187499995 0.701455353125 0.4555970453125 0.6939996546875 0.450123915625 0.690466584375 0.4545071 0.678412715625 0.45232135937500006 0.6658392453124999 0.447120715625 0.666202909375 0.44109676562500005 0.6734767749999999 0.44410581562500007 0.6791400453125
0 0.49765186406249995 0.5667326046875 0.4939557484375 0.5699279046875 0.49559651718750003 0.57470790625 0.5077748125 0.580708946875 0.5059919500000001 0.5925809828124999 0.5155699234375 0.59876385625 0.520770565625 0.5984001921875 0.5206401734375 0.57785141875 0.5110622 0.5716685453125 0.5005246734375 0.5704475078125 0.49765186406249995 0.5667326046875
0 0.5685300437499999 0.608765784375 0.547591234375 0.6082720734375 0.5389669609375 0.6157277718749999 0.5369116125 0.6237030734375 0.5278786109375 0.6253136687499999 0.5255507765625 0.6293922359375 0.5308876609375 0.6309769390625 0.538688625 0.6304314421874999 0.5462171015624999 0.6259892109375 0.5567546296875 0.62721025 0.558673734375 0.61728658125 0.577148465625 0.6199104906249999 0.5912458671875 0.6159878625 0.5685300437499999 0.608765784375
0 0.49682270624999997 0.5922432109375 0.498878053125 0.5842679109375 0.4913495765625 0.5887101421875001 0.4730110859375 0.5880346000000001 0.46425057187499996 0.5935419296875 0.46506802968749994 0.605232134375 0.46027611874999996 0.6114409000000001 0.457397459375 0.626326403125 0.46273434375000005 0.62791110625 0.47081364375 0.6126619390625 0.4795741609375 0.6071546078125001 0.48244696718749996 0.6108695109375 0.4862793265625 0.609622578125 0.48833467500000005 0.6016472765625 0.48532562500000004 0.5959840078124999 0.49682270624999997 0.5922432109375
0 0.591062815625 0.7628427375 0.6051602171875 0.7589201109375 0.6087200890625 0.75377644375 0.6046152453125 0.751126640625 0.5996870890625 0.755387040625 0.58422140625 0.7584264000000001 0.581478990625 0.7752602703125 0.5776466328125001 0.776507203125 0.55725864375 0.76520655625 0.5587690203125 0.7494377859375 0.554664175 0.7467879828124999 0.53399785 0.7501910078125 0.5303017328124999 0.75338630625 0.5319425 0.758166309375 0.534815309375 0.7618812109374999 0.5419350546875 0.751593878125 0.5472719406250001 0.75317858125 0.5513767875 0.755828384375 0.5495939234375 0.7677004203125 0.575318796875 0.78058576875 0.586401296875 0.7896002765625 0.591062815625 0.7628427375
0 0.62462375625 0.663580159375 0.61503993125 0.6759976921875 0.6071027265625 0.6745948203125 0.597110171875 0.6811672515625 0.5887642359374999 0.673919278125 0.5767221859375 0.6698666046875 0.5763134562500001 0.6640215031250001 0.5641351593749999 0.6580204625 0.5512697984375 0.660877990625 0.54921445 0.6688532921875 0.559479490625 0.6661775953125 0.570698234375 0.6771404703125 0.5976551453125001 0.6889607203125 0.612712096875 0.6800762578125 0.6205130609375 0.6795307625 0.6266732546875 0.6742052625 0.628728603125 0.6662299625 0.62462375625 0.663580159375