0 0.4033203125 0.3362605171875 0.40625 0.33495718124999996 0.408203125 0.32713716875 0.4033203125 0.325833834375 0.400390625 0.3323505109375 0.4033203125 0.3362605171875
0 0.609375 0.0143366890625 0.6025390625 0.005213340625 0.59765625 0.0065166765625 0.6044921875 0.0156400234375 0.609375 0.0143366890625
0 0.64453125 0.0456167359375 0.64453125 0.037796724999999996 0.6376953125 0.02606670625 0.638671875 0.0404033953125 0.64453125 0.0456167359375
0 0.6474609375 0.046920071875000004 0.654296875 0.0456167359375 0.6640625 0.043010065624999996 0.6572265625 0.0364933890625 0.646484375 0.043010065624999996 0.6474609375 0.046920071875000004
0 0.564453125 0.1629169171875 0.5615234375 0.156400240625 0.546875 0.152490234375 0.5537109375 0.1642202515625 0.564453125 0.1629169171875
0 0.578125 0.14727689375 0.5654296875 0.130333534375 0.560546875 0.1342435390625 0.5693359375 0.14597355781250002 0.578125 0.14727689375
0 0.4306640625 0.325833834375 0.4375 0.32453049843750004 0.439453125 0.3193171578125 0.4326171875 0.3075871390625 0.427734375 0.321923828125 0.4306640625 0.325833834375
0 0.443359375 0.13945688125 0.4443359375 0.1433668859375 0.451171875 0.1420635515625 0.453125 0.12903019843750002 0.4609375 0.12121018593749999 0.4580078125 0.11208683906250001 0.443359375 0.13945688125
0 0.376953125 0.314103815625 0.3798828125 0.318013821875 0.390625 0.3167104859375 0.3798828125 0.2945537859375 0.373046875 0.2984637921875 0.376953125 0.303677134375 0.376953125 0.314103815625
0 0.419921875 0.23590369687499999 0.419921875 0.24111703750000002 0.4287109375 0.25024038437499996 0.435546875 0.24893704843750003 0.4375 0.24111703750000002 0.4306640625 0.23199369062500003 0.4228515625 0.23199369062500003 0.419921875 0.23590369687499999
0 0.4580078125 0.318013821875 0.4638671875 0.318013821875 0.4697265625 0.331047175 0.482421875 0.329743840625 0.4775390625 0.3206204921875 0.4658203125 0.31019380937499996 0.45703125 0.314103815625 0.4580078125 0.318013821875
0 0.181640625 0.14727689375 0.1787109375 0.14597355781250002 0.1748046875 0.156400240625 0.1611328125 0.1590069109375 0.15625 0.1655235875 0.16015625 0.1733436 0.1611328125 0.16943359375 0.1767578125 0.1642202515625 0.181640625 0.1577035765625 0.181640625 0.14727689375
0 0.35546875 0.280217096875 0.3642578125 0.29194711562500003 0.373046875 0.2906437796875 0.375 0.2776104265625 0.3720703125 0.273700421875 0.3623046875 0.273700421875 0.35546875 0.280217096875
0 0.49609375 0.2567570609375 0.4931640625 0.24502704375 0.48046875 0.261970403125 0.48046875 0.27500375625 0.4853515625 0.284127103125 0.48828125 0.28282376875000004 0.4873046875 0.27109375 0.4990234375 0.273700421875 0.505859375 0.26718374375 0.49609375 0.2567570609375
0 0.546875 0.2046236484375 0.548828125 0.19941030625 0.5439453125 0.19289362968749998 0.5361328125 0.1876802890625 0.53125 0.1889836234375 0.53125 0.1968036359375 0.5380859375 0.21635366562499997 0.5439453125 0.21635366562499997 0.5498046875 0.22417367812500003 0.5595703125 0.22938701875 0.576171875 0.22808368437499998 0.5732421875 0.2189603359375 0.5615234375 0.21635366562499997 0.5498046875 0.208533653125 0.546875 0.2046236484375
0 0.7509765625 0.740294471875 0.748046875 0.7468111484375 0.75 0.7546311593749999 0.763671875 0.7676645140625 0.759765625 0.75723783125 0.751953125 0.74941781875 0.75390625 0.7442044765625 0.7509765625 0.740294471875
0 0.7060546875 0.800247896875 0.7119140625 0.800247896875 0.7177734375 0.8054612390625 0.7265625 0.804157903125 0.73046875 0.80155123125 0.7275390625 0.7976412265625 0.705078125 0.796337890625 0.7060546875 0.800247896875
0 0.6923828125 0.886268028125 0.70703125 0.890178034375 0.7109375 0.8875713640624999 0.7099609375 0.8836613578125 0.689453125 0.8771446812500001 0.6923828125 0.886268028125
0 0.7333984375 0.8758413468749999 0.732421875 0.8797513515625001 0.7421875 0.9006047171875 0.740234375 0.9032113890625 0.7421875 0.9084247296875001 0.74609375 0.9032113890625 0.74609375 0.8953913765625 0.740234375 0.8797513515625001 0.7333984375 0.8758413468749999
0 0.8017578125 0.9123347359375 0.791015625 0.9162447406249999 0.7919921875 0.9227614187500001 0.81640625 0.9214580828125 0.8203125 0.9162447406249999 0.8193359375 0.9123347359375 0.8134765625 0.91494140625 0.8017578125 0.9123347359375
0 0.7744140625 0.7559344953125 0.7734375 0.7598445015624999 0.77734375 0.7676645140625 0.775390625 0.780697865625 0.7802734375 0.78721454375 0.7900390625 0.78721454375 0.794921875 0.7911245484375 0.7919921875 0.7820012015625 0.78125 0.775484525 0.78125 0.7650578421875001 0.7744140625 0.7559344953125
0 0.6474609375 0.909728065625 0.642578125 0.9162447406249999 0.6435546875 0.9201547484375 0.6513671875 0.9201547484375 0.6572265625 0.93058143125 0.662109375 0.9292780953124999 0.67578125 0.9188514124999999 0.6572265625 0.9201547484375 0.6513671875 0.909728065625 0.6474609375 0.909728065625
0 0.8359375 0.822404596875 0.8310546875 0.81328125 0.8193359375 0.810674578125 0.81640625 0.8171912562499999 0.8212890625 0.8237079328125001 0.8251953125 0.815887921875 0.830078125 0.822404596875 0.822265625 0.8432579625000001 0.82421875 0.8588979859375 0.818359375 0.864111328125 0.826171875 0.8667179984375 0.830078125 0.8588979859375 0.828125 0.845864634375 0.8359375 0.8328312796875 0.8359375 0.822404596875
0 0.6875 0.7728778546874999 0.6904296875 0.766361178125 0.701171875 0.762451171875 0.6982421875 0.7559344953125 0.6904296875 0.7559344953125 0.681640625 0.7650578421875001 0.681640625 0.7833045375000001 0.67578125 0.7911245484375 0.671875 0.80937124375 0.6748046875 0.815887921875 0.677734375 0.8145845859374999 0.6796875 0.80937124375 0.67578125 0.804157903125 0.689453125 0.788517878125 0.6875 0.7728778546874999
0 0.73828125 0.804157903125 0.7294921875 0.815887921875 0.7177734375 0.815887921875 0.7119140625 0.8211012609375 0.7021484375 0.8184945906250001 0.69921875 0.822404596875 0.7041015625 0.8315279437499999 0.71484375 0.830224609375 0.7373046875 0.826314603125 0.744140625 0.804157903125 0.7392578125 0.7976412265625 0.73828125 0.804157903125
0 0.373046875 0.7181377703125 0.3759765625 0.724654446875 0.37890625 0.7233511109374999 0.376953125 0.7181377703125 0.37890625 0.7077110875 0.3759765625 0.7064077515625 0.373046875 0.7181377703125
0 0.41015625 0.642544321875 0.400390625 0.66600435625 0.404296875 0.66600435625 0.408203125 0.652971003125 0.4140625 0.645150990625 0.4130859375 0.6412409859375 0.41015625 0.642544321875
0 0.359375 0.7833045375000001 0.35546875 0.7937312203125 0.357421875 0.796337890625 0.36328125 0.788517878125 0.3603515625 0.7715745187499999 0.357421875 0.7728778546874999 0.359375 0.7833045375000001
0 0.4228515625 0.5421875 0.4384765625 0.544794171875 0.4375 0.551310846875 0.44140625 0.55391751875 0.4453125 0.551310846875 0.4423828125 0.539580828125 0.421875 0.53827749375 0.4228515625 0.5421875
0 0.4345703125 0.7767878609375 0.4296875 0.7833045375000001 0.4306640625 0.78721454375 0.447265625 0.7859112078125 0.45703125 0.775484525 0.4501953125 0.774181190625 0.4443359375 0.77939453125 0.4345703125 0.7767878609375
0 0.44921875 0.7155311 0.4443359375 0.716834434375 0.4345703125 0.7350811296875001 0.4208984375 0.7376878 0.4140625 0.7468111484375 0.4150390625 0.750721153125 0.419921875 0.74941781875 0.4248046875 0.7455078125 0.4326171875 0.7481144828125 0.4384765625 0.7429011421875 0.44921875 0.7155311
0 0.4931640625 0.79503455625 0.4912109375 0.7976412265625 0.4814453125 0.79503455625 0.4736328125 0.8028545671874999 0.46875 0.7911245484375 0.474609375 0.780697865625 0.4736328125 0.7767878609375 0.4677734375 0.77939453125 0.462890625 0.788517878125 0.462890625 0.796337890625 0.466796875 0.804157903125 0.4609375 0.8197979265625 0.4609375 0.8328312796875 0.46484375 0.8328312796875 0.46484375 0.822404596875 0.4814453125 0.800247896875 0.494140625 0.80155123125 0.4931640625 0.79503455625
0 0.3759765625 0.8211012609375 0.375 0.8145845859374999 0.3857421875 0.810674578125 0.3916015625 0.7976412265625 0.4013671875 0.7976412265625 0.404296875 0.7911245484375 0.4013671875 0.78721454375 0.3916015625 0.7898212140624999 0.3837890625 0.800247896875 0.3779296875 0.8028545671874999 0.373046875 0.80937124375 0.373046875 0.8197979265625 0.359375 0.830224609375 0.3603515625 0.8341346156249999 0.3671875 0.8328312796875 0.3759765625 0.826314603125 0.3857421875 0.826314603125 0.3876953125 0.8211012609375 0.3759765625 0.8211012609375
0 0.498046875 0.7337777937500001 0.4951171875 0.7298677890625 0.4892578125 0.732474459375 0.486328125 0.7389911359375 0.48828125 0.74941781875 0.478515625 0.7546311593749999 0.4873046875 0.7559344953125 0.4912109375 0.7637545078125 0.5009765625 0.7637545078125 0.5078125 0.7833045375000001 0.5146484375 0.7898212140624999 0.517578125 0.788517878125 0.51171875 0.7598445015624999 0.5068359375 0.7533278250000001 0.4951171875 0.750721153125 0.498046875 0.7337777937500001
0 0.40234375 0.7676645140625 0.408203125 0.7520244890625001 0.400390625 0.7415978062499999 0.408203125 0.7337777937500001 0.408203125 0.728564453125 0.4130859375 0.7220477765625 0.416015625 0.7233511109374999 0.4169921875 0.732474459375 0.421875 0.728564453125 0.419921875 0.7181377703125 0.4296875 0.7051044171874999 0.4287109375 0.6855543859375001 0.42578125 0.6868577218749999 0.423828125 0.6998910765625 0.416015625 0.710317759375 0.416015625 0.7155311 0.4052734375 0.7142277640625 0.3828125 0.75723783125 0.3857421875 0.766361178125 0.3974609375 0.750721153125 0.400390625 0.75723783125 0.396484375 0.7676645140625 0.40234375 0.780697865625 0.4091796875 0.7820012015625 0.4169921875 0.7898212140624999 0.419921875 0.788517878125 0.419921875 0.7833045375000001 0.4150390625 0.7767878609375 0.4072265625 0.774181190625 0.40234375 0.7676645140625
0 0.8427734375 0.3831805890625 0.84765625 0.381877253125 0.849609375 0.37666391250000003 0.8466796875 0.37275390625 0.8359375 0.374057240625 0.8427734375 0.3831805890625
0 0.833984375 0.4079439609375 0.8388671875 0.41446063593750004 0.8447265625 0.41185396562500004 0.84765625 0.41576397187499997 0.845703125 0.41837064375 0.849609375 0.41837064375 0.853515625 0.41576397187499997 0.8505859375 0.406640625 0.8466796875 0.404033953125 0.833984375 0.4079439609375
0 0.869140625 0.54609750625 0.869140625 0.55391751875 0.8759765625 0.56825420625 0.880859375 0.566950871875 0.875 0.559130859375 0.876953125 0.5434908359375 0.8740234375 0.539580828125 0.869140625 0.54609750625
0 0.88671875 0.4209773140625 0.8857421875 0.41706730781249995 0.87890625 0.423583984375 0.87890625 0.439224009375 0.873046875 0.4470440203125 0.873046875 0.46268404375000005 0.8759765625 0.46659405 0.87890625 0.465290715625 0.876953125 0.4548640328125 0.884765625 0.439224009375 0.8828125 0.4261906546875 0.88671875 0.4209773140625
0 0.8740234375 0.5161207937500001 0.8857421875 0.5265474765625 0.892578125 0.525244140625 0.8916015625 0.5161207937500001 0.8720703125 0.503087440625 0.8671875 0.504390775 0.8740234375 0.5161207937500001
0 0.8701171875 0.5943209140625 0.85546875 0.60605093125 0.8525390625 0.622994290625 0.8447265625 0.622994290625 0.83984375 0.6295109671875 0.8408203125 0.6334209734375 0.85546875 0.6321176390625001 0.859375 0.626904296875 0.859375 0.6112642734375 0.87109375 0.59823091875 0.8701171875 0.5943209140625
0 0.818359375 0.363630559375 0.818359375 0.35059720625 0.8134765625 0.3414738578125 0.8037109375 0.3414738578125 0.796875 0.347990534375 0.7998046875 0.351900540625 0.8095703125 0.34929387031250003 0.8125 0.35320387656249996 0.814453125 0.3688439 0.8193359375 0.3753605765625 0.828125 0.374057240625 0.8359375 0.37145057187499997 0.8330078125 0.36754056562500004 0.8232421875 0.3701472359375 0.818359375 0.363630559375
0 0.828125 0.55391751875 0.8193359375 0.555220853125 0.8134765625 0.5500075109375 0.8056640625 0.5500075109375 0.7998046875 0.555220853125 0.78515625 0.55391751875 0.7900390625 0.563040865625 0.80078125 0.5643442015625 0.8076171875 0.56043419375 0.8232421875 0.563040865625 0.828125 0.559130859375 0.828125 0.55391751875