0 0.612925425 0.4380585390625 0.6243424921875 0.44162204374999997 0.6305137249999999 0.439311928125 0.6172126875 0.4331537359375 0.612925425 0.4380585390625
0 0.4353128671875 0.204252034375 0.44551170156250003 0.2020842046875 0.44832107031249996 0.1964951578125 0.42980737031249994 0.20342550468749998 0.4274040796875 0.2109249953125 0.4227107390625 0.2139193546875 0.4245947109375 0.21651404218749998 0.4353128671875 0.204252034375
0 0.409581296875 0.45931631875 0.40636585 0.462994921875 0.40824982031249996 0.4655896109375 0.41792933281250005 0.4735159609375 0.4232884125 0.46738495625 0.409581296875 0.45931631875
0 0.608458571875 0.41704365 0.602174096875 0.4313583890625 0.6040580671875 0.43395307812499995 0.60741993125 0.437232009375 0.61370440625 0.42291726875 0.608458571875 0.41704365
0 0.6140773109375 0.4058655546875 0.6229114953125 0.3910088578125 0.61888389375 0.390866571875 0.61459663125 0.395771375 0.6065414296875 0.3954868015625 0.60332598125 0.3991654046875 0.6060221078125 0.4055809828125 0.6140773109375 0.4058655546875
0 0.3877663546875 0.344147690625 0.3931254328125 0.3380166859375 0.392313278125 0.334195796875 0.374724978125 0.3329424078125 0.37634928749999996 0.3405841859375 0.3797111515625 0.3438631171875 0.3877663546875 0.344147690625
0 0.4455506015625 0.377790725 0.453199728125 0.37616485312500003 0.45774665 0.3662129609375 0.43332137968750006 0.3704063328125 0.43158382656249994 0.374769178125 0.4392329515625 0.37314330625 0.4455506015625 0.377790725
0 0.459937178125 0.313831615625 0.45025766406249995 0.305905265625 0.44970516875 0.2970372859375 0.4417963828125 0.3037102484375 0.4448985875 0.31203626875 0.4545781 0.3199626203125 0.459937178125 0.313831615625
0 0.3871337890625 0.36624649531250003 0.3979983625 0.3609420203125 0.3957083140625 0.3564368875 0.3804100625 0.35968863125 0.3715427046875 0.35558316875 0.3683272578125 0.359261771875 0.37021122812499996 0.3618564609375 0.3871337890625 0.36624649531250003
0 0.0073873390625 0.385064565625 0.015702203125 0.38030204843750004 0.0132657375 0.36883938125000004 0.018624815625 0.3627083765625 0.02882365 0.3605405484375 0.028011495312500002 0.356719659375 0.01271324375 0.359971403125 0.0052105359375 0.368554809375 0.0073873390625 0.385064565625
0 0.5776493031250001 0.378665284375 0.5777957218750001 0.38562281875000004 0.5807515078125001 0.38699130625 0.5946851093750001 0.37105069375 0.5938729546875 0.3672298046875 0.6028535578125 0.3593306421875 0.5907707531249999 0.3589037828125 0.5860774125 0.3618981421875 0.584080196875 0.3713080796875 0.5776493031250001 0.378665284375
0 0.3240705328125 0.3077676796875 0.34191849531249996 0.3039739796875 0.34768365 0.29975341875 0.3398881078125 0.29442175625 0.32458985625 0.29767350000000004 0.3122473890625 0.30229373125 0.312653465625 0.3042041765625 0.3240705328125 0.3077676796875
0 0.1383478796875 0.3492410078125 0.144665528125 0.3538884265625 0.15419862499999998 0.35485724375 0.159444459375 0.3607308640625 0.175148790625 0.3593895640625 0.1783642359375 0.3557109609375 0.1566019171875 0.34735775156250004 0.1404915109375 0.34678860624999996 0.1383478796875 0.3492410078125
0 0.1761737078125 0.40809230625000004 0.1780576796875 0.41068699375 0.184521746875 0.422291946875 0.20211004687499998 0.4235453359375 0.2121956359375 0.43338213124999997 0.2154110828125 0.429703528125 0.2137867734375 0.42206175 0.2042536765625 0.421092934375 0.1797952328125 0.406324146875 0.1761737078125 0.40809230625000004
0 0.3578962078125 0.22869448750000002 0.345147665625 0.231404275 0.33576098593750003 0.23739299374999998 0.3264875484375 0.2313770875 0.328111859375 0.239018865625 0.3325455390625 0.2410715953125 0.3326919546875 0.24802913124999998 0.3481034515625 0.2327727625 0.35992659531250004 0.2382467109375 0.37093758593750004 0.2398997703125 0.37710881875 0.23758965468749998 0.3762966640625 0.23376876562499999 0.3578962078125 0.22869448750000002
0 0.55731225625 0.2641808984375 0.56699176875 0.27210725 0.5746408953125 0.270481378125 0.58040605 0.2662608171875 0.580113215625 0.2523457484375 0.5684364890625 0.253829334375 0.5661464406250001 0.2493242015625 0.5566133437499999 0.2483553859375 0.55731225625 0.2641808984375
0 0.0322518609375 0.40174379687500006 0.0248623953125 0.39832257968749996 0.0240502390625 0.39450169062499996 0.0174729296875 0.3949013625 0.021387287499999998 0.40704827187500003 0.0124066859375 0.41494743593749994 0.0142906578125 0.4175421234375 0.022345859375 0.417826696875 0.033876171875 0.40938557500000006 0.04314960625 0.4154014828125 0.0512048109375 0.41568605468750003 0.0583014421875 0.40519220312500004 0.0534616859375 0.40122902812500005 0.0462186375 0.4047653453125 0.0322518609375 0.40174379687500006
0 0.38204236874999997 0.1416949453125 0.3743932421875 0.1433208171875 0.3699595625 0.1412680859375 0.366191621875 0.13607871093749999 0.3747661453125 0.126269103125 0.37354791249999997 0.12053777031249999 0.36239050625 0.111927175 0.35876898281249997 0.1136953328125 0.3616115265625 0.1270684453125 0.355586709375 0.1363360953125 0.3586889125 0.1446621171875 0.36312259375 0.146714846875 0.36515298125 0.1562670703125 0.36999273593750004 0.16023024531250002 0.375205396875 0.14714170625 0.3828545234375 0.14551583437499999 0.390763309375 0.1388428734375 0.3888793390625 0.136248184375 0.38204236874999997 0.1416949453125
0 0.109828659375 0.3153677765625 0.1066132125 0.31904637812500003 0.11078723125 0.3261462 0.10797786250000001 0.331735246875 0.112411540625 0.333787978125 0.1136297734375 0.3395193109375 0.1210192390625 0.3429405296875 0.1458505875 0.34065760156249997 0.1450384328125 0.33683671249999997 0.130259503125 0.3299942765625 0.1286351921875 0.3223524984375 0.109828659375 0.3153677765625
0 0.44431864687499995 0.44095049375000006 0.454663896875 0.4457401984375 0.45706718906250005 0.4382407078125 0.47247868593750003 0.4229843390625 0.46804500625 0.4209316078125 0.46120803437499996 0.42637836875 0.4589179859375 0.42187323593750004 0.4227828140625 0.408588034375 0.4023851453125 0.41292369375 0.3835786109375 0.40593897031250004 0.3808824875 0.39952339375 0.375523409375 0.40565439843749995 0.37781345625 0.41015953125 0.388824446875 0.41181259062500003 0.39850396093749996 0.4197389421875 0.41930770781250004 0.417313728125 0.42750932812500003 0.424555834375 0.42107843437500003 0.431913040625 0.439998209375 0.42689313906250004 0.44443189062500005 0.42894586874999996 0.44431864687499995 0.44095049375000006
0 0.112218228125 0.37675938593749997 0.11543367499999999 0.3730807828125 0.11421544218749999 0.36734944999999997 0.10641989999999998 0.3620177875 0.0958149875 0.362275171875 0.088425521875 0.358853953125 0.0798178234375 0.3497014015625 0.061563785937500004 0.35158465781250003 0.061304123437500004 0.3566317484375 0.06976540625 0.35882676562500004 0.0650720671875 0.36182112499999997 0.06562456093749999 0.37068910312500003 0.052210278124999995 0.3765355359375 0.055312482812499994 0.3848615578125 0.0676549484375 0.3802413265625 0.08283995625 0.3889942078125 0.0880526171875 0.37590566718749996 0.09396418906250001 0.3786426421875 0.0990636078125 0.377558728125 0.1008011609375 0.37319588125 0.1071188109375 0.3778433 0.112218228125 0.37675938593749997
0 0.4783879890625 0.8081011390624999 0.485890696875 0.7995177328125 0.48467246406250003 0.7937863984375 0.4802387859375 0.79173366875 0.4783879890625 0.8081011390624999
0 0.6355582515625 0.7137924203125 0.631124571875 0.7117396890625 0.6272433859375 0.7185549375 0.619594259375 0.7201808093750001 0.6200003374999999 0.722091253125 0.6306052484375 0.72183386875 0.6355582515625 0.7137924203125
0 0.588365190625 0.7487831015624999 0.58315253125 0.761871640625 0.60432918125 0.7423947125 0.588365190625 0.7487831015624999
0 0.4439571953125 0.7714909328124999 0.46490736093749996 0.776023253125 0.456705740625 0.7687811453125 0.44905661406249997 0.7704070171875 0.443145040625 0.76767004375 0.43737988593750005 0.771890603125 0.43926385625000003 0.7744852921875001 0.4439571953125 0.7714909328124999
0 0.6489588093750001 0.7768370890625 0.6422350812500001 0.7702792265625 0.6438262171875 0.7589588453125 0.63591743125 0.7656318062499999 0.639019634375 0.773957828125 0.645337284375 0.778605246875 0.6489588093750001 0.7768370890625
0 0.5009899078125 0.682493034375 0.4969623078125 0.6823507484375 0.4828822875 0.6913338265625 0.4796668421875 0.695012428125 0.4819568890625 0.6995175609375 0.4878684609375 0.7022545359375 0.5009899078125 0.682493034375
0 0.5425367828125001 0.7964626499999999 0.55476600625 0.8038470437499999 0.5624151312500001 0.8022211718750001 0.5652245 0.796632125 0.5442743359375 0.7920998046875 0.536625209375 0.7937256765625 0.5297882390625 0.7991724375 0.5425367828125001 0.7964626499999999
0 0.6643039578125001 0.723656403125 0.6674061609375 0.731982425 0.6733177328125 0.7347193984375 0.6769392578125 0.7329512406250001 0.670215528125 0.726393378125 0.6830773171875 0.711678965625 0.681712665625 0.6989900984374999 0.6759475109374999 0.7032106578125 0.6750221125 0.71139439375 0.6643039578125001 0.723656403125
0 0.3577864234375 0.7798233 0.35604886874999997 0.784186146875 0.369203490625 0.7833868046875 0.3861260515625 0.7877768390625 0.4122888765625 0.7792206203125 0.40744912031249997 0.7752574453125 0.3900072375 0.780961590625 0.3760404609375 0.7779400437499999 0.3628858390625 0.7787393859375 0.3577864234375 0.7798233
0 0.3624992125 0.864682203125 0.36600749375 0.87491866875 0.3700350953125 0.8750609546874999 0.3724383875 0.8675614625 0.3674522140625 0.856640753125 0.37817036875 0.8443787437499999 0.3772117953125 0.8336003203125 0.3589909328125 0.8544457359375001 0.3624992125 0.864682203125
0 0.52876331875 0.7504696953125001 0.5316058625 0.7638428078125 0.5195562328125 0.7823781078125001 0.5214402015624999 0.7849727953125 0.53363625 0.7733950296875001 0.5399207265625 0.759080290625 0.548788084375 0.7631857515625 0.5575090265625 0.7603336796875 0.5490477453125 0.7581386625000001 0.5482355906249999 0.7543177734375 0.5345284765625 0.7462491359375 0.52876331875 0.7504696953125001
0 0.47083265625 0.709869125 0.48842095625 0.7111225140624999 0.4853519265625 0.7217586515625001 0.489379528125 0.7219009390625 0.5183185484374999 0.6887935140625 0.5087854515625 0.687824696875 0.4959236640625 0.7025391078125 0.470426578125 0.7079586812499999 0.47083265625 0.709869125
0 0.5464648640624999 0.7397184593749999 0.572368028125 0.73620933125 0.5825336890624999 0.71507934375 0.5787657484375 0.7098899671875001 0.555445465625 0.731819296875 0.5405532921875 0.7369814859375 0.5396278921875 0.745165221875 0.5464648640624999 0.7397184593749999
0 0.5038713515625 0.8715726671875 0.5239761875 0.8533219390625 0.5251612453125001 0.8400911140625 0.47652346718749994 0.8933597109375 0.47840743906250005 0.8959543999999999 0.4907499046875 0.89133416875 0.5038713515625 0.8715726671875
0 0.607351315625 0.7816875171875 0.6061330828125 0.775956184375 0.6172573156250001 0.7656046187500001 0.6132297140625 0.7654623328125 0.5984839562500001 0.77758205625 0.599442528125 0.7883604796875 0.60590659375 0.7999654328125 0.6188015546875001 0.80421318125 0.628447896875 0.7931773718749999 0.6268235859375 0.7855355937499999 0.6387599749999999 0.77900491875 0.6317765843750001 0.7774941453124999 0.6198401984374999 0.7840248203125 0.607351315625 0.7816875171875
0 0.298131928125 0.674694475 0.305781053125 0.673068603125 0.3064467921875 0.6699319578125 0.2973197734375 0.6708735859375 0.298131928125 0.674694475
0 0.11062482343749999 0.7704595921874999 0.10430717187500001 0.7658121734375001 0.1055254046875 0.7715435078125 0.111436978125 0.77428048125 0.11720213125000001 0.7700599218749999 0.11062482343749999 0.7704595921874999
0 0.24421514218749998 0.7031272937499999 0.24299690937500001 0.697395959375 0.2334638125 0.69642714375 0.228104734375 0.7025581484375001 0.2303947828125 0.7070632812500001 0.2392621421875 0.7111687421874999 0.24421514218749998 0.7031272937499999
0 0.13425166093750002 0.6935542296875 0.13063013750000002 0.6953223875 0.1325141078125 0.6979170765625 0.13990357343749998 0.70133829375 0.14112180624999998 0.707069628125 0.1476991171875 0.7066699562500001 0.1503952421875 0.713085534375 0.15442284374999998 0.7132278203125 0.1572322125 0.7076387734375 0.15387035 0.704359840625 0.13425166093750002 0.6935542296875
0 0.1913564484375 0.7992250125 0.1834476625 0.8058979734375 0.1830747578125 0.8229496890625001 0.189245990625 0.8206395734375 0.1897653109375 0.81054539375 0.19512438906250001 0.8044143890625 0.212825934375 0.793663153125 0.21456348749999998 0.78930030625 0.2101298078125 0.7872475750000001 0.2062486234375 0.7940628234375 0.1913564484375 0.7992250125
0 0.06972996406250001 0.7222444328125001 0.0720200109375 0.726749565625 0.08595361406249999 0.710808953125 0.0805613609375 0.6979777984375 0.08739833281250001 0.6925310375 0.0829646546875 0.69047830625 0.07572160624999999 0.6940146234375 0.0729122359375 0.6996036703125 0.07616085624999999 0.7148872265625 0.06972996406250001 0.7222444328125001
0 0.25932007968750004 0.7428469578125 0.25569855625 0.744615115625 0.255179234375 0.7547092953125001 0.26138364062499997 0.7713613390625 0.2575024546875 0.7781765875 0.2593864265625 0.7807712765625 0.26382010624999996 0.78282400625 0.26248862968750003 0.789097296875 0.26651623281250003 0.789239584375 0.26891952343750003 0.7817400921875 0.26555765937500003 0.7784611609375001 0.2711763984375 0.767283065625 0.26445267031249997 0.760725203125 0.25932007968750004 0.7428469578125
0 0.189093846875 0.6569376765625 0.18077898125 0.66170019375 0.1815911359375 0.6655210828125 0.1862844765625 0.6625267234375001 0.19433968125 0.662811296875 0.1991462625 0.6478123124999999 0.21230088593750002 0.6470129703125 0.21511025312499998 0.6414239234375 0.2109362359375 0.6343241015625 0.1890606734375 0.6379755171875 0.189093846875 0.6569376765625
0 0.2758171140625 0.6574732875 0.2724552515625 0.6541943546875 0.253795134375 0.6541671671875 0.24814322187500001 0.646383103125 0.227193059375 0.6418507828125 0.223571534375 0.6436189406249999 0.22545550625000002 0.646213628125 0.24130625156250002 0.6518298640625 0.245480271875 0.658929684375 0.2528697359375 0.662350903125 0.263068571875 0.6601830734374999 0.2744856390625 0.663746578125 0.2821347640625 0.66212070625 0.2900435515625 0.65544774375 0.2758171140625 0.6574732875
0 0.289764440625 0.5726415734375 0.30277264375 0.564884696875 0.29109591562500003 0.5663682828125001 0.28788046875 0.5700468859375001 0.289764440625 0.5726415734375
0 0.303844459375 0.5636584953125 0.307465984375 0.5618903375000001 0.3061013328125 0.5492014703125 0.30074225625 0.5553324734375 0.303844459375 0.5636584953125
0 0.32172559375 0.578826953125 0.318510146875 0.58250555625 0.303617971875 0.5876677453125 0.29881138906250004 0.602666728125 0.30472296249999997 0.605403703125 0.3124853296875 0.59177320625 0.32227808750000003 0.5876949328125 0.32763716718749997 0.581563928125 0.3303001171875 0.569017346875 0.31607368125 0.5710428890625 0.31540794375000003 0.574179534375 0.32172559375 0.578826953125
0 0.26106335937499997 0.8952284734375 0.25662968125 0.8931757421875 0.2542263890625 0.900675234375 0.24591152656249998 0.9054377515625 0.244173971875 0.9098005984374999 0.259066146875 0.904638409375 0.26106335937499997 0.8952284734375
0 0.2528285671875 0.8690242078124999 0.2568561671875 0.8691664937500001 0.25549151875 0.8564776249999999 0.249579946875 0.8537406515624999 0.24647774375 0.8454146296875 0.243262296875 0.8490932328125 0.24636450000000001 0.857419253125 0.2528285671875 0.8690242078124999
0 0.26220152343750003 0.9319265906249999 0.2590993203125 0.9236005687500001 0.2394806328125 0.9127949578125 0.2358591078125 0.9145631156249999 0.237743078125 0.9171578031250001 0.24298891406249998 0.9230314234374999 0.26220152343750003 0.9319265906249999
0 0.2602981015625 0.8414786421875 0.26340030468750003 0.8498046640625001 0.276295265625 0.8540524109375 0.2789913921875 0.8604679890625 0.2847565453125 0.8562474296874999 0.28353831406249996 0.8505160953124999 0.266209675 0.8442156171875 0.27264056875 0.8368584109375 0.2703505203125 0.832353278125 0.2602981015625 0.8414786421875
0 0.1671633921875 0.936153496875 0.168381625 0.94188483125 0.188373215625 0.935638728125 0.2061079328125 0.9438496515624999 0.20972945625 0.9420814937499999 0.2055554375 0.934981671875 0.1952101859375 0.9301919671875 0.1846052734375 0.9304493515625 0.177768303125 0.9358961125 0.1671633921875 0.936153496875
0 0.1712241671875 0.9552579421875 0.15876845625 0.9718827984375 0.15111933125000002 0.9735086703125001 0.14683206875000002 0.9784134734375 0.1523375625 0.9792400046875 0.1646800296875 0.9746197734375001 0.17499210625 0.96044731875 0.1826412328125 0.9588214468749999 0.18855280624999998 0.961558421875 0.197273746875 0.9587063484374999 0.181423 0.9530901140625 0.1712241671875 0.9552579421875
0 0.22962152812499997 0.8789489125 0.2398203625 0.876781084375 0.2587733125 0.890723340625 0.275695875 0.895113375 0.28186710625 0.892803259375 0.2552650328125 0.8804868750000001 0.244107625 0.8718762796874999 0.2360524203125 0.8715917078125001 0.22962152812499997 0.8789489125
0 0.6877294859374999 0.9153579125 0.695784690625 0.9156424843750001 0.705464203125 0.9235688359375 0.7167348546875 0.9201748046875 0.712301175 0.918122075 0.7101575437500001 0.9205744765625001 0.6949725359375 0.9118215953125001 0.687323409375 0.9134474671874999 0.6877294859374999 0.9153579125
0 0.6933150515625 0.8852176578125001 0.6864780796875001 0.8906644203124999 0.687030575 0.8995323984375 0.676831740625 0.9017002281250001 0.668257215625 0.9115098343750001 0.6950857781249999 0.8998169703125001 0.6933150515625 0.8852176578125001
0 0.7090525546875 0.90283851875 0.70945863125 0.9047489625 0.7215414359375 0.9051758218750001 0.726121534375 0.9141860875000001 0.7368728625000001 0.9208862359375001 0.7481435140625 0.91749220625 0.7371325234375 0.915839146875 0.7325524265625 0.90682888125 0.7218010968749999 0.90012873125 0.7090525546875 0.90283851875
0 0.4785538546875 0.9029119343750001 0.48084390312499997 0.9074170671875 0.4915952328125 0.9141172171875 0.492700221875 0.931853175 0.499683609375 0.9333639484375 0.4965814078125 0.9250379265625 0.500462590625 0.918222678125 0.499244359375 0.9124913453125 0.4821753796875 0.9011437765625001 0.4785538546875 0.9029119343750001
0 0.5684125 0.9307357250000001 0.5531142484375 0.93398746875 0.5470894328125 0.94325511875 0.5409182 0.945565234375 0.5428021703125 0.9481599234375 0.5504512953125 0.9465340515625 0.5615755296875 0.9361824859375 0.5743240734375 0.9334727 0.5796831515624999 0.9273416953125 0.5725533453125 0.9188733875 0.5670478515624999 0.9180468578125 0.571627946875 0.9270571234375 0.5684125 0.9307357250000001