0 0.30078125 0.4053372890625 0.2998046875 0.40142728437499997 0.28515625 0.40273061875 0.2880859375 0.406640625 0.30078125 0.4053372890625
0 0.2021484375 0.5995342546875 0.2060546875 0.6073542671875 0.208984375 0.60605093125 0.2041015625 0.5943209140625 0.1953125 0.593017578125 0.1962890625 0.5995342546875 0.2021484375 0.5995342546875
0 0.23046875 0.3584172171875 0.2236328125 0.34929387031250003 0.212890625 0.347990534375 0.2177734375 0.3571138828125 0.23046875 0.3584172171875
0 0.296875 0.525244140625 0.296875 0.533064153125 0.291015625 0.53827749375 0.296875 0.53827749375 0.302734375 0.5356708234374999 0.3037109375 0.521334134375 0.2998046875 0.521334134375 0.296875 0.525244140625
0 0.1904296875 0.3414738578125 0.1953125 0.3401705234375 0.1904296875 0.331047175 0.1796875 0.32713716875 0.1826171875 0.3362605171875 0.1904296875 0.3414738578125
0 0.322265625 0.6008375906250001 0.3173828125 0.596927584375 0.314453125 0.6164776140625 0.32421875 0.626904296875 0.32421875 0.642544321875 0.3271484375 0.6464543265625 0.330078125 0.645150990625 0.328125 0.6373309796875 0.330078125 0.6242976265625 0.3203125 0.6112642734375 0.322265625 0.6008375906250001
0 0.2822265625 0.675127703125 0.263671875 0.6764310390625 0.2666015625 0.682947715625 0.2763671875 0.682947715625 0.2841796875 0.690767728125 0.29296875 0.68946439375 0.30078125 0.67382436875 0.2978515625 0.6699143640624999 0.2880859375 0.680341046875 0.2822265625 0.675127703125
0 0.2548828125 0.284127103125 0.2490234375 0.29194711562500003 0.2373046875 0.29194711562500003 0.232421875 0.2984637921875 0.23046875 0.321923828125 0.234375 0.321923828125 0.2392578125 0.3023737984375 0.2490234375 0.3023737984375 0.2578125 0.29325045156249996 0.2548828125 0.284127103125
0 0.2646484375 0.7559344953125 0.2509765625 0.7533278250000001 0.2431640625 0.7611478359375 0.234375 0.762451171875 0.2392578125 0.7715745187499999 0.24609375 0.7702711843750001 0.2509765625 0.766361178125 0.2666015625 0.766361178125 0.271484375 0.7520244890625001 0.2646484375 0.7559344953125
0 0.484375 0.9266714234375 0.4775390625 0.9201547484375 0.4697265625 0.9201547484375 0.453125 0.93709810625 0.451171875 0.95273813125 0.455078125 0.95273813125 0.4580078125 0.943614784375 0.4736328125 0.93058143125 0.4833984375 0.93058143125 0.484375 0.9266714234375
0 0.7265625 0.4757173984375 0.7216796875 0.46659405 0.716796875 0.465290715625 0.7197265625 0.4718073921875 0.7265625 0.4757173984375
0 0.6181640625 0.41185396562500004 0.61328125 0.4261906546875 0.609375 0.4287973265625 0.6103515625 0.43270733124999994 0.6171875 0.43140399687500003 0.6171875 0.423583984375 0.626953125 0.4131573015625 0.6240234375 0.409247296875 0.6181640625 0.41185396562500004
0 0.56640625 0.35059720625 0.5693359375 0.3545072109375 0.576171875 0.35320387656249996 0.578125 0.3401705234375 0.5751953125 0.3362605171875 0.568359375 0.34277719375000004 0.56640625 0.35059720625
0 0.69921875 0.4470440203125 0.6884765625 0.4353140015625 0.6845703125 0.4353140015625 0.673828125 0.4470440203125 0.6748046875 0.45095402656249994 0.677734375 0.44965069062499996 0.6826171875 0.4431340140625 0.6884765625 0.4431340140625 0.6923828125 0.44834735625000005 0.69921875 0.4470440203125
0 0.5966796875 0.30498046875 0.58984375 0.314103815625 0.58984375 0.32713716875 0.5859375 0.3323505109375 0.5859375 0.3401705234375 0.587890625 0.3401705234375 0.595703125 0.329743840625 0.595703125 0.314103815625 0.6005859375 0.30498046875 0.5966796875 0.30498046875
0 0.611328125 0.363630559375 0.6162109375 0.3701472359375 0.6240234375 0.36754056562500004 0.6337890625 0.38057391875 0.640625 0.381877253125 0.6259765625 0.359720553125 0.6162109375 0.3623272234375 0.611328125 0.3584172171875 0.611328125 0.363630559375
0 0.7451171875 0.44052734375 0.75 0.45225736093749996 0.748046875 0.46268404375000005 0.76171875 0.491357421875 0.763671875 0.47832406875 0.75390625 0.46268404375000005 0.75390625 0.4470440203125 0.7451171875 0.44052734375
0 0.5595703125 0.539580828125 0.55078125 0.53827749375 0.5537109375 0.547400840625 0.5615234375 0.547400840625 0.5693359375 0.5421875 0.5791015625 0.5500075109375 0.5859375 0.5487041765625 0.5888671875 0.5421875 0.5810546875 0.5421875 0.5712890625 0.5343674890625 0.5595703125 0.539580828125
0 0.6552734375 0.48223407500000004 0.6669921875 0.4770207328125 0.6748046875 0.479627403125 0.6806640625 0.46659405 0.6884765625 0.46920072187499995 0.689453125 0.465290715625 0.6806640625 0.4587740390625 0.67578125 0.46268404375000005 0.6728515625 0.4718073921875 0.6533203125 0.4744140625 0.6416015625 0.4718073921875 0.634765625 0.4887507515625 0.6376953125 0.495267428125 0.650390625 0.4965707640625 0.6474609375 0.4900540859375 0.640625 0.4887507515625 0.6416015625 0.48223407500000004 0.6552734375 0.48223407500000004
0 0.48828125 0.5278508109375 0.4736328125 0.5265474765625 0.4658203125 0.539580828125 0.4541015625 0.5421875 0.451171875 0.5487041765625 0.453125 0.551310846875 0.4658203125 0.5500075109375 0.4775390625 0.5343674890625 0.4853515625 0.5343674890625 0.48828125 0.5278508109375
0 0.921875 0.41055063125 0.9306640625 0.41446063593750004 0.939453125 0.4131573015625 0.9453125 0.41055063125 0.9345703125 0.41185396562500004 0.9287109375 0.406640625 0.921875 0.41055063125
0 0.9365234375 0.3154071515625 0.923828125 0.3375638515625 0.927734375 0.3375638515625 0.9365234375 0.3232271640625 0.9521484375 0.325833834375 0.955078125 0.321923828125 0.9365234375 0.3154071515625
0 0.865234375 0.2723970859375 0.8525390625 0.2815204328125 0.849609375 0.2906437796875 0.853515625 0.303677134375 0.857421875 0.30628380312500003 0.85546875 0.288037109375 0.8671875 0.2776104265625 0.8662109375 0.265880409375 0.865234375 0.2723970859375
0 0.8935546875 0.2554537265625 0.8857421875 0.25806039687500004 0.8828125 0.2697904140625 0.873046875 0.2776104265625 0.87109375 0.2854304390625 0.875 0.2854304390625 0.88671875 0.27500375625 0.888671875 0.26457707343750003 0.89453125 0.25936373125 0.8935546875 0.2554537265625
0 0.9140625 0.3792705828125 0.9248046875 0.393607271875 0.9326171875 0.3910006015625 0.9443359375 0.40142728437499997 0.947265625 0.4001239484375 0.9365234375 0.38578725937499997 0.9267578125 0.38578725937499997 0.9189453125 0.37796724843749996 0.9140625 0.3792705828125
0 0.8837890625 0.31280048125 0.892578125 0.32713716875 0.89453125 0.3453838640625 0.91015625 0.363630559375 0.908203125 0.35059720625 0.8984375 0.3401705234375 0.896484375 0.321923828125 0.8837890625 0.31280048125