0 0.30878849375 0.43511796875000003 0.3108314015625 0.43258105 0.30813092656249996 0.42596609843750005 0.306836559375 0.4350498046875 0.30878849375 0.43511796875000003
0 0.12963369687499998 0.864441090625 0.1292698109375 0.8748614218749999 0.131221746875 0.8749295859374999 0.13539853125 0.8672506625 0.13260708593749998 0.8632407953125 0.12963369687499998 0.864441090625
0 0.27705323593750003 0.5044327578125001 0.27984468125 0.5084426265624999 0.2847700046875 0.5073104921875 0.2926687171875 0.5049780625 0.289877271875 0.50096819375 0.27705323593750003 0.5044327578125001
0 0.241406203125 0.6857661046875 0.2422457140625 0.6897078109375 0.2530268421875 0.688780165625 0.25516072031250003 0.6836381640625 0.252369275 0.6796282953125 0.241406203125 0.6857661046875
0 0.30756433125 0.4142091453125 0.3135111078125 0.4118085515625 0.3112654921875 0.3921681859375 0.303842403125 0.4088626515625 0.3057033671875 0.4115358984375 0.30347851718749996 0.41928298281250004 0.30729141718749997 0.42202439375 0.30756433125 0.4142091453125
0 0.137142796875 0.5934443218750001 0.1358276625 0.575140578125 0.13108428125 0.5710625484375 0.13174185 0.58021441875 0.1274740921875 0.5904984234375 0.1321265015625 0.5971815375 0.135099890625 0.595981240625 0.137142796875 0.5934443218750001
0 0.287602984375 0.5660952625 0.27264507031249996 0.5747018296874999 0.291233940625 0.5740468359374999 0.300538759375 0.5874130671875 0.30546408281250004 0.5862809328125 0.293458790625 0.5662997515625 0.287602984375 0.5660952625
0 0.27968350468750003 0.5410402421875 0.2601433859375 0.5129711609375 0.249453228125 0.511293721875 0.2502927390625 0.5152354296875 0.2580095078125 0.5181131640625 0.26722335468749997 0.534084475 0.2813625265625 0.5489236546875 0.27968350468750003 0.5410402421875
0 0.08413896093749999 0.6841866015625 0.09296815625 0.6831907937499999 0.097326884375 0.67030170625 0.1053165671875 0.66536419375 0.102525121875 0.661354321875 0.096669315625 0.6611498328125001 0.088315746875 0.676507678125 0.0786470421875 0.67356178125 0.07558268124999999 0.6773671609374999 0.08413896093749999 0.6841866015625
0 0.048967553125 0.879881984375 0.049534148437499995 0.8916389375 0.061154789062500006 0.8946529999999999 0.0665557375 0.9078829031250001 0.0714810609375 0.9067507687499999 0.0653315734375 0.886974078125 0.048967553125 0.879881984375
0 0.1692548046875 0.6532515375 0.17585915000000002 0.660002815625 0.175292553125 0.6482458624999999 0.16961869062499998 0.64283120625 0.159859015625 0.642490390625 0.1563190296875 0.631933734375 0.1532546703125 0.6357391140625 0.15298175625 0.6435543609375001 0.159495128125 0.652910721875 0.1692548046875 0.6532515375
0 0.1987157765625 0.64906381875 0.20168916406249998 0.647863521875 0.20874836718749998 0.6415893859375 0.2223209421875 0.644671609375 0.22538530156249997 0.6408662296875 0.2130161234375 0.63130538125 0.2070693453125 0.6337059734375 0.2028925609375 0.641384896875 0.186346596875 0.63950296875 0.1987157765625 0.64906381875
0 0.23108783437499997 0.56151345 0.23796509375000002 0.5604494796874999 0.2482705984375 0.5451598 0.24343624687499998 0.54368685 0.23730752656249998 0.5512976078125 0.23340365625 0.55116128125 0.23283706093749998 0.539404328125 0.2263236875 0.5300479671875 0.22643542499999997 0.5548303375 0.23108783437499997 0.56151345
0 0.1392351421875 0.53352741875 0.1457485140625 0.542883778125 0.1505828671875 0.544356728125 0.1547596515625 0.5366778046875 0.1471338546875 0.5311949874999999 0.1437758125 0.5154281640625 0.139123403125 0.50874505 0.131406634375 0.505867315625 0.1321551734375 0.512414103125 0.139599028125 0.5231070875 0.1392351421875 0.53352741875
0 0 0.721996465625 0.004424065625 0.7283515671874999 0.016135678125 0.7287605453125 0.022264396875000002 0.7211497859375 0.0347245484375 0.728105553125 0.038810360937499996 0.7230317140625 0.026532154687499997 0.71086578125 0.0105527859375 0.7207408078124999 0 0.7216488062499999 0 0.721996465625
0 0.0939738015625 0.9062321046875 0.1086588015625 0.9054407859375001 0.1137660671875 0.8990984859375001 0.1253867078125 0.902112546875 0.132445909375 0.8958384109375 0.132627853125 0.890628246875 0.11412995468750001 0.8886781546875 0.1040063921875 0.8987576703125001 0.093134290625 0.902290396875 0.0939738015625 0.9062321046875
0 0.1549257875 0.7557774109375 0.1544709296875 0.768802821875 0.146299303125 0.7789505015625 0.139806696875 0.7969815921875 0.1414857171875 0.804865003125 0.1453895875 0.8050013296874999 0.1436195953125 0.799723 0.1459354171875 0.7893708328125 0.15810188593750002 0.776754396875 0.160690621875 0.7585869828125 0.1687712765625 0.7510443859375 0.167931765625 0.7471026796875 0.1600330546875 0.749435109375 0.1549257875 0.7557774109375
0 0.0209364 0.563303709375 0.0306960765625 0.5636445250000001 0.03784625 0.5547653046875001 0.053552703125000004 0.5527055265625 0.05865996875 0.5463632281249999 0.060975790625000005 0.536011059375 0.0580933734375 0.5346062734375 0.049921746875 0.5447539515625001 0.03421529375 0.54681373125 0.0209364 0.563303709375
0 0.13548454375000002 0.612948359375 0.1449713046875 0.6211044234374999 0.1518485640625 0.6200404546875 0.16197212656249999 0.6099609390625 0.161132615625 0.6060192328125 0.15314293125 0.6109567453125 0.145335190625 0.61068409375 0.1358484296875 0.602528028125 0.1171685875 0.6057881046875 0.121820996875 0.61247121875 0.13548454375000002 0.612948359375
0 0.1001806296875 0.7564739265625 0.0999986875 0.761684090625 0.10390255781249999 0.7618204171875 0.11291369375 0.7556144453125 0.11672659375000001 0.758355853125 0.126577240625 0.7560915859375 0.1418080703125 0.7396697718749999 0.1350217828125 0.7381286578124999 0.12099435 0.7480718484375 0.10733080312500001 0.74759470625 0.1001806296875 0.7564739265625
0 0.1309646390625 0.6584350640625 0.1346865671875 0.6637815546875 0.134231709375 0.6768069703124999 0.143536528125 0.6901732 0.1433545859375 0.6953833640625 0.14019925312499998 0.7017938265625 0.1323915125 0.7015211734375 0.1243108578125 0.7090637703125 0.0995932671875 0.717329521875 0.1023847125 0.7213393906250001 0.1111229359375 0.7229486656249999 0.1319366546875 0.7145465875 0.136113440625 0.7068676671875 0.1401082828125 0.7043989093749999 0.1419692453125 0.70707215625 0.147167484375 0.6981247749999999 0.1476223421875 0.685099359375 0.134029 0.654629684375 0.1309646390625 0.6584350640625
0 0.7176942015625001 0.4780881265625 0.7169456624999999 0.4715413375 0.7120203390625 0.47267347187500003 0.71285985 0.476615178125 0.7176942015625001 0.4780881265625
0 0.7867733359375 0.6265629578125 0.788158675 0.6148741671875 0.7851852874999999 0.6160744640625 0.7848214015625 0.6264947953125 0.7867733359375 0.6265629578125
0 0.8099730812500001 0.5778161796875 0.8092245421875001 0.571269390625 0.8042082468749999 0.5750066078125 0.8050477578124999 0.5789483125 0.8099730812500001 0.5778161796875
0 0.7984513171875001 0.46004215000000004 0.7970452109374999 0.444343490625 0.79416279375 0.4429387046875 0.790916490625 0.4519542484375 0.7984513171875001 0.46004215000000004
0 0.8011646546875 0.6061994375 0.795035934375 0.613810196875 0.7968059265625 0.619088525 0.8051594968750001 0.60373068125 0.8046838718749999 0.5893686437500001 0.8011646546875 0.6061994375
0 0.665844325 0.6197317640625 0.6632555890625 0.63789918125 0.667159459375 0.6380355078125 0.67122450625 0.6055742171875 0.6640743328125 0.614453434375 0.665844325 0.6197317640625
0 0.8211883015625 0.5364756703125 0.8129049359374999 0.52184098125 0.79644994375 0.517353971875 0.8010113828125001 0.52664216875 0.8211883015625 0.5364756703125
0 0.7528705687499999 0.5340899625 0.7475605921875 0.5182549765625 0.748106421875 0.5026244796875 0.7434540125 0.49594136562499996 0.735646271875 0.4956687140625 0.734533846875 0.49954225625 0.7420686734374999 0.5076301578125 0.7417047875 0.5180504874999999 0.7528705687499999 0.5340899625
0 0.769689446875 0.5281566421874999 0.7785186421875 0.5271608343749999 0.7877117218749999 0.515744696875 0.79347655625 0.51855426875 0.796540915625 0.5147488890624999 0.7947709234375 0.5094705609375 0.784080765625 0.507793121875 0.7758181671875 0.5205458828125 0.7688499375 0.5242149359375 0.769689446875 0.5281566421874999
0 0.8227971171874999 0.574351615625 0.8286529234375 0.5745561046875001 0.8369362890625001 0.5891907921875 0.8356211546875001 0.5708870515625 0.8309687453124999 0.5642039375000001 0.8251129390624999 0.563999446875 0.82232149375 0.5599895781249999 0.821754896875 0.548232625 0.8164656875 0.5597850890625 0.8161927734375001 0.5676003374999999 0.8227971171874999 0.574351615625
0 0.645051371875 0.6555212921875 0.6489552421875 0.6556576187500001 0.6530410546875001 0.650583778125 0.6533139703125 0.64276853125 0.6459610859375 0.6294704656250001 0.6465978875 0.6112348843750001 0.6437154703125 0.6098301 0.6381533453125 0.6291978125 0.6473671921874999 0.6451691234375 0.645051371875 0.6555212921875
0 0.6861903234375 0.484812765625 0.678200640625 0.489750278125 0.6809920859374999 0.49376014687499997 0.683965475 0.49255985156250004 0.6973353390625 0.4734647890625 0.708025496875 0.475142228125 0.69220730625 0.45241963749999997 0.6813352046875 0.45595236562499997 0.684035678125 0.46256731718750005 0.689891484375 0.46277180625 0.6926829296875 0.466781675 0.6861903234375 0.484812765625
0 0.7026037828125 0.434524875 0.7055771703125 0.43332457812499997 0.7136578265625 0.4257819828125 0.7145675406249999 0.3997311546875 0.70991513125 0.3930480390625 0.7002464265625 0.3901021421875 0.69904303125 0.3965807671875 0.710481728125 0.40480499375 0.6999033078125 0.4279099234375 0.7026037828125 0.434524875
0 0.7092625234375001 0.6355933890625 0.699502846875 0.6352525734375 0.6944865515624999 0.6389897906249999 0.7070376734375 0.6433404734375 0.711032515625 0.6408717171875 0.713732990625 0.6474866687499999 0.7075132984375 0.6577025109375 0.7071494125 0.6681228421875 0.713844728125 0.6722690375 0.7211976109375 0.685567103125 0.731978740625 0.6846394578125 0.73113923125 0.680697753125 0.7233314890625 0.6804251015625 0.711235225 0.6630490015625 0.7176368609375 0.6476229953125 0.7160488109375 0.6371344999999999 0.7186375468749999 0.6189670859375 0.7157551296875 0.6175622984375 0.7092625234375001 0.6355933890625
0 0.445863009375 0.651173740625 0.43946137343749997 0.6665997484374999 0.44123136562500004 0.6718780765625 0.4577565625 0.6463725546875 0.45691705312500003 0.6424308484375 0.445863009375 0.651173740625
0 0.47141220625 0.7590045812499999 0.4753160765625 0.7591409062500001 0.47363705468750006 0.7512574953125 0.4826481921875 0.745051521875 0.48580352343750005 0.738641059375 0.4834669359375 0.7216057765625 0.47826869843750003 0.730553159375 0.480038690625 0.7358314874999999 0.4718670625 0.7459791671875 0.47141220625 0.7590045812499999
0 0.5154464375 0.729243175 0.5172164296874999 0.7345215031250001 0.5300404671875001 0.731056940625 0.5372816109375 0.7195726375 0.5375545265625 0.711757390625 0.54563518125 0.7042147937500001 0.538939865625 0.7000685984375 0.5316987203125 0.7115529015625001 0.53142580625 0.7193681484375001 0.5154464375 0.729243175
0 0.48490171249999997 0.6525370015624999 0.4804520140625 0.6680311734375 0.48435588437500005 0.6681675 0.48871461250000003 0.6552784109374999 0.504875921875 0.64019321875 0.504127384375 0.6336464312500001 0.498089634375 0.6386521078125 0.482565125 0.6355017187499999 0.47950076406250003 0.6393070984375 0.47922785 0.6471223484374999 0.48490171249999997 0.6525370015624999
0 0.44626842812499995 0.6955283109375 0.447856478125 0.7060168046874999 0.46022565625 0.715577653125 0.468509021875 0.73021234375 0.470551928125 0.7276754234375 0.46710291562500006 0.714513684375 0.4520332625 0.698337884375 0.4523061765625 0.6905226343749999 0.4457928046875 0.6811662734375 0.4399369984375 0.680961784375 0.43864263125 0.69004549375 0.44626842812499995 0.6955283109375
0 0.4182758640625 0.7975770421874999 0.41130763437500006 0.8012460953125 0.4140081078125 0.8078610453125 0.41995488437499995 0.805460453125 0.43157552499999996 0.8084745124999999 0.4416990875 0.7983949984375001 0.44728197812500003 0.8064147359374999 0.45406826562499997 0.8079558484374999 0.44578490000000004 0.793321159375 0.431190871875 0.7915073953125 0.43137281562499996 0.786297228125 0.4404749234375 0.7774861734375 0.43461911875 0.777281684375 0.427559915625 0.7835558203125 0.42989650468749996 0.8005911031249999 0.4182758640625 0.7975770421874999
0 0.4470614453125 0.3929978953125 0.44054807343749997 0.38364153437500004 0.4374837125 0.3874469140625 0.4401841875 0.394061865625 0.4470614453125 0.3929978953125
0 0.46013762968750005 0.3543306328125 0.462929075 0.35834050156249997 0.46590246406249997 0.35714020468749996 0.46821828437499996 0.3467880359375 0.4633839328125 0.3453150875 0.46013762968750005 0.3543306328125
0 0.489822078125 0.3997076484375 0.4791319203125 0.3980302109375 0.468077875 0.40677310312500004 0.47086932187499997 0.4107829703125 0.47579464531250004 0.4096508375 0.48870965312500003 0.40358119062500003 0.489822078125 0.3997076484375
0 0.45142017343749996 0.3801088078125 0.44910435312499997 0.390460975 0.45300822343749997 0.3905973015625 0.4582064609375 0.3816499203125 0.469918071875 0.3820588984375 0.47595582031249994 0.37705322343750003 0.4885979140625 0.37879882343750004 0.47818067031249994 0.3693061375 0.46433518124999995 0.3740391609375 0.45857034687500003 0.37122958906250003 0.45142017343749996 0.3801088078125
0 0.46901626093750004 0.295954840625 0.46354510937500004 0.3127174703125 0.45657687812500003 0.31638652500000003 0.453421546875 0.3227969859375 0.453239603125 0.328007153125 0.4571434734375 0.3281434796875 0.46029880624999997 0.3217330171875 0.4693099421875 0.3155270421875 0.47255624531249996 0.30651149843750003 0.48018204375 0.31199431718750004 0.48408591406249996 0.3121306421875 0.4851983390625 0.3082571 0.47682400156250004 0.2962274921875 0.46901626093750004 0.295954840625
0 0.504668253125 0.3663187140625 0.5085721234375 0.366455040625 0.507711846875 0.335125884375 0.499337509375 0.323096278125 0.4897597765625 0.317545296875 0.4885563796875 0.324023921875 0.5015831265624999 0.34273664375 0.4995402203125 0.34527356249999996 0.503262146875 0.3506200546875 0.504668253125 0.3663187140625
0 0.49439141875 0.2968409609375 0.5040601234375 0.2997868578125 0.502492840625 0.3166858140625 0.5044447765625 0.316753978125 0.510573496875 0.3091432203125 0.5109373828125 0.2987228890625 0.5063759453125 0.289434690625 0.496707240625 0.2864887921875 0.4837922328125 0.292558440625 0.4836102890625 0.29776860625 0.48835367031250004 0.3018466375 0.49439141875 0.2968409609375