0 0.6856619046875 0.23874223125 0.6831931484375 0.23474738906249998 0.6791832796875 0.237538834375 0.6789106281249999 0.24534657499999998 0.6683539703125 0.24888655937499998 0.669417940625 0.25576381875 0.6748325937499999 0.25008995624999997 0.6865895484375 0.2495233609375 0.6856619046875 0.23874223125
0 0.34307119375 0.11538271562499999 0.328300178125 0.1275699515625 0.33217372031250003 0.128682375 0.34012529375 0.1250514203125 0.34553995 0.1193775578125 0.3584972 0.12178435000000001 0.36391185625 0.1161104875 0.34307119375 0.11538271562499999
0 0.5559232984375 0.07004915625 0.5482443781249999 0.0658723703125 0.5443026718749999 0.06671188125000001 0.55191343125 0.0728406015625 0.55177710625 0.076744471875 0.5357376296874999 0.087910253125 0.5368016 0.0947875125 0.5569191078125 0.07887835 0.5559232984375 0.07004915625
0 0.53151151875 0.2089302375 0.52650584375 0.2028924875 0.531852334375 0.19917056093750002 0.5307202 0.1942452375 0.5187587578125 0.20066763906250001 0.51855426875 0.20652344375 0.5236281078125 0.2106092578125 0.520682209375 0.22027796249999998 0.5269563453125 0.2273371640625 0.5308980515624999 0.22649765312499998 0.5284292953125 0.2225028125 0.53151151875 0.2089302375
0 0.8651399625 0.25282700468749997 0.8654126140624999 0.24501926406250002 0.8614709078124999 0.245858775 0.8651399625 0.25282700468749997
0 0.873432353125 0.23943637343750002 0.8695588093750001 0.23832394843750002 0.8680176968750001 0.2451102359375 0.87463265 0.2424097609375 0.873432353125 0.23943637343750002
0 0.7629016281250001 0.30495475625 0.761973984375 0.2941736265625 0.7562866765625 0.30765522968750003 0.7629016281250001 0.30495475625
0 0.750273440625 0.40516101875 0.7542833078125 0.4023695734375 0.7530830125 0.399396184375 0.7479410093750001 0.39726230625 0.7412578953125 0.401914715625 0.750273440625 0.40516101875
0 0.8968545921875 0.46500057968749997 0.8892438328125 0.458871859375 0.8852339640625001 0.4616633046875 0.896650103125 0.4708563859375 0.8968545921875 0.46500057968749997
0 0.8936360421874999 0.482477025 0.9014512890624999 0.4827499390625 0.9043971875000001 0.47308123437500005 0.89390869375 0.474669284375 0.8898306625 0.47941266562499996 0.8936360421874999 0.482477025
0 0.7167481796875 0.39421871249999996 0.7018408390624999 0.41030981874999994 0.70564621875 0.4133741796875 0.7176758234375 0.4049998421875 0.7167481796875 0.39421871249999996
0 0.8853969296875001 0.4196512125 0.8789864671875 0.41649588125000003 0.878781978125 0.42235168593749994 0.870830403125 0.42598264218750004 0.86654788125 0.43658182968750003 0.8757679156249999 0.43397232656250007 0.8759042406249999 0.43006845625 0.886597225 0.4226246015625 0.8853969296875001 0.4196512125
0 0.79721820625 0.3305820609375 0.7946812875 0.3285391546875 0.7777141671875001 0.32892380781249997 0.7788463015625 0.33384913125 0.7867297125 0.33217011093750004 0.79053509375 0.3352344703125 0.7903306046874999 0.3410902765625 0.7966729015625 0.3461975421875 0.79721820625 0.3305820609375
0 0.89168595 0.5009749234374999 0.896964278125 0.49920493125 0.8957639828125 0.49623154375 0.8878805703125 0.4979105640625 0.8797926703125001 0.505445390625 0.86683541875 0.503038596875 0.8601523046875 0.50769100625 0.871841096875 0.5090763468749999 0.874309853125 0.5130711875 0.884798346875 0.5114831390625 0.89168595 0.5009749234374999
0 0.77302266875 0.3512346046875 0.750913546875 0.34948537968750004 0.75211384375 0.35245876875 0.7624660125 0.3547745890625 0.7776193671875 0.3689839640625 0.7853664499999999 0.3712088140625 0.7855027765625 0.36730494375 0.77302266875 0.3512346046875
0 0.26814352656249996 0.4684516078125 0.264133659375 0.471243053125 0.2665342515625 0.4771898296875 0.2637246796875 0.4829546640625 0.2673937328125 0.4899228953125 0.2713354375 0.48908338437500004 0.2732855296875 0.4705854859375 0.26814352656249996 0.4684516078125
0 0.29819246875 0.5789426078125001 0.3075488296875 0.5724292359375001 0.312035840625 0.5559742437499999 0.304152428125 0.5576532640625 0.29740115 0.564257609375 0.29819246875 0.5789426078125001
0 0.4426072875 0.7755086062500001 0.44661715625 0.772717159375 0.446030328125 0.7521763546875 0.4339325578125 0.7625026265625 0.434792040625 0.775235690625 0.4426072875 0.7755086062500001
0 0.2616382625 0.5053564328125 0.258896853125 0.5091693328125 0.2407976 0.5046286609374999 0.23678773125000002 0.50742010625 0.2365832421875 0.5132759124999999 0.2429937046875 0.5164312437499999 0.25869236406249996 0.5150251375 0.262702234375 0.5122336921875 0.2616382625 0.5053564328125
0 0.3628807890625 0.44439948749999997 0.3732329578125 0.44671530937500004 0.377242825 0.44392386406249995 0.3761788546875 0.4370466046875 0.3709005265625 0.438816596875 0.36582668749999997 0.434730784375 0.3528012734375 0.4342759265625 0.3461181578125 0.43892833593749997 0.3432404234375 0.4466451046875 0.3511919984375 0.44301414843750003 0.35533819375000003 0.4363188328125 0.3628807890625 0.44439948749999997
0 0.3860006046875 0.5292424171875 0.3834636828125 0.5271995109375001 0.37818535625 0.528969503125 0.3679695140625 0.5227498109375001 0.353743803125 0.519321565625 0.3535393140625 0.5251773703125 0.3675605359375 0.534461421875 0.3805859484375 0.5349162796875 0.3860006046875 0.5292424171875
0 0.30905155 0.7161239015625 0.3039095484375 0.7139900234375001 0.2919481046875 0.7204124249999999 0.2890703703125 0.7281291953125 0.28105063124999996 0.7337120859375 0.28485601250000003 0.7367764453125 0.292671259375 0.7370493609375 0.2966811296875 0.7342579140625001 0.30905155 0.7161239015625
0 0.242724184375 0.7108762265624999 0.237718509375 0.704838478125 0.24059624375 0.6971217078125 0.23819564999999998 0.69117493125 0.2435421421875 0.687453003125 0.24234184375 0.684479615625 0.23452659687500002 0.6842067000000001 0.2251020734375 0.6926720093750001 0.2246930953125 0.7043836203125 0.232235690625 0.712464275 0.22935795625000002 0.7201810453124999 0.23837350000000002 0.7234273484375 0.2425196953125 0.7167320312500001 0.242724184375 0.7108762265624999
0 0.473971703125 0.4375301328125 0.4612189421875 0.429267534375 0.4616279203125 0.41755592343750003 0.45521745625000004 0.4144005921875 0.45120758906249997 0.4171920375 0.4481935265625 0.4288126765625 0.4556679609375 0.4388452671875 0.4553953078125 0.446653009375 0.46307423124999997 0.45082979375 0.46472502968749996 0.47824785781249995 0.457973753125 0.484852203125 0.443611715625 0.48532782656249995 0.4405976546875 0.49694846718749996 0.45201379218750004 0.506141546875 0.4884167890625 0.5093670828125 0.49636836406249996 0.5057361265625 0.5146039421874999 0.506372928125 0.52269184375 0.4988381015625 0.5043881 0.5001532359375 0.49016238906250004 0.4967249890625 0.48851159062500005 0.469306925 0.49406257187499997 0.45972919218749997 0.48096899375 0.4612262703125 0.48137797187500003 0.449514659375 0.47102580625 0.44719883749999995 0.473971703125 0.4375301328125
0 0.651710425 0.8375314828124999 0.646841075 0.8275898640625 0.6450954734375001 0.84023195625 0.6317974078125 0.847584840625 0.63800338125 0.8565959765625 0.64201325 0.85380453125 0.6422859015625 0.845996790625 0.6501693140625 0.8443177703125 0.651710425 0.8375314828124999
0 0.6771328984375 0.7817441046875 0.6838160140625 0.7770916953125 0.68275204375 0.7702144359374999 0.668662659375 0.7628823203125 0.6754821 0.754326040625 0.6649936046875 0.7559140890625 0.658310490625 0.7605664984375 0.6581741640625001 0.76447036875 0.6645164640625 0.7695776359375001 0.6761370906249999 0.7729149109375 0.6771328984375 0.7817441046875
0 0.697170490625 0.8801596093749999 0.70725000625 0.8902831703125 0.7075908203125 0.8805234953125 0.6999800609375 0.8743947750000001 0.6842814015625 0.87580088125 0.6742018859375001 0.8656773187500001 0.6625130953125 0.8642919796875 0.66237676875 0.86819585 0.6688553953125 0.869399246875 0.6789349109375 0.8795228078124999 0.697170490625 0.8801596093749999
0 0.7132217187500001 0.7566210953125 0.7122259109375 0.7477919 0.698136525 0.740459784375 0.70355118125 0.734785921875 0.7023508859375001 0.7318125328125 0.68771619375 0.7400958984375 0.69138525 0.747064128125 0.7030058765625 0.7504014031249999 0.7013284390625001 0.7610915609375 0.7132217187500001 0.7566210953125
0 0.6024449796875 0.7918389968749999 0.6013810109375 0.7849617375 0.5938384140624999 0.77688108125 0.5898967078124999 0.7777205921875 0.5920928125 0.789523175 0.5786584203125 0.800779928125 0.5783176046875 0.8105396046875001 0.582122984375 0.813603965625 0.5890787515625 0.8011438140625 0.6024449796875 0.7918389968749999
0 0.7582195265625 0.8871772765625 0.770249134375 0.8788029406250001 0.7571555578125 0.8803000187500001 0.7504724421875 0.8849524265625 0.750199790625 0.89276016875 0.7315552328125 0.9038349796875 0.7406389390625 0.905129346875 0.7511955968749999 0.9015893625 0.757946875 0.8949850171874999 0.7582195265625 0.8871772765625
0 0.1865828890625 0.5633192234375 0.18137272499999998 0.5631372796874999 0.1678701671875 0.57634596875 0.157722490625 0.5681743421875 0.14857061875 0.5688319093749999 0.1625236765625 0.5800678968749999 0.1729440078125 0.5804317828125 0.179899775 0.5679716328125 0.1865828890625 0.5633192234375
0 0.1569045328125 0.5915975640625 0.1439472828125 0.589190771875 0.133390625 0.59273075625 0.1297215703125 0.5857625265624999 0.11830543281250001 0.5765694453125 0.114363728125 0.57740895625 0.1280441328125 0.596452684375 0.141069546875 0.596907540625 0.1569045328125 0.5915975640625
0 0.0857015515625 0.20313378750000002 0.0941717921875 0.22199557187500002 0.0981816609375 0.2192041265625 0.093312309375 0.20926250781250003 0.09759483125 0.1986633203125 0.0923846671875 0.198481378125 0.0857015515625 0.20313378750000002
0 0.14467592499999998 0.1201804921875 0.1548917671875 0.126400184375 0.15509625625 0.120544378125 0.13579670625 0.11303031875 0.13627384843749998 0.0993667734375 0.12993154843750002 0.09425950625 0.11817459374999999 0.0948261015625 0.12585351718749999 0.0990028875 0.125376375 0.1126664328125 0.1317186734375 0.11777370000000001 0.14467592499999998 0.1201804921875
0 0.10700524687499999 0.9748552 0.1097466578125 0.9710423015625 0.10614576718749999 0.9621221359375 0.0958617609375 0.957854378125 0.0911969015625 0.9420569546875001 0.0821813546875 0.9388106515624999 0.088387328125 0.9478217890625 0.08797835000000001 0.9595334 0.09699389375 0.9627797031249999 0.10700524687499999 0.9748552