0 0.1376953125 0.65948768125 0.1318359375 0.65166766875 0.1220703125 0.65166766875 0.119140625 0.6555776734375 0.1201171875 0.65948768125 0.1279296875 0.65948768125 0.1357421875 0.6699143640624999 0.14453125 0.6686110281250001 0.1572265625 0.664701021875 0.158203125 0.660791015625 0.1552734375 0.6568810093749999 0.1376953125 0.65948768125
0 0.2138671875 0.544794171875 0.2060546875 0.544794171875 0.203125 0.5487041765625 0.201171875 0.5695575421875 0.197265625 0.574770884375 0.205078125 0.574770884375 0.20703125 0.55391751875 0.2216796875 0.555220853125 0.2216796875 0.5500075109375 0.2138671875 0.544794171875
0 0.234375 0.60605093125 0.2275390625 0.5995342546875 0.232421875 0.6216909562499999 0.2431640625 0.6282076328125 0.24609375 0.6373309796875 0.248046875 0.626904296875 0.2431640625 0.6203876203124999 0.2392578125 0.6203876203124999 0.234375 0.60605093125
0 0.56640625 0.728564453125 0.5673828125 0.724654446875 0.5615234375 0.724654446875 0.55859375 0.728564453125 0.56640625 0.728564453125
0 0.6748046875 0.5421875 0.68359375 0.55391751875 0.685546875 0.566950871875 0.69140625 0.566950871875 0.693359375 0.5617375296875 0.6884765625 0.56043419375 0.6875 0.55391751875 0.6748046875 0.5421875
0 0.7373046875 0.6985877406250001 0.7412109375 0.6985877406250001 0.7470703125 0.7090144234375 0.75 0.7077110875 0.748046875 0.6972844046875 0.7431640625 0.690767728125 0.73046875 0.6868577218749999 0.7373046875 0.6985877406250001
0 0.4501953125 0.6203876203124999 0.443359375 0.6242976265625 0.4453125 0.6295109671875 0.4501953125 0.6282076328125 0.46875 0.60605093125 0.4619140625 0.604747596875 0.4501953125 0.6203876203124999
0 0.4619140625 0.5656475359375001 0.47265625 0.577377553125 0.47265625 0.5851975656249999 0.46875 0.593017578125 0.47265625 0.6034442609374999 0.478515625 0.6034442609374999 0.474609375 0.5956242484375001 0.4765625 0.577377553125 0.4716796875 0.56825420625 0.4619140625 0.5656475359375001
0 0.6728515625 0.4770207328125 0.671875 0.48093073906250006 0.6796875 0.491357421875 0.681640625 0.49917743437500006 0.681640625 0.506997446875 0.677734375 0.5148174578125 0.6796875 0.5200307984375 0.6875 0.509604115625 0.6875 0.504390775 0.68359375 0.48614408124999997 0.6728515625 0.4770207328125
0 0.5908203125 0.5161207937500001 0.578125 0.533064153125 0.580078125 0.54609750625 0.5703125 0.5643442015625 0.57421875 0.5643442015625 0.583984375 0.551310846875 0.583984375 0.5356708234374999 0.591796875 0.525244140625 0.5908203125 0.5161207937500001
0 0.6005859375 0.5317608171875 0.595703125 0.5408841640625 0.599609375 0.559130859375 0.59765625 0.5721642124999999 0.6025390625 0.5786808890625 0.609375 0.577377553125 0.6015625 0.5487041765625 0.6015625 0.5408841640625 0.60546875 0.533064153125 0.6005859375 0.5317608171875
0 0.7041015625 0.6933743984375 0.69921875 0.694677734375 0.712890625 0.712924428125 0.71484375 0.7233511109374999 0.7216796875 0.732474459375 0.73046875 0.7311711234375 0.72265625 0.7233511109374999 0.71875 0.7077110875 0.7119140625 0.6985877406250001 0.7041015625 0.6933743984375
0 0.64453125 0.5904109078124999 0.64453125 0.579984225 0.6484375 0.574770884375 0.6474609375 0.5708608765625 0.638671875 0.5825908953125001 0.640625 0.5956242484375001 0.638671875 0.619084284375 0.6416015625 0.6256009609375 0.646484375 0.626904296875 0.64453125 0.6164776140625 0.6484375 0.6086576015625 0.6484375 0.59823091875 0.64453125 0.5904109078124999
0 0.681640625 0.67382436875 0.6767578125 0.6568810093749999 0.673828125 0.660791015625 0.67578125 0.6712176984375 0.671875 0.6790377109375 0.673828125 0.6998910765625 0.6767578125 0.70380108125 0.697265625 0.702497746875 0.6923828125 0.69598106875 0.6845703125 0.6985877406250001 0.67578125 0.6842510515625 0.681640625 0.67382436875
0 0.859375 0.762451171875 0.857421875 0.780697865625 0.8623046875 0.7898212140624999 0.865234375 0.788517878125 0.861328125 0.75723783125 0.8505859375 0.7533278250000001 0.8505859375 0.758541165625 0.859375 0.762451171875
0 0.701171875 0.6972844046875 0.712890625 0.710317759375 0.716796875 0.7259577828125 0.7197265625 0.7298677890625 0.728515625 0.7311711234375 0.720703125 0.720744440625 0.716796875 0.7051044171874999 0.7021484375 0.6933743984375 0.701171875 0.6972844046875
0 0.8671875 0.5148174578125 0.8662109375 0.50830078125 0.8603515625 0.5109074515625001 0.8564453125 0.5187274640624999 0.845703125 0.5226374703125 0.8466796875 0.5265474765625 0.85546875 0.5278508109375 0.85546875 0.533064153125 0.849609375 0.5408841640625 0.853515625 0.5434908359375 0.861328125 0.5356708234374999 0.861328125 0.525244140625 0.865234375 0.5226374703125 0.8671875 0.5148174578125
0 0.732421875 0.67382436875 0.7255859375 0.6673076921875001 0.7080078125 0.677734375 0.703125 0.6764310390625 0.7080078125 0.682947715625 0.7158203125 0.677734375 0.7255859375 0.680341046875 0.7333984375 0.69598106875 0.7412109375 0.6985877406250001 0.7490234375 0.71162109375 0.751953125 0.710317759375 0.748046875 0.694677734375 0.7373046875 0.6881610578124999 0.732421875 0.68164438125 0.732421875 0.67382436875
0 0.8125 0.559130859375 0.8076171875 0.5526141828125 0.7958984375 0.5500075109375 0.7890625 0.55391751875 0.7919921875 0.563040865625 0.8056640625 0.5656475359375001 0.8154296875 0.589107571875 0.833984375 0.5878042359375 0.8388671875 0.5865009015625 0.83984375 0.579984225 0.8154296875 0.5708608765625 0.8125 0.559130859375
0 0.765625 0.6112642734375 0.767578125 0.6034442609374999 0.765625 0.5851975656249999 0.7734375 0.574770884375 0.7744140625 0.5656475359375001 0.7705078125 0.5656475359375001 0.755859375 0.5851975656249999 0.759765625 0.6008375906250001 0.748046875 0.6164776140625 0.7490234375 0.6203876203124999 0.7529296875 0.6203876203124999 0.7607421875 0.615174278125 0.759765625 0.626904296875 0.7626953125 0.630814303125 0.771484375 0.6295109671875 0.77734375 0.6242976265625 0.77734375 0.619084284375 0.7724609375 0.6099609375 0.765625 0.6112642734375
0 0.8759765625 0.5995342546875 0.8798828125 0.604747596875 0.90625 0.6034442609374999 0.8984375 0.593017578125 0.90625 0.577377553125 0.9052734375 0.5526141828125 0.90234375 0.5565241890625 0.90234375 0.5721642124999999 0.8857421875 0.5943209140625 0.8701171875 0.589107571875 0.859375 0.5956242484375001 0.857421875 0.6138709437500001 0.8515625 0.6242976265625 0.853515625 0.6295109671875 0.861328125 0.6216909562499999 0.86328125 0.6034442609374999 0.8662109375 0.5995342546875 0.8759765625 0.5995342546875
0 0.34375 0.329743840625 0.3486328125 0.3388671875 0.353515625 0.3375638515625 0.3525390625 0.331047175 0.3486328125 0.333653846875 0.3466796875 0.32844050468749997 0.34375 0.329743840625
0 0.298828125 0.32713716875 0.30078125 0.3193171578125 0.2939453125 0.31019380937499996 0.29296875 0.3167104859375 0.298828125 0.32713716875
0 0.3046875 0.40273061875 0.3193359375 0.37796724843749996 0.3154296875 0.37796724843749996 0.302734375 0.397517278125 0.3046875 0.40273061875
0 0.2431640625 0.29194711562500003 0.2333984375 0.28934044375 0.228515625 0.295857121875 0.2294921875 0.29976712656250004 0.232421875 0.2984637921875 0.2490234375 0.29716045625 0.251953125 0.29325045156249996 0.2490234375 0.28934044375 0.2431640625 0.29194711562500003
0 0.3662109375 0.2267803484375 0.36328125 0.22808368437499998 0.365234375 0.24111703750000002 0.361328125 0.24893704843750003 0.3583984375 0.2398137015625 0.353515625 0.246330378125 0.353515625 0.254150390625 0.349609375 0.25936373125 0.353515625 0.26457707343750003 0.3564453125 0.2554537265625 0.3623046875 0.2606670671875 0.37109375 0.24111703750000002 0.3662109375 0.2267803484375
0 0.25390625 0.864111328125 0.248046875 0.8797513515625001 0.255859375 0.8797513515625001 0.2578125 0.86932466875 0.267578125 0.8562913156249999 0.2666015625 0.8497746390625001 0.25390625 0.864111328125
0 0.2607421875 0.81328125 0.265625 0.8276179390625 0.26953125 0.8276179390625 0.2607421875 0.81328125
0 0.3046875 0.8823580234374999 0.3115234375 0.894088040625 0.31640625 0.89278470625 0.328125 0.8797513515625001 0.3212890625 0.8784480171875 0.3154296875 0.886268028125 0.3046875 0.8823580234374999
0 0.2275390625 0.868021334375 0.22265625 0.8771446812500001 0.224609375 0.88496469375 0.220703125 0.89278470625 0.2265625 0.89278470625 0.228515625 0.8771446812500001 0.236328125 0.86932466875 0.2353515625 0.8654146640624999 0.2275390625 0.868021334375
0 0.205078125 0.8823580234374999 0.20703125 0.8875713640624999 0.201171875 0.8953913765625 0.2109375 0.8953913765625 0.21484375 0.88496469375 0.2138671875 0.873234675 0.20703125 0.8745380109375 0.205078125 0.8823580234374999
0 0.27734375 0.778091196875 0.2841796875 0.7898212140624999 0.296875 0.788517878125 0.3046875 0.7833045375000001 0.3056640625 0.774181190625 0.2900390625 0.7846078734375 0.27734375 0.778091196875
0 0.25390625 0.864111328125 0.248046875 0.8797513515625001 0.255859375 0.8797513515625001 0.2578125 0.86932466875 0.265625 0.8615046578125 0.2666015625 0.8497746390625001 0.25390625 0.864111328125
0 0.62109375 0.8615046578125 0.6181640625 0.8549879812500001 0.61328125 0.8588979859375 0.6162109375 0.8628079921875 0.62109375 0.8615046578125
0 0.607421875 0.9605581437499999 0.6103515625 0.954041465625 0.599609375 0.957951471875 0.6025390625 0.9618614781250001 0.607421875 0.9605581437499999
0 0.48046875 0.7989445609375 0.486328125 0.7937312203125 0.4833984375 0.7846078734375 0.47265625 0.7989445609375 0.48046875 0.7989445609375
0 0.421875 0.7702711843750001 0.4267578125 0.77939453125 0.4375 0.780697865625 0.4365234375 0.774181190625 0.4306640625 0.774181190625 0.4267578125 0.7689678484375 0.421875 0.7702711843750001
0 0.611328125 0.9501314609374999 0.6123046875 0.954041465625 0.626953125 0.95273813125 0.6279296875 0.943614784375 0.6220703125 0.948828125 0.6162109375 0.946221453125 0.611328125 0.9501314609374999
0 0.5458984375 0.792427884375 0.537109375 0.8067645734375001 0.5419921875 0.810674578125 0.548828125 0.80937124375 0.544921875 0.7989445609375 0.5517578125 0.79503455625 0.5517578125 0.7898212140624999 0.5458984375 0.792427884375
0 0.5888671875 0.852381309375 0.5791015625 0.8497746390625001 0.576171875 0.8536846453125 0.5869140625 0.8602013218750001 0.591796875 0.8588979859375 0.6044921875 0.8549879812500001 0.607421875 0.845864634375 0.5966796875 0.8445612984374999 0.5888671875 0.852381309375
0 0.6171875 0.8875713640624999 0.615234375 0.9032113890625 0.6240234375 0.9019080531249999 0.6298828125 0.90712139375 0.6328125 0.905818059375 0.62890625 0.8953913765625 0.62890625 0.88496469375 0.6220703125 0.8810546875 0.6171875 0.8875713640624999
0 0.4365234375 0.716834434375 0.4248046875 0.7298677890625 0.4140625 0.7337777937500001 0.4150390625 0.7376878 0.4208984375 0.740294471875 0.427734375 0.7389911359375 0.4365234375 0.7272611171875 0.4423828125 0.724654446875 0.447265625 0.7155311 0.4365234375 0.716834434375
0 0.447265625 0.804157903125 0.4560546875 0.8237079328125001 0.4619140625 0.8237079328125001 0.4736328125 0.8341346156249999 0.478515625 0.8328312796875 0.4677734375 0.815887921875 0.4599609375 0.815887921875 0.4541015625 0.800247896875 0.447265625 0.804157903125
0 0.5341796875 0.8602013218750001 0.5244140625 0.8602013218750001 0.51171875 0.8667179984375 0.509765625 0.8745380109375 0.515625 0.8745380109375 0.5244140625 0.8706280046874999 0.5419921875 0.873234675 0.544921875 0.8667179984375 0.5341796875 0.8602013218750001
0 0.4580078125 0.7481144828125 0.447265625 0.7702711843750001 0.447265625 0.778091196875 0.462890625 0.7989445609375 0.46484375 0.7911245484375 0.458984375 0.778091196875 0.4609375 0.7520244890625001 0.4580078125 0.7481144828125
0 0.6044921875 0.894088040625 0.609375 0.88496469375 0.6005859375 0.8836613578125 0.5888671875 0.894088040625 0.5751953125 0.8914813703125001 0.564453125 0.9006047171875 0.5654296875 0.90712139375 0.576171875 0.9084247296875001 0.5791015625 0.9045147234375 0.5947265625 0.9019080531249999 0.6005859375 0.894088040625 0.6044921875 0.894088040625
0 0.7138671875 0.3414738578125 0.716796875 0.3401705234375 0.71484375 0.3323505109375 0.7119140625 0.331047175 0.7109375 0.3375638515625 0.7138671875 0.3414738578125
0 0.86328125 0.314103815625 0.8623046875 0.31019380937499996 0.8515625 0.308890475 0.8544921875 0.3154071515625 0.86328125 0.314103815625
0 0.748046875 0.3114971453125 0.75 0.308890475 0.7451171875 0.29716045625 0.734375 0.2984637921875 0.748046875 0.3114971453125
0 0.6884765625 0.27109375 0.6953125 0.280217096875 0.6953125 0.2854304390625 0.69921875 0.2854304390625 0.69921875 0.280217096875 0.6904296875 0.265880409375 0.6796875 0.2697904140625 0.6884765625 0.27109375
0 0.6484375 0.295857121875 0.64453125 0.30107046249999997 0.650390625 0.30107046249999997 0.65234375 0.2984637921875 0.6513671875 0.268487078125 0.6484375 0.2697904140625 0.6484375 0.295857121875
0 0.63671875 0.24893704843750003 0.63671875 0.26457707343750003 0.6328125 0.26718374375 0.630859375 0.28282376875000004 0.634765625 0.28282376875000004 0.63671875 0.2723970859375 0.640625 0.2697904140625 0.6416015625 0.24502704375 0.63671875 0.24893704843750003
0 0.7197265625 0.23720703125 0.7294921875 0.23720703125 0.734375 0.2437237078125 0.734375 0.254150390625 0.73828125 0.2567570609375 0.73828125 0.238510365625 0.7333984375 0.23199369062500003 0.716796875 0.23069035468750002 0.7197265625 0.23720703125
0 0.60546875 0.23069035468750002 0.607421875 0.254150390625 0.6015625 0.2697904140625 0.60546875 0.2697904140625 0.611328125 0.25936373125 0.611328125 0.233297025 0.6083984375 0.22938701875 0.60546875 0.23069035468750002
0 0.5419921875 0.21374699531250002 0.537109375 0.21505033125 0.54296875 0.22287034218750001 0.5458984375 0.2398137015625 0.564453125 0.2437237078125 0.5615234375 0.23460036093749997 0.5498046875 0.23199369062500003 0.546875 0.220263671875 0.5419921875 0.21374699531250002
0 0.6630859375 0.34929387031250003 0.66015625 0.35320387656249996 0.6669921875 0.3571138828125 0.6748046875 0.37275390625 0.6826171875 0.37275390625 0.6923828125 0.3831805890625 0.6953125 0.381877253125 0.6884765625 0.36754056562500004 0.6767578125 0.36493389375 0.6689453125 0.34929387031250003 0.6630859375 0.34929387031250003
0 0.7265625 0.329743840625 0.7177734375 0.31280048125 0.716796875 0.32713716875 0.72265625 0.3323505109375 0.7265625 0.35059720625 0.716796875 0.3662372296875 0.716796875 0.389697265625 0.71875 0.389697265625 0.720703125 0.37145057187499997 0.73046875 0.3584172171875 0.73046875 0.3453838640625 0.7265625 0.329743840625
0 0.70703125 0.29325045156249996 0.70703125 0.288037109375 0.7021484375 0.2867337734375 0.6982421875 0.29194711562500003 0.6923828125 0.29194711562500003 0.6845703125 0.3023737984375 0.6748046875 0.30498046875 0.671875 0.3114971453125 0.671875 0.32713716875 0.67578125 0.32713716875 0.67578125 0.3167104859375 0.6806640625 0.31019380937499996 0.6982421875 0.30498046875 0.70703125 0.29325045156249996