0 0.8349609375 0.3206204921875 0.8232421875 0.3206204921875 0.8154296875 0.3154071515625 0.80859375 0.321923828125 0.806640625 0.32713716875 0.80859375 0.3323505109375 0.8134765625 0.325833834375 0.8369140625 0.32844050468749997 0.837890625 0.32453049843750004 0.8349609375 0.3206204921875
0 0.9609375 0.3114971453125 0.962890625 0.329743840625 0.958984375 0.3375638515625 0.958984375 0.35059720625 0.9619140625 0.3571138828125 0.96484375 0.355810546875 0.96484375 0.34277719375000004 0.970703125 0.3323505109375 0.9658203125 0.3023737984375 0.9609375 0.3114971453125
0 0.908203125 0.533064153125 0.9140625 0.5487041765625 0.90625 0.559130859375 0.908203125 0.5643442015625 0.921875 0.551310846875 0.919921875 0.5408841640625 0.9111328125 0.5291541468750001 0.908203125 0.533064153125
0 0.8095703125 0.5343674890625 0.794921875 0.54609750625 0.7958984375 0.5500075109375 0.7998046875 0.5500075109375 0.8076171875 0.544794171875 0.8046875 0.559130859375 0.80859375 0.5617375296875 0.80859375 0.5565241890625 0.814453125 0.5487041765625 0.814453125 0.5408841640625 0.8095703125 0.5343674890625
0 0.71484375 0.329743840625 0.7138671875 0.3206204921875 0.705078125 0.33495718124999996 0.705078125 0.3401705234375 0.712890625 0.35059720625 0.7109375 0.355810546875 0.712890625 0.3584172171875 0.716796875 0.355810546875 0.716796875 0.3453838640625 0.7109375 0.3375638515625 0.71484375 0.329743840625
0 0.5966796875 0.273700421875 0.603515625 0.2723970859375 0.5947265625 0.2632737390625 0.5869140625 0.2606670671875 0.580078125 0.2697904140625 0.580078125 0.2854304390625 0.58203125 0.2854304390625 0.58203125 0.27500375625 0.5869140625 0.268487078125 0.5927734375 0.268487078125 0.5966796875 0.273700421875
0 0.5498046875 0.2189603359375 0.54296875 0.21765700156249998 0.5478515625 0.2267803484375 0.552734375 0.22547701406249998 0.5546875 0.21765700156249998 0.5625 0.20983698906249998 0.5595703125 0.20592698281250002 0.5498046875 0.2189603359375
0 0.4375 0.22808368437499998 0.4423828125 0.23199369062500003 0.44921875 0.23069035468750002 0.470703125 0.2020169765625 0.4677734375 0.19810697187499998 0.4482421875 0.22417367812500003 0.4375 0.22808368437499998
0 0.5087890625 0.24242037343749998 0.5078125 0.288037109375 0.509765625 0.288037109375 0.515625 0.280217096875 0.515625 0.2697904140625 0.513671875 0.254150390625 0.5087890625 0.24242037343749998
0 0.5537109375 0.2632737390625 0.548828125 0.2697904140625 0.548828125 0.2776104265625 0.552734375 0.28282376875000004 0.552734375 0.29325045156249996 0.556640625 0.29325045156249996 0.55859375 0.28282376875000004 0.5546875 0.27500375625 0.556640625 0.26457707343750003 0.5537109375 0.2632737390625
0 0.564453125 0.34277719375000004 0.5703125 0.35059720625 0.5703125 0.355810546875 0.564453125 0.3610238890625 0.5673828125 0.36493389375 0.572265625 0.363630559375 0.576171875 0.3584172171875 0.576171875 0.35059720625 0.5673828125 0.3232271640625 0.564453125 0.34277719375000004
0 0.560546875 0.3323505109375 0.5576171875 0.32844050468749997 0.5458984375 0.331047175 0.54296875 0.33495718124999996 0.54296875 0.347990534375 0.544921875 0.347990534375 0.5458984375 0.3388671875 0.5517578125 0.3362605171875 0.5595703125 0.3388671875 0.560546875 0.3323505109375
0 0.587890625 0.46789738593749997 0.58984375 0.4757173984375 0.6025390625 0.48223407500000004 0.6103515625 0.4978740984375 0.615234375 0.4965707640625 0.6044921875 0.4744140625 0.591796875 0.46789738593749997 0.5908203125 0.4587740390625 0.587890625 0.46789738593749997
0 0.6259765625 0.453560696875 0.6181640625 0.453560696875 0.615234375 0.4600773734375 0.619140625 0.4600773734375 0.6279296875 0.4587740390625 0.634765625 0.4470440203125 0.6318359375 0.44574068437500003 0.6259765625 0.453560696875
0 0.6494140625 0.43270733124999994 0.654296875 0.43140399687500003 0.65625 0.4261906546875 0.6533203125 0.4222806484375 0.642578125 0.423583984375 0.6494140625 0.43270733124999994
0 0.662109375 0.5408841640625 0.671875 0.551310846875 0.671875 0.5565241890625 0.6767578125 0.563040865625 0.681640625 0.5617375296875 0.68359375 0.5565241890625 0.6767578125 0.555220853125 0.6708984375 0.539580828125 0.662109375 0.5408841640625
0 0.69140625 0.559130859375 0.6884765625 0.555220853125 0.685546875 0.559130859375 0.685546875 0.5721642124999999 0.7001953125 0.581287559375 0.703125 0.5851975656249999 0.701171875 0.5956242484375001 0.705078125 0.5956242484375001 0.70703125 0.5904109078124999 0.705078125 0.577377553125 0.6923828125 0.5708608765625 0.69140625 0.559130859375
0 0.6796875 0.60605093125 0.6787109375 0.596927584375 0.67578125 0.6112642734375 0.689453125 0.6242976265625 0.689453125 0.6321176390625001 0.685546875 0.63993765 0.6865234375 0.64384765625 0.689453125 0.642544321875 0.6953125 0.6321176390625001 0.6953125 0.6242976265625 0.6904296875 0.615174278125 0.6796875 0.60605093125
0 0.6689453125 0.716834434375 0.6748046875 0.716834434375 0.677734375 0.720744440625 0.67578125 0.7259577828125 0.677734375 0.728564453125 0.6796875 0.7155311 0.6767578125 0.71162109375 0.6689453125 0.71162109375 0.6689453125 0.716834434375
0 0.451171875 0.491357421875 0.458984375 0.4731107265625 0.453125 0.4600773734375 0.4560546875 0.44834735625000005 0.44921875 0.4548640328125 0.44921875 0.465290715625 0.453125 0.4757173984375 0.4482421875 0.4848407453125 0.443359375 0.48614408124999997 0.4453125 0.49396409218750004 0.435546875 0.506997446875 0.4404296875 0.5161207937500001 0.4453125 0.5148174578125 0.451171875 0.5122107875 0.443359375 0.506997446875 0.451171875 0.49917743437500006 0.451171875 0.491357421875
0 0.337890625 0.4366173375 0.3330078125 0.4353140015625 0.3251953125 0.44052734375 0.3154296875 0.4353140015625 0.30859375 0.45225736093749996 0.3125 0.45225736093749996 0.3173828125 0.4431340140625 0.3232421875 0.44834735625000005 0.3291015625 0.44834735625000005 0.337890625 0.4366173375
0 0.1884765625 0.3962139421875 0.1962890625 0.3962139421875 0.203125 0.38448392343750004 0.203125 0.374057240625 0.1923828125 0.38839393125 0.1845703125 0.37796724843749996 0.1708984375 0.38057391875 0.1650390625 0.37275390625 0.1611328125 0.37275390625 0.16015625 0.37666391250000003 0.16796875 0.38448392343750004 0.169921875 0.397517278125 0.17578125 0.4001239484375 0.177734375 0.397517278125 0.17578125 0.3923039359375 0.1806640625 0.38578725937499997 0.1884765625 0.3962139421875
0 0.2568359375 0.5578275234375 0.244140625 0.55391751875 0.2470703125 0.563040865625 0.2626953125 0.563040865625 0.2685546875 0.5578275234375 0.2744140625 0.5578275234375 0.28515625 0.566950871875 0.283203125 0.559130859375 0.2724609375 0.5500075109375 0.2666015625 0.5500075109375 0.2568359375 0.5578275234375
0 0.2109375 0.5878042359375 0.2080078125 0.5838942312500001 0.203125 0.5878042359375 0.203125 0.6008375906250001 0.1953125 0.6112642734375 0.197265625 0.626904296875 0.19921875 0.626904296875 0.201171875 0.6164776140625 0.2109375 0.60605093125 0.208984375 0.5956242484375001 0.2109375 0.5878042359375
0 0.255859375 0.68164438125 0.2470703125 0.675127703125 0.244140625 0.6790377109375 0.25 0.6868577218749999 0.2421875 0.694677734375 0.244140625 0.710317759375 0.2421875 0.7155311 0.24609375 0.7155311 0.248046875 0.712924428125 0.24609375 0.6998910765625 0.255859375 0.6868577218749999 0.255859375 0.68164438125
0 0.1826171875 0.6855543859375001 0.1904296875 0.6855543859375001 0.193359375 0.68946439375 0.1875 0.694677734375 0.1884765625 0.6985877406250001 0.19921875 0.6972844046875 0.201171875 0.6868577218749999 0.1982421875 0.680341046875 0.177734375 0.6764310390625 0.1826171875 0.6855543859375001
0 0.0849609375 0.57607421875 0.087890625 0.574770884375 0.083984375 0.5408841640625 0.0791015625 0.5369741593749999 0.08203125 0.5721642124999999 0.0849609375 0.57607421875
0 0.1142578125 0.740294471875 0.1044921875 0.7429011421875 0.099609375 0.74941781875 0.09765625 0.7676645140625 0.103515625 0.7676645140625 0.103515625 0.7546311593749999 0.1123046875 0.7481144828125 0.115234375 0.7442044765625 0.1142578125 0.740294471875
0 0.2275390625 0.7637545078125 0.228515625 0.7702711843750001 0.23828125 0.7859112078125 0.228515625 0.7989445609375 0.228515625 0.80937124375 0.2314453125 0.81328125 0.234375 0.8119779140625001 0.232421875 0.80155123125 0.2421875 0.788517878125 0.2421875 0.780697865625 0.2275390625 0.7637545078125
0 0.263671875 0.7259577828125 0.27734375 0.7415978062499999 0.275390625 0.7650578421875001 0.279296875 0.7650578421875001 0.283203125 0.7415978062499999 0.26953125 0.7259577828125 0.2685546875 0.71944110625 0.263671875 0.7259577828125
0 0.3515625 0.88496469375 0.357421875 0.8797513515625001 0.3505859375 0.8784480171875 0.345703125 0.88496469375 0.345703125 0.9032113890625 0.35546875 0.9136380718750001 0.353515625 0.9266714234375 0.359375 0.9266714234375 0.36328125 0.9214580828125 0.36328125 0.9136380718750001 0.3515625 0.897998046875 0.3515625 0.88496469375
0 0.4091796875 0.71162109375 0.4033203125 0.71162109375 0.3974609375 0.71944110625 0.3876953125 0.716834434375 0.384765625 0.720744440625 0.3916015625 0.7272611171875 0.3984375 0.7259577828125 0.4052734375 0.71944110625 0.4130859375 0.724654446875 0.4140625 0.7181377703125 0.4091796875 0.71162109375
0 0.4169921875 0.6542743390625 0.421875 0.6503643328125001 0.4150390625 0.64384765625 0.4130859375 0.6464543265625 0.3935546875 0.64384765625 0.388671875 0.6503643328125001 0.390625 0.6581843453125 0.388671875 0.6633976859375 0.392578125 0.6633976859375 0.392578125 0.652971003125 0.3955078125 0.6490609984375 0.4033203125 0.6542743390625 0.4169921875 0.6542743390625
0 0.1123046875 0.42488731875 0.1015625 0.441830678125 0.09765625 0.457470703125 0.08984375 0.46268404375000005 0.0908203125 0.46659405 0.09765625 0.465290715625 0.11328125 0.43140399687500003 0.123046875 0.4261906546875 0.1201171875 0.4222806484375 0.1123046875 0.42488731875
0 0.109375 0.233297025 0.111328125 0.22808368437499998 0.1083984375 0.2267803484375 0.103515625 0.23590369687499999 0.115234375 0.24893704843750003 0.1171875 0.25936373125 0.1220703125 0.265880409375 0.130859375 0.26457707343750003 0.1328125 0.261970403125 0.123046875 0.2567570609375 0.119140625 0.2437237078125 0.109375 0.233297025
0 0.0322265625 0.716834434375 0.03125 0.720744440625 0.041015625 0.7337777937500001 0.037109375 0.7468111484375 0.037109375 0.7546311593749999 0.041015625 0.7546311593749999 0.046875 0.7389911359375 0.046875 0.728564453125 0.0400390625 0.71944110625 0.0322265625 0.716834434375
0 0.123046875 0.9266714234375 0.125 0.9084247296875001 0.1220703125 0.90712139375 0.1171875 0.9188514124999999 0.119140625 0.93709810625 0.1259765625 0.943614784375 0.1376953125 0.9410081140625 0.14453125 0.9475247890625 0.146484375 0.95273813125 0.14453125 0.9553448015624999 0.1494140625 0.9618614781250001 0.154296875 0.9605581437499999 0.150390625 0.9423114484375 0.1435546875 0.9331881015624999 0.1279296875 0.9331881015624999 0.123046875 0.9266714234375
0 0.2177734375 0.9019080531249999 0.212890625 0.9084247296875001 0.2099609375 0.9201547484375 0.1982421875 0.9227614187500001 0.1953125 0.9266714234375 0.1962890625 0.93058143125 0.20703125 0.9292780953124999 0.21484375 0.9240647531249999 0.2197265625 0.909728065625 0.228515625 0.9084247296875001 0.2177734375 0.9019080531249999
0 0.759765625 0.871931340625 0.7607421875 0.8784480171875 0.7724609375 0.8758413468749999 0.7822265625 0.894088040625 0.7900390625 0.8966947109375001 0.794921875 0.9032113890625 0.794921875 0.8953913765625 0.7841796875 0.886268028125 0.7744140625 0.868021334375 0.759765625 0.871931340625