0 0.051028610937499996 0.41549742187499994 0.0470379453125 0.416059928125 0.04802790625 0.4191098015625 0.05519260625 0.42575449218749994 0.059183273437499996 0.42519198593749996 0.051028610937499996 0.41549742187499994
0 0.653611475 0.1685378625 0.6631952359375 0.164635446875 0.6638077078125 0.1588081703125 0.657837121875 0.153270928125 0.653611475 0.1685378625
0 0.167054534375 0.3589563203125 0.1578790875 0.3589738828125 0.1554600296875 0.3695209890625 0.1630330453125 0.37228082812499996 0.17002441562499998 0.36810594218750003 0.167054534375 0.3589563203125
0 0.013448540625 0.44886138124999997 0.0176433640625 0.44635645 0.0182558359375 0.4405291734375 0.0236447734375 0.4391316890625 0.02026658125 0.43386691875 0.0084987421875 0.4336120109375 0.0084679171875 0.44637401250000003 0.013448540625 0.44886138124999997
0 0.439483003125 0.210840203125 0.44490276875 0.19668071874999998 0.43674810781250006 0.1869861546875 0.4327574421875 0.187548659375 0.43313493125 0.1964258109375 0.4333082609375 0.2072453875 0.439483003125 0.210840203125
0 0.6172563484375 0.1902472671875 0.6268092828125 0.1991068546875 0.640761196875 0.2035190859375 0.6411695109375 0.199634234375 0.6228494437500001 0.186907359375 0.6098874890625 0.185545003125 0.6094791734375 0.1894298546875 0.6172563484375 0.1902472671875
0 0.890613121875 0.0707050296875 0.88659163125 0.0840295375 0.892562215625 0.0895667796875 0.897777825 0.07734972031250001 0.8994419078125 0.0490483125 0.8898581468750001 0.052950728125 0.8876432421875 0.0615554078125 0.890613121875 0.0707050296875
0 0.0217073046875 0.3328783515625 0.0208906765625 0.34064805468750003 0.0150934234375 0.3459303890625 0.01567506875 0.3528651140625 0.015644242187499997 0.365627115625 0.0194307515625 0.3670070359375 0.026626278125000003 0.36088972343750003 0.0254629875 0.34702027343749997 0.031056084374999997 0.343680365625 0.0316685546875 0.3378530890625 0.025697970312500002 0.332315846875 0.0217073046875 0.3328783515625
0 0.417395628125 0.27136299375 0.4229887234375 0.2680230859375 0.4329499734375 0.272997821875 0.44594275625 0.2615981765625 0.44375867968750005 0.2574408546875 0.42980676406249996 0.2530286234375 0.4096184546875 0.27054558125 0.417395628125 0.27136299375
0 0.5484250796875 0.19675999375 0.543240296875 0.19621505156250002 0.5428319828125 0.20009990156250002 0.549006725 0.20369471875 0.551772446875 0.214786765625 0.5597537781249999 0.2136617546875 0.566510165625 0.224191296875 0.578073846875 0.2263886296875 0.5709399703125 0.2069819375 0.5581821734375 0.20367715625 0.5484250796875 0.19675999375
0 0.11893561875 0.1309980578125 0.11992557968749999 0.13404793125 0.1320709046875 0.1431799890625 0.14742109375 0.14675724375000002 0.1619546546875 0.1581041984375 0.1687418671875 0.15587173906250001 0.15342250468750002 0.1395324828125 0.138072315625 0.1359552296875 0.123130440625 0.128493125 0.11893561875 0.1309980578125
0 0.20464623125 0.2382007734375 0.19564411406249999 0.2490379125 0.196429915625 0.2540302125 0.1986139921875 0.258187534375 0.20519705 0.2578975 0.205809521875 0.25207022343749996 0.217608184375 0.2395631296875 0.21586325 0.2187589546875 0.2106784671875 0.2182140109375 0.2036870953125 0.222388896875 0.20464623125 0.2382007734375
0 0.24084722812499998 0.2803013765625 0.239622284375 0.2919559296875 0.271139290625 0.29134073437499997 0.2940624953125 0.2976778265625 0.30722860937499996 0.2970977578125 0.308831040625 0.2943203546875 0.28969434375 0.2893631828125 0.27516078125 0.2780162265625 0.261178040625 0.2863659984375 0.24084722812499998 0.2803013765625
0 0.9304156718750001 0.1907575640625 0.9073191359375 0.1736008953125 0.88637585 0.17336355 0.8768229140624999 0.1645039625 0.8726280921875 0.16700889375 0.8734138937499999 0.17200119375 0.877200403125 0.1733811140625 0.8779862046875 0.1783734125 0.8987253328125 0.1805531828125 0.8965104296874999 0.1891578625 0.899888625 0.19442263437500001 0.9058900359375001 0.1871978734375 0.9182395187499999 0.19438750625 0.9304156718750001 0.1907575640625
0 0.8416002515625 0.21284482031250002 0.8276175109375 0.22119459218749998 0.8277908437500001 0.23201416875 0.8355680156249999 0.2328315828125 0.8347822140625001 0.2278392828125 0.8515615015625 0.2178195578125 0.8514189968749999 0.1942379796875 0.86021695625 0.185343265625 0.8544505296875 0.177863596875 0.8410494328125001 0.19314809375 0.8416002515625 0.21284482031250002
0 0.329215928125 0.1128398 0.32143875624999996 0.1120223859375 0.317243934375 0.1145273171875 0.315814834375 0.1281242953125 0.3038120125 0.142573815625 0.304597815625 0.147566115625 0.3073635375 0.1586581625 0.3111500453125 0.1600380828125 0.3155490234375 0.15559072499999999 0.3167739671875 0.14393617187500002 0.32516361250000003 0.138926309375 0.3317774953125 0.1258742734375 0.33279828125 0.11616214531249999 0.329215928125 0.1128398
0 0.7042459765625 0.09825025312499999 0.7100432296875 0.09296791875 0.7116764875 0.0774285140625 0.7085024515625 0.07022131875 0.70151108125 0.0743962046875 0.700694453125 0.08216590625 0.6914881796875 0.09494547187499999 0.6918656671875001 0.10382262187499999 0.7061950703125001 0.117112003125 0.724341809375 0.119019303125 0.7313023515625 0.12760641875 0.7482549734374999 0.12840626875 0.7303432187500001 0.1117945421875 0.709604090625 0.10961477187499999 0.70363350625 0.10407752968749999 0.7042459765625 0.09825025312499999
0 0.6448054187500001 0.6762580984375 0.65299090625 0.6731906609375 0.6535725515624999 0.6801253859374999 0.6595431359374999 0.685662628125 0.6635338015625 0.6851001218749999 0.6595739625 0.6729006265625 0.6510109859375001 0.6670909125 0.6442237734375 0.6693233734375 0.6448054187500001 0.6762580984375
0 0.622679640625 0.5875217171875 0.6418163375 0.592478890625 0.6386423015625 0.58527169375 0.6308651281250001 0.5844542796875001 0.6213121921875 0.5755946921875 0.6135350203125001 0.5747772796875 0.6133308625 0.5767197046875 0.622679640625 0.5875217171875
0 0.6591772734375 0.5893938890625 0.6673627609375 0.586326453125 0.6855094984375001 0.5882337515625 0.695501575 0.5804464859375 0.6891226734375 0.5787940953125 0.6807330296874999 0.5838039578124999 0.6653828421875 0.5802267046875 0.6583914703125 0.584401590625 0.6591772734375 0.5893938890625
0 0.749899334375 0.686321971875 0.7560740765625 0.6899167890625 0.7563090609375 0.6752123609375 0.75194090625 0.6668977171875 0.7455620093750001 0.665245325 0.741367184375 0.66775025625 0.7423571453125 0.67080013125 0.749899334375 0.686321971875
0 0.7816513265625 0.6710023484375001 0.7918167328125 0.674034659375 0.7986039468749999 0.6718022 0.79921641875 0.6659749234375 0.7808963484375 0.653248046875 0.776905684375 0.653810553125 0.7774873296875 0.6607452781250001 0.7816513265625 0.6710023484375001
0 0.503379625 0.5131204546875 0.5037571140625 0.52199760625 0.5111259718750001 0.5266998703125 0.510952640625 0.51588029375 0.5203322453125 0.5139203046875 0.524731225 0.5094729484375 0.525343696875 0.503645671875 0.5150049578125 0.48979378437500004 0.5143616609375 0.5083830625 0.503379625 0.5131204546875
0 0.74767685625 0.532905478125 0.7390830546875 0.5398577671875 0.7396647 0.5467924921875 0.7580464203124999 0.5339953640624999 0.7586588921875 0.5281680875 0.7750298671875 0.5220332125 0.7742440625 0.5170409125 0.7686509671875 0.5203808203125 0.758281403125 0.5192909359375 0.7512900328125001 0.523465821875 0.74767685625 0.532905478125
0 0.5621879921875 0.527156996875 0.5787631234374999 0.519079696875 0.5793755953125 0.5132524203125 0.57579324375 0.509930075 0.571802578125 0.5104925796875001 0.57119010625 0.51631985625 0.5502159953125 0.5288445140625 0.5408363921875 0.5308045031249999 0.537804859375 0.547178884375 0.542581328125 0.551608678125 0.5503585 0.5524260921875 0.5573498703124999 0.54825120625 0.5563599109374999 0.5452013328125 0.5445920734375 0.544946425 0.54840940625 0.5335643421875 0.563963753125 0.5351991703125 0.5621879921875 0.527156996875
0 0.7622912703125 0.593358015625 0.7561165265625001 0.5897631984375 0.746532765625 0.5936656140625 0.744522021875 0.6003278671875 0.7136174859375 0.5951157859375 0.7132091703125 0.5990006375 0.7337441421875 0.6031228343749999 0.74588946875 0.6122548921875001 0.769629303125 0.6108222828125001 0.7739974562499999 0.619136928125 0.7783964359375 0.6146895703124999 0.776416515625 0.608589821875 0.7676493828125001 0.604722534375 0.7622912703125 0.593358015625
0 0.5090187 0.821060890625 0.4986491359375 0.81997100625 0.4890962 0.81111141875 0.4735418546875 0.809476590625 0.4733376984375 0.8114190171875 0.48350310468749996 0.8144513265625 0.4954442734375 0.8255258109374999 0.5058138390625 0.826615696875 0.5093961890625 0.8299380421875 0.5077937578125 0.8327154453125001 0.5145809703124999 0.8304829843749999 0.5149892859375 0.8265981328124999 0.5090187 0.821060890625
0 0.36396810625 0.7547544921875 0.367142140625 0.7619616875 0.373316884375 0.7655565046875 0.3735518671875 0.750852078125 0.40410974062499994 0.73442500625 0.3923419015625 0.7341700984374999 0.3757667703125 0.7422473984375 0.36597884999999997 0.7480922375 0.36396810625 0.7547544921875
0 0.442117325 0.77180578125 0.4385349734375 0.7684834359375 0.4279304265625 0.782097978125 0.428103759375 0.7929175546875 0.43588093125 0.79373496875 0.45539511718750003 0.8075692921875 0.45938578281250003 0.8070067859375 0.4562117453125 0.7997995890625 0.43987159687500005 0.7931724625000001 0.4355034421875 0.7848578171875 0.441504853125 0.7776330578125 0.442117325 0.77180578125
0 0.162659084375 0.7748376109375 0.1668539078125 0.7723326796875 0.166068103125 0.76734038125 0.16187328125 0.7698453125 0.162659084375 0.7748376109375
0 0.2576184203125 0.7691071734375 0.26160908437499997 0.7685446671875 0.26184406718750003 0.7538402390625001 0.257853403125 0.7544027453125 0.2576184203125 0.7691071734375
0 0.304108128125 0.7631920796875 0.310722009375 0.75014004375 0.308568759375 0.73322071875 0.30457809375 0.733783225 0.29673927031249997 0.7584898156250001 0.282960684375 0.7648971609374999 0.2809499390625 0.7715594140625 0.304108128125 0.7631920796875
0 0.176314365625 0.8194782734375 0.163148253125 0.8200583421875001 0.1471547640625 0.8350703671874999 0.1377751609375 0.83703035625 0.1347744546875 0.8406427359374999 0.150532959375 0.8403351390625 0.1705171109375 0.8247606078124999 0.178294284375 0.825578021875 0.188286359375 0.81779075625 0.18630644062499999 0.8116910078125 0.1811216578125 0.8111460656249999 0.1805091859375 0.8169733421875 0.176314365625 0.8194782734375
0 0.24872798437500002 0.8162878921875001 0.2491362984375 0.8124030421875 0.24197159531249998 0.8057583515625 0.246983046875 0.7954837171875 0.23480689375 0.7991136609375 0.23119371718749998 0.8085533171874999 0.222804071875 0.8135631796875 0.223589875 0.8185554796875 0.2257739515625 0.8227128015625 0.229968775 0.8202078703125 0.22798885468750002 0.8141081234374999 0.23218367812500001 0.8116031906250001 0.2385625765625 0.8132555828125 0.23730680624999997 0.8376721375 0.244502334375 0.8315548265625001 0.24872798437500002 0.8162878921875001
0 0.6957406046875 0.316329296875 0.688545078125 0.32244660937499997 0.6895350359375 0.3254964828125 0.691923271875 0.3277113796875 0.698710484375 0.32547891875 0.6957406046875 0.316329296875
0 0.701965375 0.3817916984375 0.6832061656249999 0.385711675 0.68279785 0.3895965265625 0.693167415625 0.39068641249999997 0.7107325062500001 0.38565898593750003 0.701965375 0.3817916984375
0 0.748362603125 0.41416260937500005 0.7799104359375 0.4007854125 0.770939146875 0.39886055 0.7599571109375 0.4035979421875 0.7420145312499999 0.39974821718750003 0.7378197078125 0.40225314843750004 0.7381971968750001 0.41113030000000006 0.748362603125 0.41416260937500005
0 0.6095367781250001 0.4133186109375 0.5967789796875 0.41001382968750005 0.5899917671875 0.4122462890625 0.590981725 0.4152961640625 0.611516696875 0.419418359375 0.6252952828125 0.41301101406249996 0.6410537859375001 0.41270341562499996 0.645656921875 0.4063136328125 0.6418704140625 0.4049337125 0.6388697078125001 0.40854609374999995 0.6261119109375 0.40524131093750004 0.6095367781250001 0.4133186109375
0 0.7015070328124999 0.323808965625 0.710274165625 0.32767625312500004 0.71105996875 0.332668553125 0.693699034375 0.335753553125 0.6862993484375 0.343813290625 0.6872893078125 0.3468631640625 0.70106789375 0.34045581875 0.7034561265625 0.342670715625 0.714029846875 0.341818175 0.7238177671875 0.335973334375 0.7246343953125 0.3282036328125 0.7134790296875 0.322121446875 0.7031094640625 0.3210315625 0.7015070328124999 0.323808965625
0 0.81607303125 0.29362684375 0.8064892703125001 0.29752925937499997 0.8044476984375001 0.3169535140625 0.782687784375 0.324485871875 0.780268725 0.335032978125 0.7890666828125 0.3261382640625 0.8020286375 0.3275006203125 0.8116123999999999 0.3235982046875 0.8150214203124999 0.316100975 0.8134498156250001 0.306116375 0.8190429109374999 0.3027764671875 0.8196553828124999 0.2969491890625 0.81607303125 0.29362684375
0 0.6945348640625 0.4026134359375 0.6833486718749999 0.409293253125 0.6795621625 0.407913334375 0.6791538484374999 0.4117981859375 0.6889109421875 0.418715346875 0.6882984703125 0.42454262343750004 0.6829095296875 0.42594010625 0.6762956484375 0.43899214375 0.6766731359375 0.44786929375 0.6908292078125 0.4503390984375 0.68983925 0.447289225 0.6834603484375 0.445636834375 0.6872776843749999 0.43425475156250004 0.698668034375 0.425632509375 0.6992805062499999 0.4198052328125 0.6923199609374999 0.411218115625 0.6945348640625 0.4026134359375
0 0.732176584375 0.34372547343750004 0.71498898125 0.35763005 0.7106208281249999 0.34931540625 0.705609378125 0.35959003906250003 0.696229771875 0.36155002812500003 0.6958214578125 0.3654348796875 0.7083751 0.3706820875 0.7137640390625 0.369284603125 0.7239294453125 0.3723169140625 0.73132913125 0.364257178125 0.7265526640625 0.359827384375 0.7349423078124999 0.3548175203125 0.7357589359375 0.34704781875 0.732176584375 0.34372547343750004
0 0.6357573234375 0.3758148921875 0.6297559125000001 0.383039653125 0.6269285390625 0.39747160937500003 0.6337157515625 0.3952391484375 0.6411154359375 0.3871794109375 0.64769849375 0.3868893765625 0.6471476734375 0.36719265 0.65553731875 0.3621827875 0.6583646921875 0.34775083125 0.6345940328124999 0.3619454421875 0.6357573234375 0.3758148921875
0 0.7979874265625 0.9270422375 0.7931801328125 0.9353744453124999 0.8071628734375 0.9270246734375001 0.828106159375 0.9272620187499999 0.8385065484374999 0.9155899015625 0.83212765 0.9139375109375001 0.8275245124999999 0.92032729375 0.8179407515625 0.9242297078125 0.8077753453125001 0.921197396875 0.7979874265625 0.9270422375