0 0.1064453125 0.615174278125 0.109375 0.619084284375 0.107421875 0.6216909562499999 0.111328125 0.6216909562499999 0.1083984375 0.6125676078125 0.09375 0.6034442609374999 0.1005859375 0.615174278125 0.1064453125 0.615174278125
0 0.1259765625 0.638634315625 0.1103515625 0.638634315625 0.1005859375 0.630814303125 0.0966796875 0.630814303125 0.091796875 0.6373309796875 0.091796875 0.6477576625 0.0947265625 0.65166766875 0.11328125 0.652971003125 0.1162109375 0.6464543265625 0.1318359375 0.6490609984375 0.1328125 0.645150990625 0.1259765625 0.638634315625
0 0.1572265625 0.677734375 0.1474609375 0.690767728125 0.1416015625 0.690767728125 0.1376953125 0.69598106875 0.119140625 0.6972844046875 0.1337890625 0.70380108125 0.1337890625 0.7090144234375 0.125 0.710317759375 0.1298828125 0.716834434375 0.13671875 0.7155311 0.1435546875 0.7011944109375 0.1513671875 0.6985877406250001 0.15625 0.6920710640625 0.1572265625 0.677734375
0 0.15625 0.8119779140625001 0.154296875 0.7989445609375 0.1494140625 0.7898212140624999 0.1298828125 0.7767878609375 0.1181640625 0.7767878609375 0.115234375 0.780697865625 0.1181640625 0.7846078734375 0.1279296875 0.7846078734375 0.1376953125 0.7976412265625 0.1435546875 0.800247896875 0.1416015625 0.815887921875 0.1494140625 0.81328125 0.1572265625 0.826314603125 0.1689453125 0.8315279437499999 0.173828125 0.8380446218750001 0.171875 0.82501126875 0.1689453125 0.8211012609375 0.1630859375 0.8211012609375 0.15625 0.8119779140625001
0 0.2041015625 0.638634315625 0.203125 0.645150990625 0.208984375 0.6555776734375 0.205078125 0.660791015625 0.205078125 0.6790377109375 0.208984375 0.6790377109375 0.220703125 0.6764310390625 0.2109375 0.6686110281250001 0.21484375 0.652971003125 0.2041015625 0.638634315625
0 0.18359375 0.6164776140625 0.185546875 0.6086576015625 0.1787109375 0.5995342546875 0.177734375 0.6034442609374999 0.18359375 0.6164776140625
0 0.1787109375 0.6203876203124999 0.1552734375 0.61778095 0.15234375 0.6216909562499999 0.1650390625 0.6282076328125 0.1767578125 0.6282076328125 0.1845703125 0.63602764375 0.19140625 0.634724309375 0.193359375 0.6321176390625001 0.1865234375 0.6282076328125 0.1806640625 0.61778095 0.1787109375 0.6203876203124999
0 0.2060546875 0.41185396562500004 0.1982421875 0.41185396562500004 0.1953125 0.41837064375 0.197265625 0.4209773140625 0.1953125 0.441830678125 0.19921875 0.44443735 0.201171875 0.43140399687500003 0.19921875 0.4209773140625 0.2060546875 0.41706730781249995 0.2060546875 0.41185396562500004
0 0.2275390625 0.3023737984375 0.232421875 0.295857121875 0.2255859375 0.2867337734375 0.2177734375 0.2867337734375 0.197265625 0.303677134375 0.1982421875 0.3075871390625 0.203125 0.30628380312500003 0.2099609375 0.30498046875 0.2197265625 0.2945537859375 0.2236328125 0.2945537859375 0.2275390625 0.3023737984375
0 0.3212890625 0.3753605765625 0.326171875 0.374057240625 0.328125 0.363630559375 0.3232421875 0.3571138828125 0.314453125 0.3610238890625 0.3212890625 0.3753605765625
0 0.3017578125 0.344080528125 0.296875 0.35059720625 0.298828125 0.37666391250000003 0.3125 0.3792705828125 0.3115234375 0.37275390625 0.3056640625 0.37275390625 0.302734375 0.3688439 0.3017578125 0.344080528125
0 0.3779296875 0.3023737984375 0.3828125 0.30107046249999997 0.3779296875 0.2867337734375 0.37109375 0.288037109375 0.376953125 0.29325045156249996 0.3779296875 0.3023737984375
0 0.3759765625 0.3545072109375 0.37890625 0.35320387656249996 0.3740234375 0.325833834375 0.37109375 0.3323505109375 0.373046875 0.35059720625 0.3759765625 0.3545072109375
0 0.4111328125 0.3232271640625 0.408203125 0.32453049843750004 0.4111328125 0.333653846875 0.41796875 0.33495718124999996 0.4287109375 0.333653846875 0.4296875 0.329743840625 0.4130859375 0.32844050468749997 0.4111328125 0.3232271640625
0 0.404296875 0.23590369687499999 0.3984375 0.24111703750000002 0.3994140625 0.24502704375 0.41015625 0.2437237078125 0.4140625 0.238510365625 0.4111328125 0.22938701875 0.4052734375 0.22938701875 0.404296875 0.23590369687499999
0 0.44921875 0.2854304390625 0.4462890625 0.284127103125 0.4443359375 0.28934044375 0.4365234375 0.2867337734375 0.4228515625 0.28934044375 0.4140625 0.28282376875000004 0.4296875 0.26718374375 0.431640625 0.261970403125 0.4296875 0.254150390625 0.4326171875 0.2476337140625 0.435546875 0.24893704843750003 0.43359375 0.254150390625 0.4365234375 0.25806039687500004 0.44140625 0.2567570609375 0.439453125 0.2515437203125 0.447265625 0.24111703750000002 0.44921875 0.21765700156249998 0.462890625 0.2020169765625 0.4619140625 0.19810697187499998 0.4521484375 0.20071364218749999 0.4462890625 0.208533653125 0.4306640625 0.20071364218749999 0.423828125 0.20983698906249998 0.4267578125 0.21374699531250002 0.4326171875 0.208533653125 0.443359375 0.21765700156249998 0.443359375 0.238510365625 0.4404296875 0.24242037343749998 0.4306640625 0.2398137015625 0.42578125 0.246330378125 0.42578125 0.261970403125 0.4169921875 0.268487078125 0.4091796875 0.2815204328125 0.404296875 0.28282376875000004 0.4208984375 0.29194711562500003 0.4248046875 0.29976712656250004 0.427734375 0.2984637921875 0.4306640625 0.29194711562500003 0.4423828125 0.29716045625 0.447265625 0.29325045156249996 0.44921875 0.2854304390625
0 0.130859375 0.7833045375000001 0.1279296875 0.77939453125 0.123046875 0.780697865625 0.1259765625 0.7846078734375 0.130859375 0.7833045375000001
0 0.2333984375 0.9331881015624999 0.2255859375 0.9384014421875 0.2041015625 0.9384014421875 0.19921875 0.9423114484375 0.2001953125 0.948828125 0.224609375 0.9501314609374999 0.2314453125 0.943614784375 0.2392578125 0.946221453125 0.2421875 0.9423114484375 0.2333984375 0.9331881015624999
0 0.24609375 0.89278470625 0.2412109375 0.909728065625 0.2353515625 0.9045147234375 0.23046875 0.9110314 0.232421875 0.9136380718750001 0.23046875 0.9240647531249999 0.236328125 0.9292780953124999 0.248046875 0.9162447406249999 0.2548828125 0.886268028125 0.2509765625 0.886268028125 0.24609375 0.89278470625
0 0.5068359375 0.894088040625 0.5185546875 0.873234675 0.5087890625 0.8758413468749999 0.5029296875 0.886268028125 0.490234375 0.8953913765625 0.484375 0.9214580828125 0.484375 0.931884765625 0.48828125 0.93709810625 0.48828125 0.9240647531249999 0.498046875 0.9110314 0.5 0.897998046875 0.5068359375 0.894088040625
0 0.4736328125 0.8575946515625 0.4892578125 0.8575946515625 0.4990234375 0.868021334375 0.509765625 0.8667179984375 0.4912109375 0.8497746390625001 0.4755859375 0.8497746390625001 0.470703125 0.8536846453125 0.4736328125 0.8575946515625
0 0.5966796875 0.70380108125 0.59375 0.7077110875 0.59765625 0.712924428125 0.591796875 0.720744440625 0.5966796875 0.732474459375 0.603515625 0.7311711234375 0.599609375 0.7233511109374999 0.60546875 0.7155311 0.60546875 0.7051044171874999 0.5966796875 0.70380108125
0 0.7177734375 0.64384765625 0.7041015625 0.6464543265625 0.7001953125 0.6412409859375 0.6923828125 0.6412409859375 0.68359375 0.660791015625 0.689453125 0.660791015625 0.6943359375 0.6490609984375 0.7099609375 0.6542743390625 0.720703125 0.6477576625 0.7177734375 0.64384765625
0 0.6923828125 0.71162109375 0.689453125 0.7155311 0.7001953125 0.7272611171875 0.705078125 0.7259577828125 0.712890625 0.720744440625 0.7099609375 0.7142277640625 0.6982421875 0.716834434375 0.6923828125 0.71162109375
0 0.7119140625 0.6855543859375001 0.7060546875 0.6855543859375001 0.69921875 0.6920710640625 0.7080078125 0.690767728125 0.7158203125 0.70380108125 0.724609375 0.702497746875 0.73046875 0.6972844046875 0.7294921875 0.6933743984375 0.7197265625 0.6985877406250001 0.7119140625 0.6855543859375001
0 0.8076171875 0.7559344953125 0.8154296875 0.750721153125 0.8232421875 0.7559344953125 0.8388671875 0.7533278250000001 0.8447265625 0.7611478359375 0.849609375 0.7598445015624999 0.8408203125 0.7455078125 0.8134765625 0.7429011421875 0.806640625 0.7520244890625001 0.8076171875 0.7559344953125
0 0.921875 0.6503643328125001 0.9228515625 0.6542743390625 0.958984375 0.652971003125 0.9560546875 0.6490609984375 0.9443359375 0.6490609984375 0.9365234375 0.64384765625 0.921875 0.6503643328125001
0 0.91015625 0.4731107265625 0.9208984375 0.4926607578125 0.9306640625 0.4900540859375 0.943359375 0.49917743437500006 0.9345703125 0.4848407453125 0.9208984375 0.4848407453125 0.9169921875 0.4718073921875 0.91015625 0.4731107265625
0 0.8408203125 0.4587740390625 0.83984375 0.4731107265625 0.8515625 0.4887507515625 0.84765625 0.49917743437500006 0.84765625 0.506997446875 0.8515625 0.509604115625 0.85546875 0.48614408124999997 0.845703125 0.4731107265625 0.84375 0.4600773734375 0.8408203125 0.4587740390625
0 0.8779296875 0.34929387031250003 0.87109375 0.35059720625 0.880859375 0.3584172171875 0.8779296875 0.34929387031250003
0 0.8388671875 0.34929387031250003 0.84375 0.363630559375 0.84375 0.374057240625 0.853515625 0.3870905953125 0.853515625 0.3923039359375 0.857421875 0.3923039359375 0.85546875 0.381877253125 0.849609375 0.374057240625 0.84765625 0.3584172171875 0.8388671875 0.34929387031250003
0 0.849609375 0.22808368437499998 0.8583984375 0.23720703125 0.8740234375 0.23460036093749997 0.892578125 0.24111703750000002 0.8876953125 0.23199369062500003 0.8818359375 0.23199369062500003 0.8759765625 0.2267803484375 0.849609375 0.22808368437499998
0 0.763671875 0.24893704843750003 0.765625 0.25936373125 0.7724609375 0.268487078125 0.78125 0.26718374375 0.7802734375 0.2632737390625 0.76953125 0.2567570609375 0.7685546875 0.24502704375 0.763671875 0.24893704843750003
0 0.7412109375 0.276307090625 0.734375 0.2776104265625 0.7490234375 0.29716045625 0.7607421875 0.29716045625 0.765625 0.308890475 0.767578125 0.2984637921875 0.7646484375 0.29194711562500003 0.7509765625 0.28934044375 0.7412109375 0.276307090625
0 0.533203125 0.329743840625 0.5361328125 0.3362605171875 0.5478515625 0.333653846875 0.5556640625 0.3414738578125 0.560546875 0.3401705234375 0.568359375 0.33495718124999996 0.5556640625 0.333653846875 0.5458984375 0.325833834375 0.533203125 0.329743840625
0 0.4453125 0.37145057187499997 0.455078125 0.3792705828125 0.45703125 0.39491060624999996 0.455078125 0.4079439609375 0.458984375 0.4079439609375 0.4609375 0.3792705828125 0.4560546875 0.3701472359375 0.4462890625 0.36754056562500004 0.4453125 0.37145057187499997
0 0.521484375 0.41576397187499997 0.5166015625 0.4222806484375 0.509765625 0.4261906546875 0.5107421875 0.43010066093750005 0.513671875 0.4287973265625 0.525390625 0.423583984375 0.5263671875 0.406640625 0.521484375 0.41055063125 0.521484375 0.41576397187499997
0 0.3818359375 0.44052734375 0.3740234375 0.45095402656249994 0.369140625 0.45225736093749996 0.3720703125 0.4561673671875 0.3779296875 0.4561673671875 0.3857421875 0.44834735625000005 0.3935546875 0.4561673671875 0.40234375 0.4548640328125 0.4033203125 0.44574068437500003 0.3935546875 0.44834735625000005 0.3896484375 0.44052734375 0.3818359375 0.44052734375
0 0.3994140625 0.4900540859375 0.3857421875 0.4848407453125 0.37890625 0.504390775 0.37890625 0.5148174578125 0.380859375 0.5148174578125 0.3876953125 0.495267428125 0.4033203125 0.4978740984375 0.40625 0.4887507515625 0.3994140625 0.4900540859375
0 0.419921875 0.55391751875 0.4140625 0.5487041765625 0.4130859375 0.539580828125 0.408203125 0.54609750625 0.408203125 0.551310846875 0.416015625 0.5643442015625 0.416015625 0.577377553125 0.42578125 0.5851975656249999 0.427734375 0.5825908953125001 0.421875 0.5721642124999999 0.423828125 0.5643442015625 0.419921875 0.55391751875
0 0.51171875 0.7702711843750001 0.517578125 0.7859112078125 0.5244140625 0.79503455625 0.53125 0.796337890625 0.517578125 0.7676645140625 0.51953125 0.75723783125 0.5166015625 0.7559344953125 0.51171875 0.7702711843750001
0 0.662109375 0.8667179984375 0.6591796875 0.8628079921875 0.6474609375 0.8575946515625 0.642578125 0.8588979859375 0.658203125 0.8745380109375 0.658203125 0.890178034375 0.6630859375 0.8966947109375001 0.681640625 0.905818059375 0.681640625 0.897998046875 0.6787109375 0.894088040625 0.6640625 0.88496469375 0.662109375 0.8667179984375
0 0.6728515625 0.8028545671874999 0.662109375 0.8145845859374999 0.6630859375 0.8184945906250001 0.66796875 0.8171912562499999 0.6767578125 0.810674578125 0.6884765625 0.808067909375 0.689453125 0.80155123125 0.6728515625 0.8028545671874999
0 0.65625 0.7676645140625 0.658203125 0.7546311593749999 0.666015625 0.7442044765625 0.6669921875 0.7220477765625 0.6640625 0.7259577828125 0.6640625 0.736384465625 0.65234375 0.7546311593749999 0.65234375 0.7650578421875001 0.630859375 0.7833045375000001 0.626953125 0.8067645734375001 0.6328125 0.8067645734375001 0.63671875 0.7833045375000001 0.6435546875 0.7846078734375 0.64453125 0.778091196875 0.65625 0.7676645140625
0 0.6494140625 0.6125676078125 0.64453125 0.619084284375 0.64453125 0.645150990625 0.646484375 0.6581843453125 0.6484375 0.6581843453125 0.650390625 0.6555776734375 0.6484375 0.63993765 0.65234375 0.6321176390625001 0.6494140625 0.6125676078125
0 0.5888671875 0.4900540859375 0.5849609375 0.4900540859375 0.5751953125 0.5056941109374999 0.564453125 0.5122107875 0.5654296875 0.5161207937500001 0.572265625 0.5148174578125 0.583984375 0.5017841046875 0.5849609375 0.495267428125 0.58984375 0.49396409218750004 0.5888671875 0.4900540859375
0 0.55078125 0.5487041765625 0.5439453125 0.547400840625 0.5361328125 0.563040865625 0.5302734375 0.563040865625 0.52734375 0.566950871875 0.5302734375 0.5708608765625 0.533203125 0.5695575421875 0.5419921875 0.5656475359375001 0.544921875 0.5617375296875 0.544921875 0.55391751875 0.55078125 0.5487041765625
0 0.5068359375 0.682947715625 0.4990234375 0.677734375 0.48828125 0.6972844046875 0.48828125 0.7077110875 0.5009765625 0.690767728125 0.5 0.710317759375 0.505859375 0.720744440625 0.50390625 0.702497746875 0.5078125 0.68946439375 0.513671875 0.68164438125 0.5068359375 0.682947715625
0 0.4091796875 0.682947715625 0.4033203125 0.6855543859375001 0.39453125 0.6764310390625 0.396484375 0.6686110281250001 0.3916015625 0.6673076921875001 0.38671875 0.6790377109375 0.3916015625 0.6855543859375001 0.40234375 0.68946439375 0.4111328125 0.6881610578124999 0.4140625 0.6790377109375 0.4111328125 0.677734375 0.4091796875 0.682947715625
0 0.3681640625 0.716834434375 0.36328125 0.7181377703125 0.3720703125 0.7376878 0.390625 0.7442044765625 0.3916015625 0.7376878 0.3798828125 0.7298677890625 0.3740234375 0.7298677890625 0.3681640625 0.716834434375
0 0.2451171875 0.5109074515625001 0.2392578125 0.5109074515625001 0.2373046875 0.5056941109374999 0.232421875 0.506997446875 0.2392578125 0.5187274640624999 0.24609375 0.5174241281249999 0.25390625 0.5122107875 0.255859375 0.506997446875 0.2529296875 0.503087440625 0.2451171875 0.5109074515625001
0 0.1171875 0.504390775 0.1220703125 0.5109074515625001 0.130859375 0.509604115625 0.1181640625 0.4926607578125 0.111328125 0.49396409218750004 0.1171875 0.49917743437500006 0.1171875 0.504390775
0 0.1279296875 0.46659405 0.1240234375 0.46659405 0.1181640625 0.4587740390625 0.1123046875 0.4587740390625 0.111328125 0.46268404375000005 0.1171875 0.46789738593749997 0.1171875 0.47832406875 0.1240234375 0.4848407453125 0.1298828125 0.48223407500000004 0.1337890625 0.4848407453125 0.13671875 0.4887507515625 0.134765625 0.5017841046875 0.138671875 0.5017841046875 0.14453125 0.491357421875 0.142578125 0.48093073906250006 0.1337890625 0.4770207328125 0.1279296875 0.46659405
0 0.2470703125 0.7533278250000001 0.2431640625 0.7533278250000001 0.240234375 0.75723783125 0.248046875 0.762451171875 0.248046875 0.7728778546874999 0.25390625 0.7833045375000001 0.251953125 0.7911245484375 0.25390625 0.796337890625 0.259765625 0.7833045375000001 0.25390625 0.7728778546874999 0.251953125 0.7598445015624999 0.2470703125 0.7533278250000001
0 0.2880859375 0.622994290625 0.279296875 0.6112642734375 0.279296875 0.60605093125 0.2705078125 0.596927584375 0.2607421875 0.5943209140625 0.2529296875 0.596927584375 0.2470703125 0.5917142421875 0.2412109375 0.5917142421875 0.23828125 0.5956242484375001 0.2529296875 0.6021409249999999 0.2568359375 0.5995342546875 0.2578125 0.6164776140625 0.2626953125 0.622994290625 0.2705078125 0.6099609375 0.2822265625 0.6282076328125 0.30078125 0.6295109671875 0.30859375 0.619084284375 0.3076171875 0.615174278125 0.2998046875 0.622994290625 0.2880859375 0.622994290625
0 0.658203125 0.43140399687500003 0.6630859375 0.43792067343749996 0.677734375 0.4366173375 0.6796875 0.4209773140625 0.6728515625 0.41185396562500004 0.65625 0.4131573015625 0.658203125 0.43140399687500003
0 0.7587890625 0.503087440625 0.759765625 0.49917743437500006 0.7470703125 0.495267428125 0.724609375 0.5200307984375 0.7255859375 0.52394080625 0.73046875 0.5226374703125 0.7373046875 0.5135141234375 0.7412109375 0.5135141234375 0.7509765625 0.503087440625 0.7587890625 0.503087440625
0 0.9287109375 0.21374699531250002 0.931640625 0.22808368437499998 0.94140625 0.23590369687499999 0.939453125 0.246330378125 0.943359375 0.246330378125 0.947265625 0.24111703750000002 0.9453125 0.23069035468750002 0.9345703125 0.22417367812500003 0.9287109375 0.21374699531250002
0 0.736328125 0.47050405624999997 0.7353515625 0.46659405 0.728515625 0.465290715625 0.7314453125 0.4718073921875 0.736328125 0.47050405624999997
0 0.74609375 0.37145057187499997 0.7412109375 0.3701472359375 0.728515625 0.381877253125 0.728515625 0.389697265625 0.7470703125 0.406640625 0.751953125 0.4131573015625 0.75 0.4209773140625 0.75390625 0.4209773140625 0.755859375 0.4131573015625 0.751953125 0.40273061875 0.736328125 0.3870905953125 0.74609375 0.37145057187499997
0 0.5732421875 0.8393479562499999 0.5673828125 0.8341346156249999 0.552734375 0.8406512921875 0.5556640625 0.8445612984374999 0.5654296875 0.8419546265625 0.5732421875 0.8497746390625001 0.580078125 0.848471303125 0.5888671875 0.84716796875 0.58984375 0.8432579625000001 0.5869140625 0.8393479562499999 0.5732421875 0.8393479562499999
0 0.3154296875 0.886268028125 0.3271484375 0.8914813703125001 0.328125 0.8875713640624999 0.3212890625 0.8784480171875 0.3076171875 0.8810546875 0.306640625 0.8745380109375 0.2998046875 0.8654146640624999 0.2958984375 0.8654146640624999 0.28125 0.890178034375 0.28125 0.897998046875 0.28515625 0.897998046875 0.2978515625 0.8810546875 0.3056640625 0.8914813703125001 0.3115234375 0.8914813703125001 0.3154296875 0.886268028125
0 0.771484375 0.5904109078124999 0.78125 0.5851975656249999 0.7763671875 0.581287559375 0.7666015625 0.5838942312500001 0.763671875 0.5878042359375 0.7646484375 0.5917142421875 0.740234375 0.6034442609374999 0.7431640625 0.6073542671875 0.755859375 0.6086576015625 0.7626953125 0.6021409249999999 0.7783203125 0.5995342546875 0.779296875 0.5956242484375001 0.771484375 0.5904109078124999