0 0.6634584875 0.3442224859375 0.6811418 0.350559421875 0.6855642671875 0.3481135421875 0.69125123125 0.3426659171875 0.69756716875 0.343777646875 0.6975688078125 0.33974753281250003 0.6912545078125001 0.33460568749999997 0.67924996875 0.3429716984375 0.6697777 0.33727398750000004 0.661565015625 0.340664875 0.6634584875 0.3442224859375
0 0.4497271734375 0.9280895765625001 0.45414144843750004 0.9457942656249999 0.45793166718749995 0.9448492578125001 0.4547753359375 0.940263278125 0.4541480015625 0.9296738093749999 0.46615582031249997 0.9132475734375 0.46426398750000003 0.9056598484375 0.4680591203125 0.8926244984375 0.46237379375 0.8940420093749999 0.4611043796875 0.909134096875 0.4497271734375 0.9280895765625001
0 0.0808902015625 0.82931156875 0.08278367187499999 0.832869178125 0.0853110296875 0.8308958015625001 0.0954237390625 0.81494206875 0.0960576265625 0.8094110828125001 0.0891143546875 0.797709884375 0.09101437812499999 0.7851470375 0.08532905156250001 0.7865645484375 0.0834323046875 0.7910671671875 0.0891078015625 0.8138303390624999 0.0808902015625 0.82931156875
0 0.11577367031250001 0.47674594062500003 0.11766714062500001 0.480303553125 0.1201944984375 0.4783301765625 0.12335574375 0.47082581250000005 0.139147225 0.469575025 0.1467342140625 0.45156455468749995 0.1524211796875 0.4461169296875 0.14484238124999999 0.4439768296875 0.135360284375 0.46245980312499996 0.119568803125 0.46371059218750005 0.11577367031250001 0.47674594062500003
0 0.1713493296875 0.49781348750000004 0.1808183203125 0.511571425 0.18460853906250002 0.5106264171875 0.1833522328125 0.4934775921875 0.1959873828125 0.4876408234375 0.1991486296875 0.48013646249999997 0.196627825 0.4659893828125 0.19156983125 0.4779963625 0.1776701828125 0.4868348765625 0.1764024078125 0.4978968484375 0.1713493296875 0.49781348750000004
0 0.21997516562500002 0.5233002890625 0.2218669984375 0.5308880125 0.22944743281250002 0.5289979984375 0.2382923671875 0.5241062390625 0.22313641093749997 0.5157959265625001 0.21997516562500002 0.5233002890625
0 0.2371048703125 0.3376926265625 0.235208125 0.3421952453125 0.238361178125 0.35484145312500004 0.23583218125 0.3608449421875 0.23709176406250002 0.3699335390625 0.2231953921875 0.37071182343750003 0.21751334218750001 0.36406910625 0.2194035359375 0.3756869453125 0.223192115625 0.3787720515625 0.2351933796875 0.3784662703125 0.246557478125 0.3917517046875 0.2598216015625 0.3924742921875 0.2440366734375 0.37760462499999997 0.2408836203125 0.3649584171875 0.244043228125 0.3614841703125 0.248459140625 0.37515874375 0.2509864984375 0.3731853671875 0.2503591640625 0.3625958984375 0.2421513953125 0.35389644531250003 0.2371048703125 0.3376926265625
0 0.31036712187500004 0.35703688125 0.316684696875 0.354118496875 0.31858144374999997 0.3496158796875 0.3305827078125 0.34931009999999996 0.33247945625 0.34480748125 0.324900659375 0.34266738281250003 0.3154251140625 0.3450299 0.3128961171875 0.351033390625 0.3040528234375 0.3518950375 0.31036712187500004 0.35703688125
0 0.4391345828125 0.5707435828125 0.44229582812499996 0.5632392187499999 0.45177137343749996 0.5608767 0.45493261875 0.5533723375 0.4416684953125 0.5526497499999999 0.43661050156250003 0.5646567296875 0.4283978171875 0.5680476171875 0.4347121171875 0.5731894609375 0.4391345828125 0.5707435828125
0 0.551540571875 0.6340576125 0.5528017937499999 0.6391160953125 0.552158075 0.6688277640625 0.546469471875 0.6783055046875 0.548991915625 0.6884224703124999 0.5546772421874999 0.6870049593750001 0.5515209125 0.6824189796875 0.557209515625 0.6729412406249999 0.5559581234375 0.6437020734375001 0.5584871203125 0.637698584375 0.552174459375 0.628526625 0.5464907718750001 0.625914021875 0.5445940234375 0.630416640625 0.551540571875 0.6340576125
0 0.711294790625 0.7581011 0.7087723484375 0.747984134375 0.6993017187499999 0.7382563125 0.684144125 0.7339761140625 0.6790877703125 0.7419529812500001 0.684137571875 0.7500965703125 0.6866665671875001 0.7440930796874999 0.7011935515625 0.7458440375000001 0.711294790625 0.7581011
0 0.847062865625 0.8424550109375 0.8489546984375 0.8500427359374999 0.852744915625 0.8490977296875 0.8514836953125 0.844039246875 0.8578061859374999 0.8290305218749999 0.8527613 0.808796590625 0.8565564328124999 0.795761240625 0.8527662140625001 0.796706246875 0.8477065843749999 0.8127433421875001 0.8527547453125001 0.8249170453125 0.847062865625 0.8424550109375
0 0.9607415453125 0.8826167281249999 0.956319078125 0.88506260625 0.9582125484375 0.8886202171875001 0.9664252328125 0.88522933125 0.9708493375 0.8787533375000001 0.9727493624999999 0.8661904921874999 0.9872730687500001 0.8760016765625 0.989169815625 0.8714990578125 0.9746477468749999 0.8576577593750001 0.9670673125 0.8595477734375001 0.9651672874999999 0.8721106203125 0.9607415453125 0.8826167281249999
0 0.808674253125 0.494725815625 0.8118305843750001 0.49931179531250003 0.8175224640625001 0.48177382812499997 0.8137355234375001 0.47465860624999995 0.80426325625 0.4689608984375 0.8017424515625 0.45481381875000004 0.7992118171875 0.46484742187499994 0.8011036484374999 0.472435146875 0.8105759156250001 0.47813285624999996 0.808674253125 0.494725815625
0 0.6913200421875 0.17340112968750002 0.681207334375 0.1893548640625 0.6742591484375 0.1897440046875 0.6786783375 0.195358353125 0.6862587734375001 0.1934683375 0.6919473765624999 0.1839905984375 0.7071049703125001 0.18827079687499998 0.7115274375 0.1858249171875 0.7172176796875 0.1723170640625 0.7298528296875 0.1664802984375 0.73048835625 0.156919196875 0.7273303875 0.15636333125 0.7266965 0.1618943171875 0.715325846875 0.164729340625 0.7083727453125 0.177208825 0.6913200421875 0.17340112968750002
0 0.5529017328125 0.39327914375 0.56048216875 0.3913891296875 0.564270746875 0.394474234375 0.5693156328125 0.414708165625 0.5712107421875 0.4142356625 0.5724785171875 0.4031736890625 0.5636434140625 0.3838847640625 0.56870140625 0.37187778437499996 0.5586001671874999 0.35962072031250003 0.5604903593749999 0.37123855781250004 0.5566952281249999 0.38427390781250004 0.5459568234375001 0.38560805625 0.5529017328125 0.39327914375
0 0.5149848109375 0.4390002421875 0.5156121453125 0.4495897125 0.509920265625 0.46712767812499995 0.51307331875 0.47977388593750003 0.507384715625 0.48925162499999997 0.51496515 0.487361609375 0.51938925625 0.4808856171875 0.5168668125 0.47076865156250003 0.523189303125 0.4557599234375 0.52319585625 0.43963946875 0.5295150703125 0.4326909703125 0.5288860984375 0.426131615625 0.520041165625 0.4310233765625 0.5149848109375 0.4390002421875
0 0.49728839062499997 0.46490421875 0.49412550624999996 0.47643869531250005 0.49664795 0.4865556609375 0.506750828125 0.4947826125 0.49981083281250005 0.47502118437499996 0.503604328125 0.4660159484375 0.5017124953125001 0.4584282234375 0.49224186718749996 0.44870040156249996 0.4884516484375 0.44964540937499997 0.48845001093749996 0.453675521875 0.49602716874999997 0.459845734375 0.49728839062499997 0.46490421875
0 0.4796591421875 0.325573521875 0.4935489609375 0.3409156921875 0.504287365625 0.33958154218750003 0.5055518640625001 0.33657979843749997 0.5017632843750001 0.333494690625 0.49607795781249997 0.3349122015625 0.492289378125 0.3318270953125 0.48408324687500004 0.3190975265625 0.4695546265625 0.321376684375 0.471448096875 0.3249342953125 0.4796591421875 0.325573521875
0 0.37796698281249996 0.32137705 0.3760702359375 0.32587966874999996 0.3773281796875 0.338998378125 0.38301350625 0.3375808671875 0.3830167828125 0.3295206390625 0.39059885781250003 0.32360051093750003 0.39312949218750004 0.31356690781249996 0.3918731859375 0.29641808125 0.3880829671875 0.2973630890625 0.38492172343750003 0.304867453125 0.383652309375 0.31995953906249996 0.37796698281249996 0.32137705
0 0.38367852343750003 0.255477715625 0.3761013640625 0.249307503125 0.3704144 0.254755128125 0.3723078703125 0.2583127390625 0.39314915156249997 0.2652055390625 0.39188956875000003 0.2561169421875 0.38367852343750003 0.255477715625
0 0.4011635953125 0.7494584421875 0.3992717640625 0.74187071875 0.3872737765625 0.734116271875 0.387277053125 0.72605604375 0.38411908437500003 0.725500178125 0.3809578390625 0.733004540625 0.38284967187499996 0.7405922656249999 0.39674112968749997 0.7519043234375 0.4011635953125 0.7494584421875
0 0.4024788828125 0.621523165625 0.40058213593750003 0.62602578125 0.4075286828125 0.629666753125 0.40752540625 0.6377269828125 0.4119462359375 0.639311215625 0.410688290625 0.6261925046875 0.4024788828125 0.621523165625
0 0.3190859015625 0.6624638968750001 0.3273018640625 0.6510127828125001 0.33298719062500004 0.649595271875 0.332988828125 0.6455651578125 0.3222504234375 0.64689930625 0.3165618203125 0.6563770453125 0.30771852499999996 0.6572386906250001 0.31655854375 0.664437271875 0.3190859015625 0.6624638968750001
0 0.275518059375 0.6249701156249999 0.2793066375 0.6280552203124999 0.281833996875 0.6260818453125 0.2856258515625 0.6211067234375001 0.2969965046875 0.6182717015625 0.29699814375 0.6142415875 0.28941934687500004 0.6121014875 0.2837340203125 0.6135189984375 0.27930991562499996 0.61999499375 0.2748890859375 0.6184107578125 0.275518059375 0.6249701156249999
0 0.8536081734375 0.2793507875 0.8472987890624999 0.2621186015625 0.8523567812499999 0.2501116203125 0.8504649499999999 0.24252389531250002 0.8403604328125001 0.23832705937499998 0.8466714546875 0.25152913125 0.8428779609375001 0.2605343671875 0.845400403125 0.2706513328125 0.8536081734375 0.2793507875
0 0.7437344578125 0.2019730375 0.7475213984375 0.209088259375 0.763938575 0.222457053125 0.766465934375 0.220483678125 0.7626789921875 0.2133684578125 0.7500503953125001 0.20308476875 0.745005509375 0.1828508375 0.7386912109375 0.17770899375 0.7304801640624999 0.1770697671875 0.730478525 0.18109987968750002 0.7418459015625001 0.1863250859375 0.7437344578125 0.2019730375
0 0.752482728125 0.434858003125 0.7417459625 0.4321620390625 0.7240528187499999 0.45000578593749996 0.695624546875 0.4611234546875 0.6981486296875 0.46721030781249995 0.7063613140625 0.4638194203125 0.71015316875 0.45884429843749996 0.7259446515625 0.4575935109375 0.7436377937499999 0.4397497625 0.7619549953125 0.4405557125 0.7707999296875 0.435663953125 0.7708015671874999 0.43163383906249997 0.7651178796875 0.4290212359375 0.752482728125 0.434858003125
0 0.89645038125 0.5480619390625 0.9147626671875001 0.56095823125 0.92676393125 0.56065245 0.9381313078125 0.56587765625 0.9425537734375 0.563431775 0.9248720984375 0.553064725 0.9078193953125 0.5492570296875 0.8989793765625 0.5420584484375001 0.8970875453125 0.5344707234375 0.8907732453125 0.5293288796875 0.8844556703125 0.5322472640625 0.8939279375 0.5379449734375 0.89645038125 0.5480619390625