0 0.3061680859375 0.2061646375 0.311232484375 0.20385260624999998 0.304391075 0.19943626875 0.305356478125 0.175874028125 0.30138787499999997 0.17517259375 0.2976917578125 0.1783678921875 0.2985092171875 0.190058096875 0.2938535484375 0.1982152296875 0.3008312015625 0.20457993437500002 0.3061680859375 0.2061646375
0 0.32524045 0.04917836875 0.323735925 0.046346734375 0.31073432031250003 0.047255895312500004 0.29992430625 0.042138121875000004 0.2703612234375 0.049100109375 0.2798029546875 0.053334615625000005 0.2978689578125 0.050113421874999994 0.30594240625 0.0534646609375 0.3189440125 0.0525555 0.32524045 0.04917836875
0 0.5217573437499999 0.07557340312500001 0.511492303125 0.0782490984375 0.500403953125 0.0878349953125 0.5045088 0.0904847984375 0.5197019953125 0.083548703125 0.5306482515625001 0.09061484375 0.5357126515624999 0.08830281250000001 0.5217573437499999 0.07557340312500001
0 0.523226765625 0.19000746875000002 0.53773289375 0.19192994375 0.5400607281250001 0.1878513765625 0.5348600875 0.188215040625 0.52665039375 0.18291543593749998 0.5188494312499999 0.18346093125000001 0.5126892375 0.18878642968749998 0.5254125046875 0.202580940625 0.5292448640625 0.201334009375 0.5289723765625001 0.1974372734375 0.523226765625 0.19000746875000002
0 0.3361106453125 0.298049778125 0.34144752968750003 0.29963448125 0.34391160625 0.29750428125 0.34103880000000003 0.2937893796875 0.330637515625 0.2945167078125 0.32324528125 0.30090730625 0.31517183437499996 0.2975560671875 0.30613883125 0.29916666406250003 0.321053690625 0.306934240625 0.3262543328125 0.30657057499999996 0.3361106453125 0.298049778125
0 0.264765225 0.43617555 0.2803671515625 0.4350845578125 0.280230909375 0.433136190625 0.26982962499999996 0.43386351875000007 0.2629882140625 0.42944718125000003 0.262579484375 0.42360207968749997 0.2675076421875 0.41934167968749997 0.2657306296875 0.4126133109375 0.2572426015625 0.4220173765625 0.2551872515625 0.4299926765625 0.264765225 0.43617555
0 0.2145299671875 0.46514096718750003 0.20618403125 0.4578929953125 0.202487915625 0.46108829374999993 0.21617073437499998 0.46992097031249996 0.2153474265625 0.47683117187499996 0.2241079421875 0.47132384062500005 0.22246717343750003 0.46654383906249997 0.2145299671875 0.46514096718750003
0 0.20109037968750001 0.553207053125 0.22845602031249998 0.5708724046875 0.2331058390625 0.5813156765625 0.23666571250000001 0.576172009375 0.2348887 0.5694436406250001 0.20478649531249998 0.5500117546875 0.20109037968750001 0.553207053125
0 0.2692612484375 0.5004716703125001 0.253795565625 0.50351103125 0.24243472968750002 0.50920019375 0.2880084671875 0.5069923140625 0.287872225 0.505043946875 0.27966253281250003 0.4997443421875 0.2692612484375 0.5004716703125001
0 0.29007551875000004 0.461816203125 0.28980303281249997 0.45791946875 0.27926550625 0.45669842968749996 0.271737028125 0.4611406609375 0.2611995015625 0.459919621875 0.26010370625 0.46293308906249997 0.266945115625 0.4673494265625 0.274746078125 0.46680392968750006 0.279674234375 0.46254353125 0.29007551875000004 0.461816203125
0 0.36056252031249997 0.4422030640625 0.358921753125 0.4374230625 0.353448625 0.4338899921875 0.3456476625 0.43443548749999994 0.3189573859375 0.445112378125 0.3386641578125 0.44667118749999996 0.3460563921875 0.4402805890625 0.3512570328125 0.439916925 0.35686640468749997 0.44539836250000003 0.36056252031249997 0.4422030640625
0 0.3453634734375 0.4677395640625 0.34522722968749997 0.465791196875 0.3360579859375 0.46545342500000003 0.3330489359375 0.45979015624999997 0.335104284375 0.45181485468749993 0.3285353609375 0.4512952515625 0.32483924375 0.45449054999999994 0.328257021875 0.46599892187499997 0.33236186874999996 0.468648725 0.3453634734375 0.4677395640625
0 0.48854077343749996 0.3852855421875 0.46718738125000003 0.397547134375 0.461572159375 0.41066610312499996 0.452539159375 0.4122766984375 0.46184464687500004 0.4145628375 0.4695093671875 0.41206897343750004 0.47512458906250005 0.39895000625 0.49018154062499997 0.39006554375 0.48854077343749996 0.3852855421875
0 0.4499505390625 0.3752577203125 0.43777224375 0.3692566796875 0.43667644687499996 0.372270146875 0.444886140625 0.3775697515625 0.4454311125 0.385363221875 0.4521362796875 0.3878311921875 0.45186379375 0.3839344578125 0.4499505390625 0.3752577203125
0 0.4138243828125 0.36309969999999997 0.42244865468750004 0.3556440015625 0.4208078875 0.350864 0.41547100156249994 0.349279296875 0.41177488437500004 0.3524745953125 0.4138243828125 0.36309969999999997
0 0.54891653125 0.31449525 0.543579646875 0.31291054687500003 0.5427563359375001 0.3198207484375 0.5275631390625 0.32675684375 0.52947639375 0.3354335796875 0.5391964625 0.324964415625 0.5443971046875 0.32460075 0.5505573 0.31927525156250003 0.54891653125 0.31449525
0 0.567124628125 0.2946220203125 0.5708207453125 0.2914267203125 0.581358271875 0.292647759375 0.5810857859375 0.288751025 0.5757489015624999 0.287166321875 0.5628835390625 0.29002384999999997 0.5572683171875 0.3031428171875 0.54563499375 0.3049352453125 0.5419388781250001 0.3081305453125 0.5460437234375 0.310780346875 0.5590453281250001 0.3098711875 0.567124628125 0.2946220203125
0 0.618580225 0.3017923125 0.6266536734375 0.3051435515625 0.6304860328124999 0.30389661874999996 0.628981509375 0.301064984375 0.6181714953124999 0.2959472109375 0.6103705328125 0.29649270781250003 0.601610015625 0.3020000375 0.5932582296875 0.3133524703125 0.584225228125 0.3149630671875 0.598731359375 0.316885540625 0.6107792625 0.302337809375 0.618580225 0.3017923125
0 0.7156095578125 0.3067547265625 0.7024717109374999 0.30571552031250004 0.69877559375 0.30891081875 0.699320565625 0.3167042890625 0.7045212078125 0.316340625 0.704112478125 0.31049552187499996 0.7078085953125 0.3073002234375 0.71314548125 0.3088849265625 0.7156095578125 0.3067547265625
0 0.45851630312499997 0.553806075 0.4689175859375 0.553078746875 0.47904638437499997 0.5484546828125 0.48848811562499994 0.5526891890625001 0.49012888437499996 0.557469190625 0.497793603125 0.5549753281250001 0.5114764234375 0.563808003125 0.5202369390625 0.558300671875 0.5185961703124999 0.5535206703125 0.5155871203125 0.5478574 0.5109314515625 0.556014534375 0.502585515625 0.5487665609375 0.49478455312499997 0.5493120578124999 0.47603733281249994 0.5427914140625 0.4634444578125 0.5495456765625 0.45153865 0.5474413703125001 0.45851630312499997 0.553806075
0 0.46572548437499994 0.6942703515625 0.46545299843750004 0.6903736171875 0.4560112671875 0.6861391125 0.46080318125 0.6799303453125 0.4603944515625 0.67408524375 0.4480799125 0.6661358359375 0.44712035937500005 0.6710976703125 0.45286597500000003 0.678527475 0.44834654687500003 0.688632975 0.46572548437499994 0.6942703515625
0 0.41012408906250003 0.81465309375 0.4002677765625 0.8231738906249999 0.4038217984375 0.8366306296875001 0.396429565625 0.843021228125 0.3967020515625 0.8469179625000001 0.40067065468749996 0.8476193984375 0.40792664375000004 0.8392804328125001 0.42079200625 0.8364229046875 0.4229835984375 0.8303959703125001 0.420247034375 0.8286294359375 0.41518263437499997 0.8309414671875001 0.40834122500000003 0.8265251296875 0.41819753593750003 0.81800433125 0.4176525640625 0.8102108625 0.4054742671875 0.804209821875 0.395072984375 0.80493715 0.41012408906250003 0.81465309375
0 0.5738314671875 0.7268476796875001 0.5734227375 0.721002578125 0.5817745249999999 0.7096501453124999 0.5741098046875 0.7121440078125 0.5657580171875 0.723496440625 0.566166746875 0.72934154375 0.5746489265625 0.7385378828125 0.5716340265625 0.75147501875 0.5805307843749999 0.7479160546875 0.5794408390625 0.7323291171874999 0.5738314671875 0.7268476796875001
0 0.632247165625 0.79618389375 0.647712846875 0.7931445328125 0.647576603125 0.791196165625 0.6370390765625 0.7899751265625 0.6259565765625 0.78096061875 0.6156915359374999 0.783636315625 0.6077543296875 0.78223344375 0.6040582140625 0.78542874375 0.608299303125 0.7900269140625 0.6213009078125 0.789117753125 0.632247165625 0.79618389375
0 0.7121876 0.7436044500000001 0.727653284375 0.7405650890625 0.7329901671875 0.7421497921875 0.73271768125 0.7382530578125001 0.7299811171874999 0.7364865218750001 0.71711575625 0.7393440499999999 0.703432934375 0.7305113750000001 0.6982322937500001 0.7308750390625 0.692344584375 0.7400972718750001 0.69644943125 0.742747075 0.7038416640625 0.7363564765625 0.7121876 0.7436044500000001
0 0.7198347671875001 0.7969118015625 0.7177852687499999 0.786286696875 0.7072477421875 0.7850656593750001 0.70095130625 0.788442790625 0.698481375 0.8091733953125001 0.707241890625 0.8036660640625 0.70669691875 0.7958725953125 0.7103930359375 0.7926772953125 0.7160024078125 0.7981587328125 0.7198347671875001 0.7969118015625
0 0.6011444499999999 0.911916678125 0.6048405671875 0.9087213796875 0.6033360437499999 0.9058897437500001 0.5698043546875 0.912150296875 0.5662444828125001 0.9172939625 0.6011444499999999 0.911916678125
0 0.7946698484375 0.8768472265625 0.7816682421875 0.8777563875000001 0.774554346875 0.8694433140625 0.7704495 0.8667935124999999 0.766617140625 0.86804044375 0.769898678125 0.8776004484375 0.7767400875 0.8820167859374999 0.7950785781249999 0.882692328125 0.7946698484375 0.8768472265625
0 0.8275554234375001 0.7492424062499999 0.8312515406250001 0.74604710625 0.829747015625 0.7432154718749999 0.8194819734375001 0.7458911671874999 0.8057991546875 0.7370584921875001 0.797998190625 0.7376039890625 0.7821179296875 0.7533986515625 0.788550609375 0.7519698874999999 0.8034713203124999 0.741137059375 0.8171541390625 0.749969734375 0.8275554234375001 0.7492424062499999
0 0.756132271875 0.6994157578125 0.7414840484375 0.714145321875 0.7350513671875001 0.7155740859375 0.741892778125 0.7199904234375001 0.7565410015625 0.7052608593749999 0.7800801328125 0.7055727375 0.7798076468749999 0.701676003125 0.756132271875 0.6994157578125
0 0.9129923921875 0.6257944109375 0.9227124609375 0.6153252453125 0.9358503062500001 0.616364453125 0.935441578125 0.61051935 0.92996845 0.6069862796875001 0.9221674875 0.6075317765625 0.9073830203125001 0.6203129734374999 0.894381415625 0.621222134375 0.8887720437500001 0.615740696875 0.887948734375 0.6226508984375 0.8947901453125 0.6270672359375 0.9129923921875 0.6257944109375
0 0.7282450625 0.599555315625 0.7342690140625 0.59228145 0.732492003125 0.5855530812499999 0.72551435 0.579188375 0.73017001875 0.5710312421875 0.7236010953124999 0.5705116390625 0.7174408999999999 0.5758371375 0.7178496296875 0.5816822390625 0.726059321875 0.5869818453125 0.7241402156250001 0.5969055140624999 0.7282450625 0.599555315625
0 0.6509225 0.5961517125 0.6577639109375 0.60056805 0.66542863125 0.5980741859375 0.6707655140625 0.5996588890625 0.670493028125 0.5957621546875 0.6600917453124999 0.5964894828125 0.6559869 0.5938396796875 0.6606425687499999 0.585682546875 0.6596888671875 0.5720439749999999 0.655447778125 0.5674458062500001 0.6494238265625001 0.574719671875 0.6521603890625001 0.57648620625 0.6509225 0.5961517125
0 0.4952183578125 0.910513228125 0.49344134687499996 0.9037848578125001 0.45854722968750006 0.8905617375 0.45266537187500006 0.881183565625 0.44896925468750004 0.884378865625 0.452114546875 0.8919905015625 0.4697659703125 0.9015246125 0.4856403828125 0.9043303546875 0.49138599687499995 0.9117601593750001 0.4952183578125 0.910513228125
0 0.27638851875000003 0.9013416218750001 0.28665355937500003 0.8986659250000001 0.2928137546875 0.8933404265625 0.2909005 0.8846636906249999 0.2881639359375 0.8828971546875 0.283644509375 0.89300265625 0.27091539062500003 0.8978085515625001 0.261195321875 0.9082777156249999 0.2558584390625 0.9066930125000001 0.2547626421875 0.9097064796875 0.26420437343750003 0.9139409859375001 0.27638851875000003 0.9013416218750001
0 0.7863005078125 0.9440008750000001 0.786028021875 0.940104140625 0.7700173671874999 0.9353500312499999 0.759616084375 0.936077359375 0.7509918125 0.9435330578125001 0.7489364625 0.9515083593749999 0.752905065625 0.9522097953124999 0.7652254546874999 0.941558796875 0.778499546875 0.944546371875 0.7863005078125 0.9440008750000001
0 0.9626007640625 0.8494411984375001 0.9686247171875 0.8421673328124999 0.9652069375 0.8306589609374999 0.9712308875 0.8233850953124999 0.9762952874999999 0.8210730625 0.9790318515624999 0.8228395984375 0.9851920453125 0.8175141 0.983551278125 0.812734096875 0.9656215171874999 0.8179036578125001 0.9569972453125001 0.8253593546875001 0.9580871906249999 0.8409462937500001 0.9519269937500001 0.8462717921875 0.9335885046874999 0.84559625 0.9324927093750001 0.8486097171875 0.9445347609375 0.852662390625 0.9626007640625 0.8494411984375001
0 0.9468859984375 0.774182203125 0.9507183609375 0.7729352703125 0.9486688624999999 0.7623101671875 0.942923246875 0.7548803625 0.9282808749999999 0.7510095203125 0.9263676203125 0.742332784375 0.9206161546875 0.753503384375 0.927457565625 0.757919721875 0.9393633749999999 0.7600240281249999 0.9427811546875 0.7715324 0.9468859984375 0.774182203125
0 0.8754962796875001 0.18299543437500002 0.8816564765624999 0.1776699359375 0.8738555124999999 0.17821543125 0.865503725 0.18956786406249998 0.8479826953125 0.2005825265625 0.852905 0.2149225328125 0.8593376812500001 0.21349376874999998 0.8559199015625 0.201985396875 0.8734409328125 0.1909707359375 0.8754962796875001 0.18299543437500002