0 0.1240234375 0.18507361718749998 0.12890625 0.18377028281250002 0.1328125 0.1759502703125 0.1298828125 0.1668269234375 0.12109375 0.178556940625 0.1240234375 0.18507361718749998
0 0.10546875 0.504390775 0.1015625 0.5122107875 0.1044921875 0.5161207937500001 0.107421875 0.5148174578125 0.119140625 0.49917743437500006 0.1181640625 0.495267428125 0.1142578125 0.495267428125 0.10546875 0.504390775
0 0.173828125 0.220263671875 0.1982421875 0.2398137015625 0.20703125 0.24111703750000002 0.2060546875 0.23460036093749997 0.1962890625 0.22938701875 0.1884765625 0.2189603359375 0.173828125 0.220263671875
0 0.1240234375 0.211140325 0.126953125 0.2046236484375 0.1240234375 0.20071364218749999 0.1142578125 0.20592698281250002 0.107421875 0.21505033125 0.10546875 0.22808368437499998 0.09375 0.23590369687499999 0.09765625 0.238510365625 0.1064453125 0.23720703125 0.111328125 0.23069035468750002 0.11328125 0.21765700156249998 0.1240234375 0.211140325
0 0.1064453125 0.3571138828125 0.1015625 0.3688439 0.099609375 0.389697265625 0.1025390625 0.393607271875 0.107421875 0.3923039359375 0.109375 0.37145057187499997 0.123046875 0.3610238890625 0.1220703125 0.3466872 0.1064453125 0.3571138828125
0 0.19921875 0.5017841046875 0.1982421875 0.495267428125 0.1923828125 0.4978740984375 0.1796875 0.5148174578125 0.17578125 0.5226374703125 0.17578125 0.53045748125 0.166015625 0.5408841640625 0.1689453125 0.544794171875 0.177734375 0.5434908359375 0.18359375 0.5356708234374999 0.185546875 0.5226374703125 0.1953125 0.5122107875 0.19921875 0.5017841046875
0 0.2470703125 0.211140325 0.24609375 0.21505033125 0.25 0.21765700156249998 0.2470703125 0.211140325
0 0.2548828125 0.2033203125 0.248046875 0.20723031875000003 0.25390625 0.20723031875000003 0.2548828125 0.2033203125
0 0.2333984375 0.359720553125 0.228515625 0.3662372296875 0.240234375 0.3662372296875 0.25 0.363630559375 0.2470703125 0.3571138828125 0.2431640625 0.3571138828125 0.2333984375 0.359720553125
0 0.232421875 0.28282376875000004 0.234375 0.2906437796875 0.23828125 0.2906437796875 0.236328125 0.28282376875000004 0.23828125 0.26718374375 0.2314453125 0.25284705625 0.232421875 0.28282376875000004
0 0 0.41837064375 0.001953125 0.41837064375 0.01171875 0.41055063125 0.015625 0.4001239484375 0.0146484375 0.393607271875 0 0.41055063125 0 0.41837064375
0 0.328125 0.4131573015625 0.3271484375 0.409247296875 0.3193359375 0.41185396562500004 0.31640625 0.423583984375 0.306640625 0.4366173375 0.306640625 0.44965069062499996 0.310546875 0.45225736093749996 0.310546875 0.439224009375 0.3203125 0.4287973265625 0.322265625 0.41837064375 0.328125 0.4131573015625
0 0.349609375 0.3923039359375 0.3544921875 0.40142728437499997 0.3642578125 0.406640625 0.375 0.4053372890625 0.3828125 0.397517278125 0.3740234375 0.393607271875 0.3623046875 0.3962139421875 0.349609375 0.3923039359375
0 0.298828125 0.288037109375 0.2900390625 0.29716045625 0.2822265625 0.29194711562500003 0.2783203125 0.2815204328125 0.27734375 0.29325045156249996 0.287109375 0.30107046249999997 0.28515625 0.3193171578125 0.2890625 0.321923828125 0.294921875 0.314103815625 0.29296875 0.30107046249999997 0.298828125 0.29325045156249996 0.298828125 0.288037109375
0 0.388671875 0.5617375296875 0.39453125 0.5617375296875 0.396484375 0.55391751875 0.3916015625 0.5500075109375 0.392578125 0.55391751875 0.388671875 0.5617375296875
0 0.4384765625 0.615174278125 0.44140625 0.6138709437500001 0.4375 0.59823091875 0.4345703125 0.596927584375 0.431640625 0.6034442609374999 0.4384765625 0.615174278125
0 0.4287109375 0.56043419375 0.4404296875 0.5500075109375 0.4453125 0.5643442015625 0.447265625 0.551310846875 0.4365234375 0.539580828125 0.421875 0.5565241890625 0.4287109375 0.56043419375
0 0.396484375 0.6138709437500001 0.3974609375 0.61778095 0.4072265625 0.6203876203124999 0.421875 0.619084284375 0.421875 0.6138709437500001 0.4169921875 0.6073542671875 0.3994140625 0.6099609375 0.396484375 0.6138709437500001
0 0.380859375 0.6503643328125001 0.384765625 0.66600435625 0.388671875 0.6686110281250001 0.390625 0.66600435625 0.3896484375 0.6282076328125 0.384765625 0.634724309375 0.380859375 0.6503643328125001
0 0.443359375 0.6920710640625 0.4384765625 0.6881610578124999 0.439453125 0.7077110875 0.4541015625 0.7272611171875 0.46484375 0.728564453125 0.46484375 0.7233511109374999 0.4560546875 0.716834434375 0.443359375 0.6998910765625 0.443359375 0.6920710640625
0 0.3447265625 0.6620943515625 0.34375 0.6686110281250001 0.3515625 0.6790377109375 0.349609375 0.6998910765625 0.3544921875 0.7090144234375 0.359375 0.7077110875 0.357421875 0.6998910765625 0.359375 0.6790377109375 0.3505859375 0.664701021875 0.3447265625 0.6620943515625
0 0.3134765625 0.61778095 0.32421875 0.6216909562499999 0.32421875 0.6164776140625 0.2939453125 0.5786808890625 0.291015625 0.5904109078124999 0.3134765625 0.61778095
0 0.4609375 0.702497746875 0.46484375 0.6998910765625 0.455078125 0.6998910765625 0.4560546875 0.70380108125 0.4609375 0.702497746875
0 0.55078125 0.7546311593749999 0.544921875 0.7676645140625 0.55078125 0.7676645140625 0.552734375 0.7598445015624999 0.55859375 0.7546311593749999 0.5556640625 0.750721153125 0.55078125 0.7546311593749999
0 0.57421875 0.7337777937500001 0.564453125 0.7468111484375 0.564453125 0.7520244890625001 0.5703125 0.75723783125 0.5703125 0.7468111484375 0.578125 0.736384465625 0.5771484375 0.724654446875 0.57421875 0.7337777937500001
0 0.4453125 0.778091196875 0.4482421875 0.7820012015625 0.4541015625 0.7820012015625 0.4619140625 0.792427884375 0.46875 0.7911245484375 0.4677734375 0.77939453125 0.4619140625 0.77939453125 0.4580078125 0.774181190625 0.4453125 0.778091196875
0 0.439453125 0.7051044171874999 0.447265625 0.7181377703125 0.4560546875 0.7272611171875 0.46484375 0.7259577828125 0.443359375 0.6998910765625 0.443359375 0.6920710640625 0.4384765625 0.6855543859375001 0.439453125 0.7051044171874999
0 0.5478515625 0.71944110625 0.5400390625 0.7298677890625 0.5244140625 0.7298677890625 0.521484375 0.7337777937500001 0.51953125 0.74941781875 0.525390625 0.74941781875 0.5283203125 0.7376878 0.5439453125 0.740294471875 0.552734375 0.720744440625 0.5478515625 0.71944110625
0 0.4853515625 0.792427884375 0.5 0.7702711843750001 0.4970703125 0.7611478359375 0.4794921875 0.7898212140624999 0.4736328125 0.7898212140624999 0.466796875 0.796337890625 0.46484375 0.80155123125 0.466796875 0.8145845859374999 0.46484375 0.82501126875 0.466796875 0.82501126875 0.470703125 0.8171912562499999 0.470703125 0.804157903125 0.4814453125 0.792427884375 0.4853515625 0.792427884375
0 0.6103515625 0.7976412265625 0.6171875 0.796337890625 0.6181640625 0.7898212140624999 0.6103515625 0.7898212140624999 0.607421875 0.7937312203125 0.6103515625 0.7976412265625
0 0.71875 0.8380446218750001 0.7294921875 0.8184945906250001 0.712890625 0.8354379515625 0.7138671875 0.8393479562499999 0.71875 0.8380446218750001
0 0.62109375 0.8432579625000001 0.62109375 0.848471303125 0.625 0.8510779749999999 0.625 0.845864634375 0.63671875 0.830224609375 0.6337890625 0.8237079328125001 0.62109375 0.8432579625000001
0 0.919921875 0.9970515328125 0.923828125 0.9788048375 0.9189453125 0.969681490625 0.9140625 0.9970515328125 0.919921875 0.9970515328125
0 0.892578125 0.973591496875 0.892578125 0.9814115093750001 0.8984375 0.9814115093750001 0.9052734375 0.9775015015624999 0.908203125 0.9709848265625001 0.9052734375 0.9592548078125 0.892578125 0.973591496875
0 0.767578125 0.830224609375 0.7587890625 0.8211012609375 0.755859375 0.8588979859375 0.76171875 0.8588979859375 0.763671875 0.8562913156249999 0.76171875 0.8406512921875 0.765625 0.8380446218750001 0.767578125 0.830224609375
0 0.796875 0.9344914359375001 0.794921875 0.9449181187500001 0.8017578125 0.954041465625 0.8076171875 0.948828125 0.8115234375 0.9566481359375001 0.814453125 0.9553448015624999 0.814453125 0.9449181187500001 0.8095703125 0.9384014421875 0.8037109375 0.9331881015624999 0.796875 0.9344914359375001
0 0.6494140625 0.826314603125 0.640625 0.8432579625000001 0.6533203125 0.8419546265625 0.65234375 0.845864634375 0.65625 0.848471303125 0.662109375 0.8406512921875 0.662109375 0.830224609375 0.6591796875 0.826314603125 0.6494140625 0.826314603125
0 0.8017578125 0.9566481359375001 0.798828125 0.9631648140625 0.802734375 0.9683781546875 0.8046875 0.9866248499999999 0.796875 0.9970515328125 0.810546875 0.999658203125 0.8125 0.9970515328125 0.80859375 0.9788048375 0.80859375 0.9605581437499999 0.8017578125 0.9566481359375001
0 0.6552734375 0.7715745187499999 0.65625 0.7676645140625 0.6513671875 0.7611478359375 0.6337890625 0.7611478359375 0.62890625 0.7650578421875001 0.626953125 0.7702711843750001 0.62890625 0.788517878125 0.6318359375 0.79503455625 0.634765625 0.7937312203125 0.6328125 0.7728778546874999 0.6435546875 0.7637545078125 0.6474609375 0.7715745187499999 0.6552734375 0.7715745187499999
0 0.74609375 0.88496469375 0.75 0.8797513515625001 0.7490234375 0.8628079921875 0.74609375 0.864111328125 0.74609375 0.871931340625 0.734375 0.8953913765625 0.734375 0.9032113890625 0.73828125 0.9084247296875001 0.734375 0.9162447406249999 0.734375 0.9240647531249999 0.73828125 0.9240647531249999 0.744140625 0.9110314 0.7421875 0.9006047171875 0.74609375 0.8953913765625 0.74609375 0.88496469375
0 0.5927734375 0.8184945906250001 0.5849609375 0.8237079328125001 0.583984375 0.8145845859374999 0.5751953125 0.8054612390625 0.57421875 0.8145845859374999 0.578125 0.8197979265625 0.578125 0.830224609375 0.587890625 0.8380446218750001 0.587890625 0.845864634375 0.5908203125 0.8497746390625001 0.59375 0.848471303125 0.599609375 0.8432579625000001 0.59765625 0.8328312796875 0.599609375 0.822404596875 0.5927734375 0.8184945906250001
0 0.599609375 0.9344914359375001 0.5927734375 0.9279747593750001 0.5830078125 0.9279747593750001 0.5732421875 0.9384014421875 0.5654296875 0.9384014421875 0.5546875 0.9475247890625 0.5556640625 0.951434796875 0.564453125 0.95273813125 0.5751953125 0.951434796875 0.5849609375 0.9410081140625 0.5986328125 0.9384014421875 0.599609375 0.9344914359375001
0 0.68359375 0.7833045375000001 0.6787109375 0.7767878609375 0.6591796875 0.77939453125 0.6484375 0.7911245484375 0.6513671875 0.79503455625 0.6572265625 0.78721454375 0.6611328125 0.78721454375 0.6669921875 0.79503455625 0.6689453125 0.7898212140624999 0.6748046875 0.7898212140624999 0.67578125 0.8067645734375001 0.6865234375 0.81328125 0.69140625 0.8119779140625001 0.6904296875 0.8054612390625 0.6796875 0.7989445609375 0.68359375 0.7937312203125 0.68359375 0.7833045375000001
0 0.673828125 0.9397047781250001 0.6826171875 0.9384014421875 0.6953125 0.9214580828125 0.6943359375 0.9175480765625 0.6884765625 0.9175480765625 0.6806640625 0.9253680890625 0.6669921875 0.9279747593750001 0.65234375 0.9475247890625 0.654296875 0.957951471875 0.650390625 0.965771484375 0.6513671875 0.969681490625 0.66015625 0.9605581437499999 0.66015625 0.9501314609374999 0.6630859375 0.948828125 0.6689453125 0.9566481359375001 0.6826171875 0.9618614781250001 0.6875 0.9709848265625001 0.6875 0.9553448015624999 0.6806640625 0.948828125 0.6748046875 0.948828125 0.673828125 0.9397047781250001
0 0.720703125 0.864111328125 0.7177734375 0.8628079921875 0.7119140625 0.873234675 0.6943359375 0.8706280046874999 0.6884765625 0.8758413468749999 0.689453125 0.8615046578125 0.68359375 0.8510779749999999 0.685546875 0.848471303125 0.68359375 0.8432579625000001 0.6865234375 0.8393479562499999 0.7080078125 0.8367412859375 0.708984375 0.8328312796875 0.7041015625 0.8289212734375001 0.6845703125 0.8289212734375001 0.6796875 0.82501126875 0.67578125 0.8119779140625001 0.6708984375 0.810674578125 0.66796875 0.8171912562499999 0.67578125 0.822404596875 0.67578125 0.8406512921875 0.6796875 0.845864634375 0.6796875 0.8562913156249999 0.68359375 0.864111328125 0.681640625 0.871931340625 0.6865234375 0.8836613578125 0.6953125 0.8823580234374999 0.7001953125 0.8784480171875 0.7158203125 0.8810546875 0.720703125 0.871931340625 0.720703125 0.864111328125
0 0.794921875 0.8536846453125 0.7978515625 0.8497746390625001 0.8076171875 0.852381309375 0.80859375 0.848471303125 0.7998046875 0.8393479562499999 0.7744140625 0.8445612984374999 0.76953125 0.8615046578125 0.763671875 0.86932466875 0.7666015625 0.873234675 0.7841796875 0.8575946515625 0.787109375 0.864111328125 0.7822265625 0.8654146640624999 0.78125 0.86932466875 0.7900390625 0.8758413468749999 0.7958984375 0.873234675 0.80078125 0.8875713640624999 0.806640625 0.89278470625 0.8046875 0.86932466875 0.80078125 0.8588979859375 0.7958984375 0.8575946515625 0.794921875 0.8536846453125
0 0.75 0.34277719375000004 0.7373046875 0.3232271640625 0.734375 0.32453049843750004 0.7470703125 0.344080528125 0.75 0.34277719375000004
0 0.7861328125 0.2476337140625 0.779296875 0.2567570609375 0.7802734375 0.2606670671875 0.7861328125 0.2554537265625 0.8037109375 0.25806039687500004 0.8095703125 0.265880409375 0.8125 0.26457707343750003 0.8037109375 0.25284705625 0.7939453125 0.25284705625 0.7900390625 0.2476337140625 0.7861328125 0.2476337140625
0 0.7744140625 0.318013821875 0.76171875 0.32453049843750004 0.7626953125 0.32844050468749997 0.7734375 0.32713716875 0.7861328125 0.325833834375 0.7919921875 0.3232271640625 0.79296875 0.3193171578125 0.7744140625 0.318013821875
0 0.9111328125 0.34929387031250003 0.908203125 0.35320387656249996 0.9140625 0.3610238890625 0.912109375 0.374057240625 0.90625 0.38448392343750004 0.912109375 0.38448392343750004 0.91796875 0.37666391250000003 0.919921875 0.355810546875 0.9169921875 0.34929387031250003 0.9111328125 0.34929387031250003
0 0.9443359375 0.406640625 0.9375 0.4131573015625 0.9375 0.4261906546875 0.927734375 0.4366173375 0.92578125 0.4470440203125 0.931640625 0.45225736093749996 0.931640625 0.441830678125 0.943359375 0.43140399687500003 0.94140625 0.41576397187499997 0.9443359375 0.406640625
0 0.919921875 0.46268404375000005 0.931640625 0.47050405624999997 0.931640625 0.48614408124999997 0.93359375 0.48614408124999997 0.935546875 0.465290715625 0.9150390625 0.4431340140625 0.9140625 0.44965069062499996 0.919921875 0.46268404375000005
0 0.8720703125 0.3466872 0.8662109375 0.3466872 0.861328125 0.355810546875 0.8642578125 0.36754056562500004 0.8701171875 0.3571138828125 0.8798828125 0.36754056562500004 0.888671875 0.3662372296875 0.892578125 0.363630559375 0.8916015625 0.359720553125 0.8837890625 0.359720553125 0.8720703125 0.3466872
0 0.8564453125 0.22938701875 0.8466796875 0.22938701875 0.8486328125 0.23460036093749997 0.85546875 0.238510365625 0.853515625 0.2515437203125 0.8603515625 0.2606670671875 0.8681640625 0.2632737390625 0.8720703125 0.27109375 0.875 0.2697904140625 0.873046875 0.2567570609375 0.861328125 0.24893704843750003 0.859375 0.233297025 0.8564453125 0.22938701875
0 0.6796875 0.40273061875 0.6728515625 0.393607271875 0.6669921875 0.393607271875 0.6572265625 0.409247296875 0.6533203125 0.409247296875 0.6484375 0.41576397187499997 0.650390625 0.41837064375 0.6630859375 0.41185396562500004 0.6689453125 0.40142728437499997 0.6767578125 0.406640625 0.6796875 0.40273061875
0 0.720703125 0.5122107875 0.7255859375 0.5135141234375 0.7353515625 0.5056941109374999 0.7412109375 0.5056941109374999 0.7529296875 0.5135141234375 0.7578125 0.5122107875 0.7568359375 0.50830078125 0.7412109375 0.4978740984375 0.7294921875 0.5004807687499999 0.720703125 0.5122107875
0 0.7177734375 0.44052734375 0.7041015625 0.43792067343749996 0.703125 0.44443735 0.7099609375 0.45095402656249994 0.7158203125 0.45095402656249994 0.728515625 0.4757173984375 0.73046875 0.46789738593749997 0.72265625 0.457470703125 0.72265625 0.4470440203125 0.7177734375 0.44052734375
0 0.4609375 0.2567570609375 0.4619140625 0.2606670671875 0.46484375 0.25936373125 0.47265625 0.2567570609375 0.474609375 0.2515437203125 0.4716796875 0.24502704375 0.4609375 0.2567570609375
0 0.4423828125 0.24502704375 0.453125 0.2437237078125 0.4541015625 0.2398137015625 0.4375 0.233297025 0.4375 0.238510365625 0.4423828125 0.24502704375
0 0.4853515625 0.23460036093749997 0.4814453125 0.2267803484375 0.478515625 0.23590369687499999 0.4833984375 0.24242037343749998 0.48828125 0.24111703750000002 0.4990234375 0.23460036093749997 0.5 0.23069035468750002 0.4931640625 0.22938701875 0.4853515625 0.23460036093749997
0 0.412109375 0.238510365625 0.4091796875 0.24502704375 0.3984375 0.2437237078125 0.4033203125 0.25284705625 0.40625 0.2515437203125 0.4169921875 0.24242037343749998 0.427734375 0.24111703750000002 0.4111328125 0.22938701875 0.412109375 0.238510365625
0 0.5478515625 0.23460036093749997 0.55859375 0.2437237078125 0.564453125 0.261970403125 0.564453125 0.27500375625 0.568359375 0.27500375625 0.568359375 0.25936373125 0.5625 0.24111703750000002 0.5576171875 0.23460036093749997 0.5478515625 0.23460036093749997
0 0.4150390625 0.21635366562499997 0.423828125 0.21765700156249998 0.419921875 0.212443659375 0.421875 0.20723031875000003 0.4189453125 0.2033203125 0.3984375 0.22287034218750001 0.3984375 0.23069035468750002 0.4033203125 0.23720703125 0.40625 0.23590369687499999 0.40625 0.23069035468750002 0.40234375 0.22808368437499998 0.4052734375 0.22417367812500003 0.4150390625 0.21635366562499997
0 0.4326171875 0.20071364218749999 0.4267578125 0.2033203125 0.423828125 0.20983698906249998 0.4248046875 0.21374699531250002 0.4326171875 0.211140325 0.4384765625 0.2189603359375 0.4560546875 0.21635366562499997 0.4609375 0.220263671875 0.4560546875 0.211140325 0.4521484375 0.208533653125 0.4423828125 0.211140325 0.4326171875 0.20071364218749999
0 0.6142578125 0.3023737984375 0.6083984375 0.2945537859375 0.60546875 0.295857121875 0.6123046875 0.31019380937499996 0.623046875 0.308890475 0.6298828125 0.3075871390625 0.630859375 0.303677134375 0.6279296875 0.29976712656250004 0.6142578125 0.3023737984375
0 0.58203125 0.2723970859375 0.5869140625 0.2815204328125 0.5947265625 0.28934044375 0.59765625 0.288037109375 0.6015625 0.2854304390625 0.6015625 0.2776104265625 0.5986328125 0.273700421875 0.58203125 0.2723970859375
0 0.5986328125 0.318013821875 0.5859375 0.321923828125 0.572265625 0.35320387656249996 0.5732421875 0.3571138828125 0.576171875 0.355810546875 0.5888671875 0.333653846875 0.5966796875 0.333653846875 0.6015625 0.32713716875 0.5986328125 0.318013821875
0 0.5439453125 0.495267428125 0.541015625 0.49917743437500006 0.541015625 0.506997446875 0.546875 0.5174241281249999 0.544921875 0.5017841046875 0.5537109375 0.5004807687499999 0.5537109375 0.495267428125 0.5439453125 0.495267428125
0 0.58984375 0.4731107265625 0.5869140625 0.46659405 0.5712890625 0.46920072187499995 0.5634765625 0.46398737968750003 0.560546875 0.46789738593749997 0.5595703125 0.4744140625 0.5654296875 0.4744140625 0.576171875 0.48353740937499995 0.576171875 0.4887507515625 0.56640625 0.49917743437500006 0.564453125 0.5148174578125 0.568359375 0.5148174578125 0.568359375 0.506997446875 0.58203125 0.491357421875 0.58203125 0.47832406875 0.58984375 0.4731107265625
0 0.6162109375 0.4900540859375 0.6123046875 0.4900540859375 0.6044921875 0.479627403125 0.60546875 0.4887507515625 0.615234375 0.49917743437500006 0.615234375 0.509604115625 0.609375 0.5278508109375 0.6025390625 0.5265474765625 0.59765625 0.5356708234374999 0.6025390625 0.5421875 0.6064453125 0.5421875 0.6123046875 0.5343674890625 0.6162109375 0.5343674890625 0.62109375 0.5434908359375 0.619140625 0.55391751875 0.625 0.559130859375 0.625 0.53827749375 0.6171875 0.5226374703125 0.62109375 0.49917743437500006 0.6162109375 0.4900540859375
0 0.4775390625 0.3466872 0.4658203125 0.331047175 0.46484375 0.3375638515625 0.47265625 0.347990534375 0.4580078125 0.36493389375 0.453125 0.363630559375 0.4609375 0.37145057187499997 0.45703125 0.3792705828125 0.458984375 0.381877253125 0.46484375 0.3662372296875 0.4755859375 0.351900540625 0.486328125 0.35059720625 0.4775390625 0.3466872
0 0.4453125 0.4001239484375 0.4521484375 0.41446063593750004 0.4638671875 0.41967397812499996 0.46875 0.41837064375 0.4619140625 0.409247296875 0.4560546875 0.409247296875 0.4501953125 0.3988206140625 0.4453125 0.4001239484375
0 0.361328125 0.3375638515625 0.3642578125 0.3414738578125 0.3798828125 0.3388671875 0.3876953125 0.34929387031250003 0.400390625 0.347990534375 0.3955078125 0.3466872 0.3837890625 0.32844050468749997 0.361328125 0.329743840625 0.361328125 0.3375638515625
0 0.4033203125 0.4222806484375 0.4228515625 0.43010066093750005 0.4267578125 0.43792067343749996 0.43359375 0.4366173375 0.431640625 0.4261906546875 0.4267578125 0.41967397812499996 0.40234375 0.41837064375 0.4033203125 0.4222806484375
0 0.490234375 0.4731107265625 0.486328125 0.46268404375000005 0.486328125 0.44965069062499996 0.4736328125 0.4353140015625 0.4501953125 0.4353140015625 0.4501953125 0.4431340140625 0.4736328125 0.4431340140625 0.48046875 0.44965069062499996 0.482421875 0.457470703125 0.48046875 0.46789738593749997 0.4541015625 0.4900540859375 0.451171875 0.4965707640625 0.4521484375 0.503087440625 0.46875 0.5017841046875 0.470703125 0.49396409218750004 0.4814453125 0.487447415625 0.484375 0.47832406875 0.490234375 0.4731107265625
0 0.5400390625 0.43792067343749996 0.5400390625 0.42488731875 0.5361328125 0.42488731875 0.533203125 0.43140399687500003 0.533203125 0.4366173375 0.5390625 0.441830678125 0.53515625 0.4600773734375 0.537109375 0.46268404375000005 0.546875 0.44443735 0.5546875 0.439224009375 0.5517578125 0.4353140015625 0.5400390625 0.43792067343749996
0 0.53515625 0.533064153125 0.5322265625 0.5317608171875 0.529296875 0.5408841640625 0.533203125 0.551310846875 0.54296875 0.5617375296875 0.541015625 0.577377553125 0.546875 0.577377553125 0.548828125 0.559130859375 0.5419921875 0.547400840625 0.53515625 0.5434908359375 0.53515625 0.533064153125
0 0.8515625 0.720744440625 0.8466796875 0.716834434375 0.845703125 0.7233511109374999 0.849609375 0.7311711234375 0.849609375 0.7389911359375 0.84375 0.7546311593749999 0.8505859375 0.7611478359375 0.85546875 0.7598445015624999 0.849609375 0.7546311593749999 0.85546875 0.7389911359375 0.85546875 0.7311711234375 0.8515625 0.720744440625
0 0.939453125 0.660791015625 0.9345703125 0.6542743390625 0.9287109375 0.6568810093749999 0.921875 0.6686110281250001 0.9326171875 0.664701021875 0.931640625 0.67382436875 0.9287109375 0.677734375 0.9130859375 0.680341046875 0.9052734375 0.6881610578124999 0.8994140625 0.6881610578124999 0.892578125 0.6790377109375 0.89453125 0.6686110281250001 0.8916015625 0.6673076921875001 0.8876953125 0.675127703125 0.8740234375 0.672521034375 0.85546875 0.68946439375 0.8603515625 0.6933743984375 0.8740234375 0.682947715625 0.8798828125 0.682947715625 0.8935546875 0.6881610578124999 0.8974609375 0.69598106875 0.90625 0.694677734375 0.9208984375 0.6855543859375001 0.9326171875 0.6881610578124999 0.9375 0.6790377109375 0.939453125 0.660791015625
0 0.8017578125 0.5500075109375 0.7958984375 0.5500075109375 0.791015625 0.5565241890625 0.802734375 0.5565241890625 0.8125 0.5434908359375 0.8115234375 0.5343674890625 0.8046875 0.53827749375 0.8017578125 0.5500075109375
0 0.8798828125 0.544794171875 0.8779296875 0.5421875 0.8583984375 0.544794171875 0.8564453125 0.539580828125 0.8427734375 0.5421875 0.83984375 0.5487041765625 0.8447265625 0.555220853125 0.8544921875 0.5500075109375 0.8603515625 0.555220853125 0.865234375 0.55391751875 0.8701171875 0.5500075109375 0.8837890625 0.5500075109375 0.88671875 0.5408841640625 0.8798828125 0.544794171875
0 0.8173828125 0.409247296875 0.802734375 0.4287973265625 0.806640625 0.4340106671875 0.8046875 0.44443735 0.80859375 0.44443735 0.8125 0.439224009375 0.80859375 0.4261906546875 0.818359375 0.41576397187499997 0.8173828125 0.409247296875
0 0.669921875 0.702497746875 0.6728515625 0.69598106875 0.662109375 0.6998910765625 0.6630859375 0.70380108125 0.669921875 0.702497746875
0 0.6640625 0.68164438125 0.6669921875 0.6855543859375001 0.671875 0.6842510515625 0.6787109375 0.680341046875 0.681640625 0.67382436875 0.6748046875 0.672521034375 0.6640625 0.68164438125
0 0.7021484375 0.65948768125 0.6962890625 0.6542743390625 0.6904296875 0.6542743390625 0.6845703125 0.65948768125 0.6767578125 0.6490609984375 0.6708984375 0.6464543265625 0.66796875 0.6503643328125001 0.6689453125 0.6568810093749999 0.6748046875 0.6568810093749999 0.6845703125 0.6699143640624999 0.697265625 0.6686110281250001 0.6962890625 0.6620943515625 0.7041015625 0.664701021875 0.7109375 0.6581843453125 0.7021484375 0.65948768125
0 0.7509765625 0.672521034375 0.7431640625 0.6699143640624999 0.7421875 0.6633976859375 0.7353515625 0.6568810093749999 0.736328125 0.67382436875 0.7412109375 0.680341046875 0.7470703125 0.680341046875 0.75 0.6842510515625 0.75 0.694677734375 0.7451171875 0.70380108125 0.7314453125 0.70380108125 0.728515625 0.710317759375 0.744140625 0.7155311 0.755859375 0.702497746875 0.7578125 0.6868577218749999 0.755859375 0.6790377109375 0.7509765625 0.672521034375