0 0.2158203125 0.3232271640625 0.2109375 0.329743840625 0.2109375 0.33495718124999996 0.21484375 0.33495718124999996 0.2265625 0.321923828125 0.2236328125 0.3154071515625 0.2197265625 0.3232271640625 0.2158203125 0.3232271640625
0 0.5595703125 0.8497746390625001 0.5654296875 0.8419546265625 0.5693359375 0.8419546265625 0.57421875 0.848471303125 0.572265625 0.8354379515625 0.5673828125 0.8315279437499999 0.55859375 0.8432579625000001 0.5595703125 0.8497746390625001
0 0.49609375 0.9266714234375 0.5 0.9214580828125 0.4990234375 0.91494140625 0.4765625 0.9266714234375 0.49609375 0.9266714234375
0 0.3203125 0.6972844046875 0.333984375 0.68946439375 0.3212890625 0.6855543859375001 0.310546875 0.6972844046875 0.3203125 0.6972844046875
0 0.462890625 0.8380446218750001 0.4736328125 0.84716796875 0.4765625 0.845864634375 0.484375 0.8380446218750001 0.4736328125 0.8367412859375 0.4658203125 0.8289212734375001 0.462890625 0.8380446218750001
0 0.3046875 0.9110314 0.3017578125 0.9045147234375 0.294921875 0.9084247296875001 0.2900390625 0.9227614187500001 0.28125 0.9266714234375 0.279296875 0.93709810625 0.283203125 0.93709810625 0.2880859375 0.93058143125 0.296875 0.9266714234375 0.296875 0.9162447406249999 0.3046875 0.9110314
0 0.3271484375 0.8341346156249999 0.31640625 0.845864634375 0.318359375 0.864111328125 0.3125 0.871931340625 0.314453125 0.8745380109375 0.32421875 0.86932466875 0.322265625 0.8510779749999999 0.330078125 0.8406512921875 0.3271484375 0.8341346156249999
0 0.125 0.5695575421875 0.1220703125 0.56825420625 0.1171875 0.5721642124999999 0.115234375 0.5825908953125001 0.119140625 0.5904109078124999 0.119140625 0.6086576015625 0.126953125 0.6086576015625 0.12890625 0.60605093125 0.125 0.6008375906250001 0.123046875 0.5825908953125001 0.125 0.5695575421875
0 0.2822265625 0.56825420625 0.27734375 0.574770884375 0.28125 0.5851975656249999 0.28125 0.5956242484375001 0.2861328125 0.6021409249999999 0.29296875 0.6034442609374999 0.291015625 0.5956242484375001 0.296875 0.5851975656249999 0.2900390625 0.5838942312500001 0.2822265625 0.56825420625
0 0.486328125 0.9631648140625 0.4697265625 0.9592548078125 0.4541015625 0.9722881609374999 0.4453125 0.973591496875 0.4501953125 0.9801081734375 0.4609375 0.9788048375 0.4697265625 0.969681490625 0.4794921875 0.9722881609374999 0.4853515625 0.969681490625 0.486328125 0.9631648140625
0 0.3955078125 0.8211012609375 0.392578125 0.82501126875 0.3974609375 0.8315279437499999 0.4072265625 0.8341346156249999 0.41015625 0.848471303125 0.4150390625 0.8549879812500001 0.42578125 0.8536846453125 0.416015625 0.8432579625000001 0.416015625 0.8328312796875 0.4091796875 0.8237079328125001 0.3955078125 0.8211012609375
0 0.5673828125 0.8549879812500001 0.5537109375 0.873234675 0.5478515625 0.8706280046874999 0.5361328125 0.8758413468749999 0.53125 0.88496469375 0.537109375 0.88496469375 0.5419921875 0.8810546875 0.5556640625 0.8836613578125 0.57421875 0.8562913156249999 0.5673828125 0.8549879812500001
0 0.3583984375 0.71944110625 0.349609375 0.7337777937500001 0.34765625 0.7468111484375 0.3505859375 0.750721153125 0.3564453125 0.750721153125 0.359375 0.7546311593749999 0.359375 0.7650578421875001 0.36328125 0.7676645140625 0.365234375 0.7468111484375 0.361328125 0.7389911359375 0.361328125 0.7233511109374999 0.3583984375 0.71944110625
0 0.6396484375 0.3831805890625 0.646484375 0.381877253125 0.6376953125 0.3753605765625 0.6328125 0.37666391250000003 0.6337890625 0.38057391875 0.6396484375 0.3831805890625
0 0.65625 0.2020169765625 0.65625 0.1889836234375 0.6474609375 0.1798602765625 0.65234375 0.2020169765625 0.65625 0.2020169765625
0 0.763671875 0.24111703750000002 0.7646484375 0.24502704375 0.7705078125 0.24502704375 0.7734375 0.24893704843750003 0.7744140625 0.2606670671875 0.78125 0.261970403125 0.77734375 0.2515437203125 0.779296875 0.2437237078125 0.7744140625 0.23720703125 0.763671875 0.24111703750000002
0 0.775390625 0.38448392343750004 0.7763671875 0.38839393125 0.7822265625 0.38578725937499997 0.7861328125 0.38839393125 0.7919921875 0.3962139421875 0.796875 0.39491060624999996 0.796875 0.3870905953125 0.7900390625 0.38057391875 0.7802734375 0.38057391875 0.775390625 0.38448392343750004
0 0.6748046875 0.3388671875 0.658203125 0.3375638515625 0.6630859375 0.3466872 0.6796875 0.347990534375 0.68359375 0.34277719375000004 0.6806640625 0.333653846875 0.6767578125 0.333653846875 0.6748046875 0.3388671875
0 0.703125 0.246330378125 0.7060546875 0.2554537265625 0.7158203125 0.2606670671875 0.720703125 0.25936373125 0.720703125 0.254150390625 0.7119140625 0.2398137015625 0.7080078125 0.2398137015625 0.703125 0.246330378125
0 0.728515625 0.295857121875 0.7236328125 0.3023737984375 0.7099609375 0.30498046875 0.69921875 0.3167104859375 0.70703125 0.3167104859375 0.7119140625 0.31280048125 0.7255859375 0.31280048125 0.728515625 0.308890475 0.728515625 0.295857121875
0 0.7509765625 0.182466946875 0.7353515625 0.1798602765625 0.73046875 0.186376953125 0.7314453125 0.190286959375 0.75390625 0.1889836234375 0.765625 0.1759502703125 0.7646484375 0.1720402640625 0.7587890625 0.1720402640625 0.7509765625 0.182466946875
0 0.748046875 0.389697265625 0.7412109375 0.3831805890625 0.7294921875 0.38057391875 0.708984375 0.397517278125 0.7119140625 0.404033953125 0.72265625 0.40273061875 0.7275390625 0.393607271875 0.7333984375 0.3910006015625 0.7451171875 0.393607271875 0.748046875 0.389697265625
0 0.6123046875 0.190286959375 0.6025390625 0.19550030000000002 0.5927734375 0.19550030000000002 0.58984375 0.19941030625 0.5986328125 0.2033203125 0.6103515625 0.20071364218749999 0.6162109375 0.211140325 0.6279296875 0.21374699531250002 0.6328125 0.22287034218750001 0.6328125 0.23069035468750002 0.63671875 0.233297025 0.634765625 0.20983698906249998 0.6298828125 0.2033203125 0.6220703125 0.2033203125 0.6123046875 0.190286959375
0 0.6416015625 0.25806039687500004 0.6376953125 0.2632737390625 0.6279296875 0.2632737390625 0.6201171875 0.2554537265625 0.60546875 0.254150390625 0.6064453125 0.2606670671875 0.62109375 0.2697904140625 0.6259765625 0.2867337734375 0.63671875 0.288037109375 0.638671875 0.2854304390625 0.630859375 0.27500375625 0.64453125 0.26457707343750003 0.6416015625 0.25806039687500004
0 0.853515625 0.32453049843750004 0.85546875 0.314103815625 0.8525390625 0.31280048125 0.84765625 0.3193171578125 0.8466796875 0.331047175 0.8349609375 0.325833834375 0.8193359375 0.325833834375 0.802734375 0.347990534375 0.8056640625 0.351900540625 0.810546875 0.35059720625 0.8212890625 0.333653846875 0.8505859375 0.3388671875 0.85546875 0.3323505109375 0.853515625 0.32453049843750004
0 0.892578125 0.2515437203125 0.896484375 0.2515437203125 0.900390625 0.246330378125 0.8994140625 0.23460036093749997 0.8984375 0.2437237078125 0.892578125 0.2515437203125
0 0.8623046875 0.23460036093749997 0.869140625 0.233297025 0.876953125 0.22287034218750001 0.8740234375 0.2189603359375 0.859375 0.22808368437499998 0.8623046875 0.23460036093749997
0 0.947265625 0.3114971453125 0.9365234375 0.3023737984375 0.935546875 0.30628380312500003 0.94140625 0.3114971453125 0.9375 0.3375638515625 0.9423828125 0.344080528125 0.9453125 0.34277719375000004 0.94140625 0.3375638515625 0.94140625 0.329743840625 0.947265625 0.3193171578125 0.947265625 0.3114971453125
0 0.9111328125 0.25284705625 0.904296875 0.25936373125 0.904296875 0.26718374375 0.8984375 0.2776104265625 0.8984375 0.2854304390625 0.89453125 0.29325045156249996 0.8984375 0.29325045156249996 0.90234375 0.2906437796875 0.90234375 0.28282376875000004 0.91015625 0.2697904140625 0.9111328125 0.25284705625
0 0.7734375 0.38448392343750004 0.7744140625 0.38839393125 0.7841796875 0.38839393125 0.7900390625 0.3962139421875 0.796875 0.39491060624999996 0.798828125 0.389697265625 0.7919921875 0.38057391875 0.7802734375 0.38057391875 0.7734375 0.38448392343750004
0 0.9248046875 0.1876802890625 0.9345703125 0.1876802890625 0.9345703125 0.182466946875 0.9189453125 0.182466946875 0.9140625 0.1889836234375 0.9140625 0.19941030625 0.91796875 0.20983698906249998 0.921875 0.212443659375 0.923828125 0.20723031875000003 0.919921875 0.19941030625 0.919921875 0.19159029375 0.9248046875 0.1876802890625
0 0.8935546875 0.20592698281250002 0.884765625 0.21505033125 0.8857421875 0.2189603359375 0.8896484375 0.2189603359375 0.8955078125 0.21374699531250002 0.9013671875 0.21374699531250002 0.9091796875 0.22417367812500003 0.91796875 0.22547701406249998 0.919921875 0.220263671875 0.9111328125 0.2189603359375 0.9033203125 0.20592698281250002 0.8935546875 0.20592698281250002
0 0.7294921875 0.3831805890625 0.7197265625 0.393607271875 0.7138671875 0.3910006015625 0.7109375 0.39491060624999996 0.7138671875 0.404033953125 0.720703125 0.40273061875 0.7333984375 0.3910006015625 0.74609375 0.3923039359375 0.7392578125 0.38578725937499997 0.7294921875 0.3831805890625
0 0.751953125 0.4600773734375 0.7509765625 0.453560696875 0.7431640625 0.46138070937500003 0.7373046875 0.46138070937500003 0.73046875 0.47050405624999997 0.72265625 0.48614408124999997 0.7236328125 0.4900540859375 0.7265625 0.4887507515625 0.734375 0.48093073906250006 0.7392578125 0.46920072187499995 0.7470703125 0.46659405 0.751953125 0.4600773734375
0 0.837890625 0.5356708234374999 0.841796875 0.5408841640625 0.841796875 0.5617375296875 0.8466796875 0.56825420625 0.853515625 0.566950871875 0.85546875 0.5617375296875 0.84765625 0.5408841640625 0.8388671875 0.5317608171875 0.837890625 0.5356708234374999
0 0.8193359375 0.46138070937500003 0.8056640625 0.46138070937500003 0.802734375 0.465290715625 0.8046875 0.4757173984375 0.814453125 0.48614408124999997 0.814453125 0.49396409218750004 0.81640625 0.49396409218750004 0.8203125 0.47050405624999997 0.830078125 0.46268404375000005 0.8291015625 0.45095402656249994 0.8193359375 0.46138070937500003
0 0.7822265625 0.6099609375 0.7822265625 0.604747596875 0.7744140625 0.6073542671875 0.7734375 0.6164776140625 0.7685546875 0.622994290625 0.763671875 0.6112642734375 0.767578125 0.60605093125 0.7626953125 0.604747596875 0.759765625 0.6086576015625 0.76171875 0.6242976265625 0.7578125 0.6295109671875 0.7578125 0.63993765 0.7607421875 0.64384765625 0.765625 0.642544321875 0.779296875 0.6295109671875 0.78125 0.6216909562499999 0.77734375 0.6112642734375 0.7822265625 0.6099609375
0 0.853515625 0.321923828125 0.859375 0.3114971453125 0.8525390625 0.31019380937499996 0.849609375 0.314103815625 0.8466796875 0.331047175 0.8349609375 0.325833834375 0.8154296875 0.32844050468749997 0.8125 0.3401705234375 0.802734375 0.347990534375 0.8037109375 0.351900540625 0.8125 0.35059720625 0.8212890625 0.333653846875 0.8505859375 0.3388671875 0.85546875 0.3323505109375 0.853515625 0.321923828125
0 0.537109375 0.6112642734375 0.537109375 0.60605093125 0.5322265625 0.5995342546875 0.52734375 0.6008375906250001 0.537109375 0.6112642734375
0 0.5537109375 0.7429011421875 0.546875 0.7520244890625001 0.55078125 0.7520244890625001 0.5556640625 0.7455078125 0.5625 0.7468111484375 0.5595703125 0.7429011421875 0.5537109375 0.7429011421875
0 0.49609375 0.63993765 0.5009765625 0.65166766875 0.5078125 0.6503643328125001 0.515625 0.642544321875 0.5009765625 0.64384765625 0.4990234375 0.638634315625 0.49609375 0.63993765
0 0.5166015625 0.4900540859375 0.515625 0.49396409218750004 0.5234375 0.49917743437500006 0.5234375 0.5122107875 0.5263671875 0.5161207937500001 0.53125 0.5148174578125 0.52734375 0.509604115625 0.525390625 0.49396409218750004 0.5224609375 0.4900540859375 0.5166015625 0.4900540859375
0 0.515625 0.4731107265625 0.515625 0.48093073906250006 0.5185546875 0.4848407453125 0.5234375 0.48353740937499995 0.525390625 0.4757173984375 0.5234375 0.46789738593749997 0.5205078125 0.46659405 0.515625 0.4731107265625
0 0.4833984375 0.5578275234375 0.470703125 0.5643442015625 0.4716796875 0.56825420625 0.48828125 0.566950871875 0.494140625 0.5643442015625 0.4912109375 0.56043419375 0.4873046875 0.563040865625 0.4833984375 0.5578275234375
0 0.5234375 0.626904296875 0.5283203125 0.63602764375 0.541015625 0.6373309796875 0.5390625 0.6295109671875 0.533203125 0.6242976265625 0.5341796875 0.615174278125 0.5234375 0.626904296875
0 0.474609375 0.48093073906250006 0.4697265625 0.4770207328125 0.46875 0.5017841046875 0.4736328125 0.50830078125 0.48828125 0.509604115625 0.4833984375 0.503087440625 0.4755859375 0.503087440625 0.47265625 0.49917743437500006 0.474609375 0.48093073906250006
0 0.560546875 0.5565241890625 0.556640625 0.566950871875 0.560546875 0.5721642124999999 0.576171875 0.5617375296875 0.5732421875 0.547400840625 0.5693359375 0.5578275234375 0.560546875 0.5565241890625
0 0.53125 0.579984225 0.5322265625 0.5865009015625 0.5458984375 0.5865009015625 0.5498046875 0.5943209140625 0.552734375 0.593017578125 0.5546875 0.5851975656249999 0.5458984375 0.57607421875 0.5341796875 0.57607421875 0.53125 0.579984225
0 0.5595703125 0.4718073921875 0.5498046875 0.4587740390625 0.5390625 0.465290715625 0.5400390625 0.46920072187499995 0.5537109375 0.4718073921875 0.5615234375 0.479627403125 0.56640625 0.47832406875 0.5703125 0.4731107265625 0.5693359375 0.46659405 0.5654296875 0.4718073921875 0.5595703125 0.4718073921875
0 0.5810546875 0.6881610578124999 0.5693359375 0.6933743984375 0.560546875 0.7051044171874999 0.56640625 0.7051044171874999 0.5771484375 0.70380108125 0.5849609375 0.6985877406250001 0.587890625 0.6920710640625 0.5810546875 0.6881610578124999
0 0.6025390625 0.71944110625 0.6103515625 0.7220477765625 0.615234375 0.7155311 0.6142578125 0.7090144234375 0.6103515625 0.7142277640625 0.6044921875 0.71162109375 0.5908203125 0.7142277640625 0.5849609375 0.7090144234375 0.580078125 0.710317759375 0.58203125 0.7181377703125 0.591796875 0.7259577828125 0.5859375 0.736384465625 0.5859375 0.74941781875 0.59375 0.75723783125 0.591796875 0.7415978062499999 0.599609375 0.7311711234375 0.599609375 0.7233511109374999 0.6025390625 0.71944110625
0 0.5322265625 0.5265474765625 0.5244140625 0.52394080625 0.5185546875 0.5109074515625001 0.5087890625 0.5135141234375 0.5029296875 0.50830078125 0.5 0.5122107875 0.5087890625 0.52394080625 0.5166015625 0.521334134375 0.51953125 0.53045748125 0.5283203125 0.5369741593749999 0.5380859375 0.5526141828125 0.548828125 0.55391751875 0.5595703125 0.5526141828125 0.55859375 0.5434908359375 0.5439453125 0.539580828125 0.5322265625 0.5265474765625
0 0.451171875 0.35320387656249996 0.4521484375 0.344080528125 0.443359375 0.35059720625 0.4443359375 0.3545072109375 0.451171875 0.35320387656249996
0 0.294921875 0.397517278125 0.29296875 0.4079439609375 0.29296875 0.41576397187499997 0.294921875 0.41576397187499997 0.298828125 0.4079439609375 0.3017578125 0.38578725937499997 0.296875 0.389697265625 0.294921875 0.397517278125
0 0.33203125 0.355810546875 0.3447265625 0.37275390625 0.34765625 0.37145057187499997 0.349609375 0.363630559375 0.3447265625 0.3623272234375 0.3388671875 0.351900540625 0.33203125 0.355810546875
0 0.38671875 0.3662372296875 0.38671875 0.37145057187499997 0.3916015625 0.37796724843749996 0.396484375 0.37666391250000003 0.39453125 0.3688439 0.400390625 0.3610238890625 0.3994140625 0.34929387031250003 0.38671875 0.3662372296875
0 0.3623046875 0.3701472359375 0.35546875 0.374057240625 0.3583984375 0.38057391875 0.37109375 0.3792705828125 0.3740234375 0.3753605765625 0.3798828125 0.3753605765625 0.380859375 0.3688439 0.3623046875 0.3701472359375
0 0.2978515625 0.359720553125 0.2861328125 0.3623272234375 0.283203125 0.3688439 0.28515625 0.38448392343750004 0.26953125 0.3923039359375 0.28125 0.39491060624999996 0.2890625 0.389697265625 0.2890625 0.37145057187499997 0.2978515625 0.36493389375 0.2978515625 0.359720553125
0 0.658203125 0.4757173984375 0.658203125 0.48353740937499995 0.6611328125 0.487447415625 0.6728515625 0.4900540859375 0.67578125 0.49396409218750004 0.67578125 0.48614408124999997 0.6669921875 0.4718073921875 0.6611328125 0.4718073921875 0.658203125 0.4757173984375
0 0.640625 0.46268404375000005 0.6328125 0.4731107265625 0.630859375 0.48093073906250006 0.6259765625 0.487447415625 0.619140625 0.4887507515625 0.6240234375 0.495267428125 0.62890625 0.49396409218750004 0.64453125 0.46789738593749997 0.64453125 0.457470703125 0.6416015625 0.453560696875 0.640625 0.46268404375000005
0 0.759765625 0.6972844046875 0.76171875 0.7181377703125 0.751953125 0.7311711234375 0.751953125 0.7389911359375 0.75390625 0.7389911359375 0.767578125 0.7181377703125 0.763671875 0.7077110875 0.7666015625 0.6933743984375 0.759765625 0.6972844046875
0 0.7109375 0.6868577218749999 0.7216796875 0.6855543859375001 0.7314453125 0.6933743984375 0.7392578125 0.6933743984375 0.7470703125 0.7011944109375 0.751953125 0.6998910765625 0.7431640625 0.6881610578124999 0.7255859375 0.677734375 0.7197265625 0.677734375 0.7109375 0.6868577218749999