0 0.2890625 0.6477576625 0.2822265625 0.6412409859375 0.2744140625 0.6542743390625 0.2626953125 0.6542743390625 0.255859375 0.6633976859375 0.2568359375 0.6673076921875001 0.259765625 0.66600435625 0.2626953125 0.6620943515625 0.2763671875 0.6620943515625 0.2822265625 0.6490609984375 0.2890625 0.6477576625
0 0.091796875 0.8953913765625 0.09765625 0.9032113890625 0.09375 0.9266714234375 0.103515625 0.9397047781250001 0.099609375 0.9266714234375 0.103515625 0.9032113890625 0.0927734375 0.8888747 0.091796875 0.8953913765625
0 0.1806640625 0.7820012015625 0.1728515625 0.79503455625 0.166015625 0.7989445609375 0.1669921875 0.8028545671874999 0.173828125 0.80155123125 0.1826171875 0.7898212140624999 0.1904296875 0.78721454375 0.1953125 0.778091196875 0.1806640625 0.7820012015625
0 0.3486328125 0.9175480765625 0.3447265625 0.9279747593750001 0.3369140625 0.93058143125 0.3291015625 0.943614784375 0.322265625 0.9449181187500001 0.3251953125 0.951434796875 0.330078125 0.9501314609374999 0.3388671875 0.9384014421875 0.3466796875 0.9357947718749999 0.3515625 0.9292780953124999 0.3486328125 0.9175480765625
0 0.41796875 0.9709848265625001 0.4150390625 0.9670748187499999 0.4013671875 0.9644681484375001 0.39453125 0.9709848265625001 0.39453125 0.9761981671875001 0.3876953125 0.9853215140625 0.376953125 0.9866248499999999 0.3798828125 0.99053485625 0.388671875 0.991838190625 0.3984375 0.9814115093750001 0.4013671875 0.9722881609374999 0.4130859375 0.97489483125 0.41796875 0.9709848265625001
0 0.5869140625 0.6464543265625 0.599609375 0.652971003125 0.59765625 0.6686110281250001 0.6015625 0.6712176984375 0.603515625 0.6503643328125001 0.5986328125 0.64384765625 0.5869140625 0.6412409859375 0.5869140625 0.6464543265625
0 0.6328125 0.53045748125 0.634765625 0.55391751875 0.626953125 0.566950871875 0.630859375 0.5695575421875 0.640625 0.55391751875 0.63671875 0.5356708234374999 0.6396484375 0.5187274640624999 0.6328125 0.53045748125
0 0.6611328125 0.5317608171875 0.6533203125 0.5291541468750001 0.662109375 0.5434908359375 0.662109375 0.5565241890625 0.669921875 0.566950871875 0.669921875 0.574770884375 0.671875 0.574770884375 0.673828125 0.5643442015625 0.666015625 0.551310846875 0.666015625 0.53827749375 0.6611328125 0.5317608171875
0 0.9033203125 0.36493389375 0.8974609375 0.36493389375 0.904296875 0.37666391250000003 0.904296875 0.381877253125 0.8984375 0.389697265625 0.896484375 0.40273061875 0.904296875 0.4079439609375 0.90234375 0.39491060624999996 0.91015625 0.38448392343750004 0.91015625 0.374057240625 0.9033203125 0.36493389375
0 0.8740234375 0.479627403125 0.8671875 0.48614408124999997 0.8740234375 0.487447415625 0.8818359375 0.495267428125 0.88671875 0.49396409218750004 0.90234375 0.48614408124999997 0.8935546875 0.48223407500000004 0.8798828125 0.487447415625 0.8740234375 0.479627403125
0 0.9345703125 0.5500075109375 0.927734375 0.5565241890625 0.927734375 0.5721642124999999 0.91796875 0.5904109078124999 0.9208984375 0.5995342546875 0.92578125 0.59823091875 0.923828125 0.5904109078124999 0.93359375 0.5721642124999999 0.931640625 0.559130859375 0.9345703125 0.5500075109375
0 1 0.6972844046875 0.9853515625 0.677734375 0.982421875 0.6790377109375 0.982421875 0.6842510515625 0.98828125 0.68946439375 0.9833984375 0.6881610578124999 0.9775390625 0.6985877406250001 0.970703125 0.6998910765625 0.9736328125 0.70380108125 0.982421875 0.7051044171874999 0.9873046875 0.6985877406250001 0.9951171875 0.70380108125 1 0.702497746875 1 0.6972844046875
0 0.9853515625 0.64384765625 0.98828125 0.63993765 0.9853515625 0.6334209734375 0.9716796875 0.6412409859375 0.9599609375 0.6412409859375 0.951171875 0.652971003125 0.951171875 0.6581843453125 0.958984375 0.66600435625 0.953125 0.67382436875 0.951171875 0.6790377109375 0.953125 0.68164438125 0.966796875 0.6712176984375 0.958984375 0.6555776734375 0.9609375 0.6477576625 0.9853515625 0.64384765625
0 0.8740234375 0.7455078125 0.8662109375 0.7533278250000001 0.8544921875 0.7533278250000001 0.8515625 0.75723783125 0.8525390625 0.7611478359375 0.869140625 0.7598445015624999 0.8740234375 0.7533278250000001 0.8837890625 0.7533278250000001 0.888671875 0.7468111484375 0.8740234375 0.7455078125
0 0.8212890625 0.6673076921875001 0.81640625 0.6686110281250001 0.8232421875 0.680341046875 0.830078125 0.6842510515625 0.828125 0.68946439375 0.8310546875 0.6933743984375 0.833984375 0.6842510515625 0.8388671875 0.682947715625 0.8466796875 0.6985877406250001 0.853515625 0.6998910765625 0.84765625 0.68164438125 0.8408203125 0.672521034375 0.8291015625 0.675127703125 0.8212890625 0.6673076921875001
0 0.859375 0.59823091875 0.8564453125 0.596927584375 0.84765625 0.60605093125 0.84765625 0.6112642734375 0.85546875 0.626904296875 0.85546875 0.6373309796875 0.861328125 0.642544321875 0.859375 0.6216909562499999 0.853515625 0.6112642734375 0.853515625 0.60605093125 0.859375 0.59823091875
0 0.763671875 0.60605093125 0.7568359375 0.6125676078125 0.7451171875 0.6099609375 0.7353515625 0.6203876203124999 0.7265625 0.6216909562499999 0.7314453125 0.6282076328125 0.736328125 0.626904296875 0.7451171875 0.61778095 0.7529296875 0.6203876203124999 0.7587890625 0.61778095 0.763671875 0.60605093125
0 0.73046875 0.63993765 0.7353515625 0.6464543265625 0.7451171875 0.64384765625 0.7509765625 0.6542743390625 0.759765625 0.652971003125 0.7607421875 0.6490609984375 0.7548828125 0.6490609984375 0.7431640625 0.63602764375 0.73046875 0.63993765
0 0.7880859375 0.6464543265625 0.794921875 0.6373309796875 0.7763671875 0.638634315625 0.771484375 0.6477576625 0.76953125 0.6633976859375 0.763671875 0.6686110281250001 0.765625 0.6712176984375 0.7734375 0.66600435625 0.775390625 0.652971003125 0.7802734375 0.6464543265625 0.7880859375 0.6464543265625
0 0.818359375 0.27500375625 0.8056640625 0.2632737390625 0.7939453125 0.27109375 0.7861328125 0.27109375 0.779296875 0.26457707343750003 0.7841796875 0.276307090625 0.794921875 0.2776104265625 0.7998046875 0.27109375 0.8076171875 0.27109375 0.8115234375 0.276307090625 0.818359375 0.27500375625
0 0.765625 0.295857121875 0.763671875 0.30107046249999997 0.765625 0.3114971453125 0.7587890625 0.3154071515625 0.75390625 0.321923828125 0.755859375 0.32453049843750004 0.76953125 0.314103815625 0.767578125 0.30107046249999997 0.7724609375 0.28934044375 0.765625 0.295857121875
0 0.849609375 0.303677134375 0.8505859375 0.3075871390625 0.8525390625 0.30498046875 0.880859375 0.30628380312500003 0.8740234375 0.29716045625 0.8662109375 0.3023737984375 0.8525390625 0.29976712656250004 0.849609375 0.303677134375
0 0.5009765625 0.3388671875 0.498046875 0.35059720625 0.5078125 0.3610238890625 0.5146484375 0.3753605765625 0.521484375 0.374057240625 0.513671875 0.3688439 0.51171875 0.3584172171875 0.501953125 0.347990534375 0.5009765625 0.3388671875
0 0.3525390625 0.37275390625 0.34765625 0.3584172171875 0.3369140625 0.351900540625 0.3515625 0.3870905953125 0.3515625 0.41055063125 0.34765625 0.41837064375 0.353515625 0.41837064375 0.359375 0.4001239484375 0.357421875 0.381877253125 0.36328125 0.3688439 0.3525390625 0.37275390625
0 0.4365234375 0.4744140625 0.4326171875 0.48223407500000004 0.4248046875 0.4744140625 0.421875 0.47832406875 0.4306640625 0.4900540859375 0.43359375 0.4887507515625 0.4609375 0.4731107265625 0.4482421875 0.4718073921875 0.4384765625 0.4770207328125 0.4365234375 0.4744140625
0 0.2421875 0.525244140625 0.23828125 0.5148174578125 0.2431640625 0.5135141234375 0.244140625 0.509604115625 0.2333984375 0.50830078125 0.232421875 0.5200307984375 0.236328125 0.5278508109375 0.23828125 0.5434908359375 0.2431640625 0.5500075109375 0.2509765625 0.5500075109375 0.2578125 0.5565241890625 0.2548828125 0.544794171875 0.2470703125 0.544794171875 0.2421875 0.53827749375 0.2421875 0.525244140625
0 0.2490234375 0.6021409249999999 0.25390625 0.5956242484375001 0.251953125 0.5851975656249999 0.2451171875 0.57607421875 0.244140625 0.5825908953125001 0.248046875 0.593017578125 0.2392578125 0.5943209140625 0.232421875 0.6008375906250001 0.228515625 0.6242976265625 0.220703125 0.634724309375 0.220703125 0.642544321875 0.22265625 0.642544321875 0.2333984375 0.6256009609375 0.240234375 0.6216909562499999 0.236328125 0.60605093125 0.2490234375 0.6021409249999999
0 0.177734375 0.53827749375 0.1767578125 0.5343674890625 0.16796875 0.5434908359375 0.16796875 0.551310846875 0.162109375 0.5617375296875 0.1650390625 0.5708608765625 0.169921875 0.5695575421875 0.16796875 0.5617375296875 0.171875 0.5565241890625 0.171875 0.54609750625 0.177734375 0.53827749375
0 0.2060546875 0.404033953125 0.2158203125 0.40142728437499997 0.220703125 0.4053372890625 0.2177734375 0.393607271875 0.2041015625 0.3962139421875 0.197265625 0.3923039359375 0.2060546875 0.404033953125
0 0.2490234375 0.44834735625000005 0.2392578125 0.44834735625000005 0.236328125 0.45225736093749996 0.251953125 0.45225736093749996 0.2548828125 0.44834735625000005 0.259765625 0.44965069062499996 0.2568359375 0.44052734375 0.2490234375 0.44834735625000005
0 0.236328125 0.423583984375 0.23828125 0.4340106671875 0.232421875 0.439224009375 0.234375 0.44443735 0.2421875 0.439224009375 0.240234375 0.423583984375 0.2431640625 0.41706730781249995 0.236328125 0.423583984375
0 0.3359375 0.261970403125 0.33203125 0.2697904140625 0.3359375 0.2697904140625 0.341796875 0.26457707343750003 0.3388671875 0.25806039687500004 0.33203125 0.25936373125 0.3359375 0.261970403125
0 0.263671875 0.24111703750000002 0.2607421875 0.24502704375 0.2548828125 0.23720703125 0.236328125 0.238510365625 0.2392578125 0.2476337140625 0.2548828125 0.2476337140625 0.2578125 0.254150390625 0.255859375 0.26457707343750003 0.2578125 0.26457707343750003 0.267578125 0.246330378125 0.2685546875 0.22938701875 0.263671875 0.233297025 0.263671875 0.24111703750000002
0 0.3046875 0.23590369687499999 0.3056640625 0.2398137015625 0.3173828125 0.2476337140625 0.3251953125 0.24502704375 0.3291015625 0.25024038437499996 0.33203125 0.24893704843750003 0.3251953125 0.23720703125 0.3154296875 0.2398137015625 0.3115234375 0.23460036093749997 0.3046875 0.23590369687499999
0 0.48046875 0.246330378125 0.4853515625 0.2606670671875 0.498046875 0.25936373125 0.4951171875 0.25284705625 0.4892578125 0.2554537265625 0.4833984375 0.24502704375 0.48046875 0.246330378125
0 0.4619140625 0.31019380937499996 0.447265625 0.308890475 0.4521484375 0.3154071515625 0.46875 0.321923828125 0.48046875 0.3167104859375 0.4755859375 0.31280048125 0.4677734375 0.3154071515625 0.4619140625 0.31019380937499996
0 0.6591796875 0.2789137609375 0.6455078125 0.2815204328125 0.6416015625 0.276307090625 0.62890625 0.27500375625 0.6337890625 0.2815204328125 0.650390625 0.288037109375 0.6552734375 0.284127103125 0.6630859375 0.2867337734375 0.6640625 0.28282376875000004 0.6591796875 0.2789137609375
0 0.576171875 0.441830678125 0.578125 0.44443735 0.5927734375 0.43270733124999994 0.595703125 0.4261906546875 0.5869140625 0.42749399062500004 0.576171875 0.441830678125
0 0.51171875 0.4053372890625 0.48046875 0.41576397187499997 0.4873046875 0.4222806484375 0.4921875 0.4209773140625 0.4970703125 0.41706730781249995 0.5087890625 0.41706730781249995 0.51171875 0.4131573015625 0.51171875 0.4053372890625
0 0.4306640625 0.40142728437499997 0.427734375 0.4053372890625 0.4296875 0.4209773140625 0.419921875 0.43140399687500003 0.4169921875 0.44052734375 0.40234375 0.4470440203125 0.400390625 0.4548640328125 0.40625 0.46268404375000005 0.4189453125 0.453560696875 0.43359375 0.4261906546875 0.435546875 0.41576397187499997 0.4306640625 0.40142728437499997
0 0.5810546875 0.8237079328125001 0.572265625 0.82501126875 0.5771484375 0.8315279437499999 0.5859375 0.830224609375 0.59765625 0.80937124375 0.5966796875 0.8028545671874999 0.5908203125 0.8054612390625 0.5810546875 0.8237079328125001
0 0.619140625 0.80937124375 0.6171875 0.822404596875 0.62109375 0.822404596875 0.62109375 0.8067645734375001 0.6162109375 0.800247896875 0.6123046875 0.800247896875 0.619140625 0.80937124375
0 0.65234375 0.796337890625 0.654296875 0.8067645734375001 0.6591796875 0.81328125 0.662109375 0.8119779140625001 0.6533203125 0.7898212140624999 0.6435546875 0.78721454375 0.638671875 0.7989445609375 0.62890625 0.80937124375 0.62890625 0.822404596875 0.623046875 0.830224609375 0.625 0.8354379515625 0.6328125 0.82501126875 0.6328125 0.8145845859374999 0.6455078125 0.792427884375 0.65234375 0.796337890625
0 0.845703125 0.8276179390625 0.8408203125 0.826314603125 0.8359375 0.8328312796875 0.8359375 0.8406512921875 0.845703125 0.8510779749999999 0.84375 0.8588979859375 0.84375 0.86932466875 0.845703125 0.86932466875 0.8515625 0.8536846453125 0.849609375 0.845864634375 0.83984375 0.8354379515625 0.845703125 0.8276179390625
0 0.7431640625 0.873234675 0.755859375 0.8745380109375 0.7451171875 0.8602013218750001 0.740234375 0.8615046578125 0.740234375 0.86932466875 0.7431640625 0.873234675
0 0.8818359375 0.98271484375 0.89453125 0.9840181781249999 0.8984375 0.9814115093750001 0.8896484375 0.97489483125 0.873046875 0.9761981671875001 0.8818359375 0.98271484375
0 0.8779296875 0.8445612984374999 0.873046875 0.845864634375 0.8916015625 0.8706280046874999 0.89453125 0.86932466875 0.896484375 0.8667179984375 0.890625 0.8615046578125 0.8857421875 0.8497746390625001 0.8779296875 0.8445612984374999
0 0.716796875 0.80155123125 0.7177734375 0.8054612390625 0.7275390625 0.8028545671874999 0.73046875 0.8067645734375001 0.7265625 0.80937124375 0.7275390625 0.81328125 0.734375 0.8119779140625001 0.744140625 0.80155123125 0.7275390625 0.79503455625 0.7216796875 0.79503455625 0.716796875 0.80155123125
0 0.9462890625 0.9175480765625 0.9423828125 0.9175480765625 0.935546875 0.9266714234375 0.93359375 0.9449181187500001 0.9306640625 0.948828125 0.9248046875 0.948828125 0.91796875 0.9605581437499999 0.921875 0.9605581437499999 0.939453125 0.9501314609374999 0.939453125 0.9344914359375001 0.947265625 0.9214580828125 0.9462890625 0.9175480765625
0 0.841796875 0.8380446218750001 0.84765625 0.8276179390625 0.8466796875 0.8237079328125001 0.8369140625 0.8289212734375001 0.833984375 0.8354379515625 0.8359375 0.8432579625000001 0.8427734375 0.84716796875 0.845703125 0.8536846453125 0.841796875 0.864111328125 0.841796875 0.871931340625 0.845703125 0.871931340625 0.8515625 0.8588979859375 0.8515625 0.848471303125 0.8466796875 0.8393479562499999 0.841796875 0.8380446218750001
0 0.9169921875 0.8341346156249999 0.9111328125 0.8393479562499999 0.9033203125 0.8289212734375001 0.90625 0.8588979859375 0.9111328125 0.8628079921875 0.916015625 0.8615046578125 0.921875 0.8562913156249999 0.91796875 0.845864634375 0.921875 0.8354379515625 0.9169921875 0.8341346156249999
0 0.875 0.9162447406249999 0.8603515625 0.91494140625 0.8515625 0.9266714234375 0.8505859375 0.9331881015624999 0.837890625 0.9397047781250001 0.8388671875 0.943614784375 0.853515625 0.9423114484375 0.857421875 0.9397047781250001 0.8623046875 0.9253680890625 0.8740234375 0.9227614187500001 0.875 0.9162447406249999
0 0.80859375 0.9344914359375001 0.80078125 0.9266714234375 0.814453125 0.9136380718750001 0.8173828125 0.9019080531249999 0.828125 0.8953913765625 0.8271484375 0.886268028125 0.8154296875 0.894088040625 0.8076171875 0.90712139375 0.8017578125 0.909728065625 0.79296875 0.9292780953124999 0.794921875 0.95273813125 0.810546875 0.957951471875 0.810546875 0.9501314609374999 0.80078125 0.9449181187500001 0.80078125 0.9397047781250001 0.80859375 0.9344914359375001
0 0.361328125 0.848471303125 0.3603515625 0.8445612984374999 0.349609375 0.8432579625000001 0.3544921875 0.8497746390625001 0.361328125 0.848471303125
0 0.3203125 0.619084284375 0.328125 0.6086576015625 0.3271484375 0.604747596875 0.3125 0.619084284375 0.3203125 0.619084284375
0 0.4296875 0.8197979265625 0.427734375 0.8328312796875 0.431640625 0.8328312796875 0.44140625 0.822404596875 0.4404296875 0.8184945906250001 0.4326171875 0.815887921875 0.4296875 0.8197979265625
0 0.29296875 0.8380446218750001 0.2978515625 0.8445612984374999 0.30859375 0.8432579625000001 0.3056640625 0.8341346156249999 0.2998046875 0.8367412859375 0.291015625 0.82501126875 0.29296875 0.8380446218750001
0 0.318359375 0.8197979265625 0.3212890625 0.8237079328125001 0.32421875 0.822404596875 0.3359375 0.8119779140625001 0.3349609375 0.8054612390625 0.3271484375 0.808067909375 0.318359375 0.8197979265625
0 0.28125 0.6477576625 0.287109375 0.645150990625 0.2822265625 0.6412409859375 0.2744140625 0.6568810093749999 0.2685546875 0.6542743390625 0.2607421875 0.6568810093749999 0.2578125 0.6633976859375 0.259765625 0.66600435625 0.2626953125 0.6620943515625 0.2763671875 0.6620943515625 0.28125 0.6555776734375 0.28125 0.6477576625
0 0.3134765625 0.71944110625 0.3095703125 0.724654446875 0.2998046875 0.7272611171875 0.2939453125 0.7350811296875001 0.287109375 0.736384465625 0.2900390625 0.7429011421875 0.2978515625 0.7429011421875 0.3017578125 0.7350811296875001 0.3076171875 0.7350811296875001 0.30859375 0.7389911359375 0.3046875 0.7468111484375 0.30859375 0.7468111484375 0.3154296875 0.732474459375 0.32421875 0.728564453125 0.3232421875 0.7220477765625 0.3134765625 0.71944110625
0 0.13671875 0.23590369687499999 0.146484375 0.22808368437499998 0.1455078125 0.2215670078125 0.1328125 0.23590369687499999 0.13671875 0.23590369687499999
0 0.109375 0.32713716875 0.1123046875 0.331047175 0.119140625 0.329743840625 0.1220703125 0.3154071515625 0.1142578125 0.325833834375 0.1123046875 0.3232271640625 0.109375 0.32713716875
0 0.1240234375 0.268487078125 0.126953125 0.26718374375 0.126953125 0.261970403125 0.1142578125 0.2398137015625 0.1171875 0.2567570609375 0.1240234375 0.268487078125
0 0.09375 0.2723970859375 0.1015625 0.280217096875 0.1025390625 0.2867337734375 0.1171875 0.2854304390625 0.1123046875 0.2789137609375 0.1064453125 0.2815204328125 0.1005859375 0.268487078125 0.09375 0.2723970859375
0 0.1337890625 0.46398737968750003 0.126953125 0.4731107265625 0.130859375 0.4731107265625 0.1474609375 0.46659405 0.1484375 0.4548640328125 0.1435546875 0.46398737968750003 0.1337890625 0.46398737968750003
0 0.1201171875 0.487447415625 0.12890625 0.491357421875 0.1162109375 0.46659405 0.10546875 0.465290715625 0.1171875 0.47832406875 0.1201171875 0.487447415625