0 0.25722079375 0.7180308390625 0.250167909375 0.719174059375 0.2567104484375 0.7249711750000001 0.2556994375 0.7287443234375 0.2607302984375 0.735147396875 0.2657659984375 0.736496709375 0.2667770109375 0.7327235609375 0.25722079375 0.7180308390625
0 0.8427119 0.517014496875 0.8376713578125001 0.520718946875 0.846726909375 0.53224448125 0.8532742890625 0.532987834375 0.8472372546875 0.5253041453125 0.8482482656249999 0.5215309968749999 0.8558066578125001 0.518501203125 0.8427119 0.517014496875
0 0.9111219359374999 0.6142038375000001 0.907097246875 0.609081378125 0.9005498671875 0.608338025 0.9060668765625 0.6330695765625001 0.9111219359374999 0.6142038375000001
0 0.6440555546875 0.7246257578125 0.6400405453125 0.7093957734375 0.6329779796875 0.72064651875 0.6415280250000001 0.734058628125 0.6440555546875 0.7246257578125
0 0.818442775 0.6126238046875 0.8088671984375001 0.6181461328125 0.8169214171875 0.623337290625 0.8285141765624999 0.6153224296875 0.8280135109375 0.612155240625 0.8224819828125 0.6025849765625 0.818442775 0.6126238046875
0 0.8555162812500001 0.821726965625 0.865082178125 0.8263121625000001 0.8660931890624999 0.8225390156250001 0.8610623296875 0.816135940625 0.8595603281249999 0.8066343734375 0.8494889265625 0.80393575 0.8464752499999999 0.7950401421875 0.8394223640625 0.7961833625 0.8414298703125 0.80379835625 0.8540142828124999 0.8122253984375 0.8555162812500001 0.821726965625
0 0.8137528734374999 0.7761620890625001 0.8112446999999999 0.7653799078125 0.7931142421875 0.7625438890625 0.7850648640625 0.7522989703125 0.778011978125 0.7534421906250001 0.7865620234375 0.7668542984375 0.8046924828125 0.7696903171875 0.8107295171875 0.77737400625 0.8137528734374999 0.7761620890625001
0 0.4887565703125 0.891281971875 0.5063815234375 0.8960045624999999 0.508403546875 0.8884582671875 0.506391203125 0.8858970375 0.5003444906250001 0.8883208734375 0.48221403125 0.8854848546874999 0.470130284375 0.8802250015625 0.46811309999999995 0.882717534375 0.4706261109375 0.888445953125 0.4801920078125 0.8930311515625 0.4887565703125 0.891281971875
0 0.54330765625 0.73301585625 0.546335853125 0.7267501765625 0.5382767953125 0.72661278125 0.5297219109375 0.7182544359375 0.526693715625 0.7245201171875 0.5095645875 0.7280184765625 0.5145954500000001 0.7344215515625 0.5256778625 0.7333470265625001 0.535749265625 0.7360456515625 0.54330765625 0.73301585625
0 0.9508584828125001 0.6723687734375 0.9523798390625 0.6616552890625 0.9458421390625 0.650804409375 0.9508875203124999 0.642046196875 0.9498861875 0.63571181875 0.9438443140624999 0.6330818921875 0.9357707375000001 0.6481057859375 0.9443159421875 0.66657165625 0.9433000921874999 0.6753985671875 0.9508584828125001 0.6723687734375
0 0.8133441578125 0.6769734078125 0.8209025499999999 0.6739436140625 0.8224239078125001 0.6632301296875001 0.8098249750000001 0.669964375 0.7997535734375 0.6672657515625 0.7891718265625001 0.6715074640625 0.7831154328125 0.684038825 0.7861339515625 0.6878806703125 0.793692340625 0.684850875 0.798737721875 0.6760926609375 0.8133441578125 0.6769734078125
0 0.879935434375 0.5694510125 0.8814519531249999 0.563791290625 0.8789389421875 0.558062871875 0.8849953328125 0.5455315109375001 0.8633602093749999 0.5205251703125 0.8603320140624999 0.5267908515624999 0.874418425 0.5447194609375 0.8703840578125 0.5497045265625 0.8723867234375 0.56237328125 0.879935434375 0.5694510125
0 0.70502335 0.7035545890625 0.709558384375 0.7017367125 0.7196297875 0.7044353375 0.72315865 0.7013368453125 0.7035213515625001 0.6940530234375 0.6949567875 0.695802203125 0.6798496843749999 0.6917542671875 0.67531465 0.69357214375 0.6868880500000001 0.705772334375 0.6989717984375 0.7110321890625 0.70350683125 0.7092143109375 0.70502335 0.7035545890625
0 0.419270421875 0.3398599453125 0.4233047890625 0.33487487968749996 0.423815134375 0.3279345421875 0.41524573125 0.334737484375 0.4152408921875 0.33979124843749997 0.419270421875 0.3398599453125
0 0.252610978125 0.2719504078125 0.240021725 0.268577128125 0.228934471875 0.2747054140625 0.251599965625 0.27572355625 0.252610978125 0.2719504078125
0 0.339845725 0.1729924484375 0.342873921875 0.16672676875 0.3317915078125 0.1678012921875 0.3247434609375 0.16389075 0.3171850703125 0.1669205453125 0.3181815640625 0.178308684375 0.3222110921875 0.17837738281249998 0.3237276109375 0.17271766093750002 0.32826264374999997 0.1708997828125 0.339845725 0.1729924484375
0 0.47532350624999997 0.191095396875 0.47532834375000005 0.18604163437500001 0.46777479375000003 0.184017665625 0.459710896875 0.188934034375 0.45718336718749997 0.1983669046875 0.45969637656250006 0.20409532187499999 0.4637259078125 0.2041640203125 0.4627245734375 0.19782964218750002 0.4662534375 0.19473115000000002 0.47532350624999997 0.191095396875
0 0.395651990625 0.2819697984375 0.3860812546875 0.2824383640625 0.38507024218749997 0.28621151093749997 0.3896004375 0.289447396875 0.3840447109375 0.305145946875 0.394120953125 0.3027908078125 0.39967667812499996 0.28709225781250003 0.395651990625 0.2819697984375
0 0.31964968437499997 0.223186590625 0.3035267296875 0.22796556406250001 0.30251571875 0.23173871250000003 0.3075465796875 0.23814178749999998 0.317117315625 0.2376732234375 0.324680546875 0.229589665625 0.32468538593749996 0.2245359015625 0.31964968437499997 0.223186590625
0 0.3765395546875 0.25258435156250003 0.3740265453125 0.2468559328125 0.3775650875 0.23364991562499998 0.3745465703125 0.22980807187500002 0.3619573171875 0.226434790625 0.36698817968749997 0.232837865625 0.36596748749999997 0.24671853906250002 0.37451753125 0.260130646875 0.3765395546875 0.25258435156250003
0 0.26529702187500004 0.17424843437499998 0.25574080625 0.1595557109375 0.2517112765625 0.15948701406250002 0.250194759375 0.1651467359375 0.2582441375 0.1753916546875 0.2516822390625 0.189809590625 0.2567131015625 0.1962126640625 0.2607426296875 0.1962813625 0.26529702187500004 0.17424843437499998
0 0.46215131249999997 0.27046889375 0.46367267031250003 0.25975540937499997 0.456123959375 0.252677678125 0.4551226265625 0.2463433015625 0.4606735125 0.2356985140625 0.45765499531250003 0.23185666875000002 0.44959109843749995 0.23677303749999998 0.44404021250000003 0.247417825 0.455098428125 0.27161211406249997 0.46215131249999997 0.27046889375
0 0.23895747812499998 0.327941665625 0.2394726640625 0.3159475671875 0.251060584375 0.31298646875 0.25661146874999996 0.30234168125 0.2666877109375 0.2999865421875 0.2742412625 0.30201051093750003 0.277770125 0.29891201875 0.2546039640625 0.2947266890625 0.24704557343750003 0.297756484375 0.24502354999999998 0.30530277968749997 0.2299067671875 0.31136236875 0.23241493750000003 0.32214455000000003 0.2298874078125 0.33157741875 0.23290592499999999 0.3354192640625 0.23895747812499998 0.327941665625
0 0.289824834375 0.33449445 0.2963722125 0.33523780312499996 0.308975984375 0.32344979375 0.32660577812499997 0.3231186234375 0.33064498593749997 0.3130797953125 0.3286326421875 0.310518565625 0.316539215625 0.31536623750000004 0.3100063546875 0.2994615953125 0.3029534703125 0.3006048171875 0.306978159375 0.3057272765625 0.3044506296875 0.31516014531250003 0.29487505468749997 0.3206824734375 0.289824834375 0.33449445
0 0.4265314078125 0.12140492812499999 0.41846267187499997 0.131375059375 0.414418625 0.14646765 0.431523553125 0.1682381046875 0.4360585875 0.1664202265625 0.43606342812500004 0.1613664640625 0.4224776828125 0.14660504375 0.43509597187500004 0.1196557484375 0.4300651109375 0.1132526734375 0.42200605312499995 0.11311527968749999 0.41244015625 0.10853008125000001 0.4104229734375 0.1110226140625 0.41545383437499994 0.11742568906249999 0.4265314078125 0.12140492812499999
0 0.3555793234375 0.04880974375 0.3616163578125 0.0564934328125 0.3626273703125 0.0527202859375 0.35860267968750004 0.047597824999999996 0.3470196 0.0455051609375 0.3555793234375 0.04880974375
0 0.33036210312500003 0.082493284375 0.3374149875 0.0813500640625 0.3379253328125 0.07440972812499999 0.3298759546875 0.0641648078125 0.32534091875 0.065982684375 0.33036210312500003 0.082493284375
0 0.4563320609375 0.0353658828125 0.463890453125 0.0323360875 0.4633897875 0.0291688984375 0.4573430734375 0.031592734375 0.4497895234375 0.0295687671875 0.44123463906250004 0.0212104203125 0.43368108593750004 0.019186453125 0.4220883265625 0.0272013125 0.4256123484375 0.029156584375 0.43216456875000003 0.024846175 0.4563320609375 0.0353658828125
0 0.3958649328125 0.059604239062499995 0.40240747343749994 0.06540135625 0.40341848437500005 0.0616282078125 0.4019116453125 0.057180403125 0.3943580953125 0.055156435937500005 0.38379086406249996 0.044236859375 0.367677590625 0.038908309375 0.37220294374999996 0.047197957812500003 0.379756496875 0.049221926562500004 0.38831138125 0.057580271875 0.3958649328125 0.059604239062499995
0 0.47532834375000005 0.18604163437500001 0.47079814999999997 0.1828057484375 0.460216403125 0.1870474609375 0.45718336718749997 0.1983669046875 0.4591908703125 0.20598189687500001 0.4632204015625 0.20605059374999998 0.46574793124999997 0.19661772500000002 0.47481799999999996 0.1929819703125 0.47532834375000005 0.18604163437500001
0 0.305240190625 0 0.30171764843750004 0.0131463015625 0.3067485109375 0.0195493765625 0.3168199125 0.022248 0.32790232656249996 0.021173476562499998 0.3314311890625 0.018074984375 0.32690099375 0.0148390984375 0.31833642968750003 0.016588278125 0.310782878125 0.0145643109375 0.30826986875 0.0088358921875 0.3106374390625 0 0.305240190625 0
0 0.325865784375 0.043881059374999996 0.32738230156250003 0.0382213390625 0.339475728125 0.0333736671875 0.34300943125 0.025221412500000002 0.338479234375 0.0219855265625 0.3349455328125 0.030137781250000002 0.32033425625 0.034310796875 0.31780672656250003 0.043743665625 0.324344428125 0.0545945453125 0.3283739546875 0.054663240625 0.3293849671875 0.05089009375 0.325865784375 0.043881059374999996
0 0.46265681875000003 0.2685823203125 0.4631671640625 0.2616419828125 0.4551226265625 0.2463433015625 0.4596673390625 0.2344178984375 0.45160344218750004 0.2393342671875 0.4465580625 0.24809248125 0.45410193593750003 0.260223975 0.4500675671875 0.265209040625 0.4530860828125 0.269050884375 0.46265681875000003 0.2685823203125
0 0.5311588078125 0.2697501703125 0.5442438875 0.2813444015625 0.548273415625 0.2814130984375 0.54777275 0.2782459109375 0.542241221875 0.268675646875 0.5321746609375 0.260923259375 0.5316788328125 0.2527023078125 0.526647971875 0.2462992328125 0.5201005921874999 0.2455558796875 0.5256321203125001 0.25512614375 0.524115603125 0.260785865625 0.5311588078125 0.2697501703125
0 0.656166153125 0.1758582890625 0.65163595625 0.172622403125 0.629471128125 0.17477145 0.6183838749999999 0.1808997359375 0.6219078984374999 0.1828550078125 0.6279546109374999 0.180431171875 0.648097415625 0.1858284203125 0.65565580625 0.182798625 0.656166153125 0.1758582890625
0 0.5680026671875 0.1926754296875 0.57555621875 0.19469939687499999 0.576061725 0.1928128234375 0.55441208125 0.182967771875 0.549386059375 0.171510934375 0.5378029796875 0.16941826875 0.5453468515625 0.1815497625 0.5418083109375 0.1947557796875 0.5448268281249999 0.198597625 0.5554037359375 0.199409675 0.5680026671875 0.1926754296875
0 0.6883104296875 0.27242935625000003 0.6757163375 0.27410983906249997 0.6716916484375 0.26898737968750003 0.669168959375 0.2733664859375 0.672187475 0.27720833125 0.687800084375 0.27936969375 0.6918247734375 0.284492153125 0.701896175 0.2871907765625 0.7064312109374999 0.2853729 0.70643605 0.2803191375 0.6973853390625 0.263739840625 0.6903372937500001 0.2598292984375 0.6792548796875 0.260903821875 0.67925971875 0.255850059375 0.67422401875 0.254500746875 0.6747198453125 0.2627216984375 0.68327956875 0.26602628125 0.6883104296875 0.27242935625000003
0 0.4265314078125 0.12140492812499999 0.41846267187499997 0.131375059375 0.4159254625 0.15091545312500002 0.42649753281249997 0.15678126718750002 0.431523553125 0.1682381046875 0.43555308281249994 0.1683068015625 0.436568934375 0.159479890625 0.4224776828125 0.14660504375 0.43509597187500004 0.1196557484375 0.4300651109375 0.1132526734375 0.41948820312499996 0.11244062343750001 0.41093331875 0.10408227656249999 0.407905121875 0.1103479578125 0.4109236390625 0.114189803125 0.4265314078125 0.12140492812499999
0 0.6170776484375 0.49295240937499996 0.612041946875 0.49160309687500003 0.6044835546875 0.49463289218749995 0.604478715625 0.4996866546875 0.6170776484375 0.49295240937499996
0 0.754577453125 0.5035090609374999 0.7500424171875 0.5053269390625 0.7485259 0.510986659375 0.7555691062500001 0.5199509640625 0.7565801171875 0.5161778171875 0.75154925625 0.5097747421875 0.754577453125 0.5035090609374999
0 0.63919891875 0.5362872265624999 0.6336577125 0.5368244875 0.634158378125 0.5399916765625 0.646752471875 0.53831119375 0.647262815625 0.5313708578125 0.6417312890625 0.52180059375 0.63919891875 0.5362872265624999
0 0.522395821875 0.4787036203125 0.5224006609375 0.4736498578125 0.516353946875 0.47607369374999997 0.5007413374999999 0.47391233125000004 0.49620630312499997 0.47573020781249997 0.4946897859375 0.48138992968750005 0.49821380781249996 0.48334520156250005 0.505271534375 0.4771482171875 0.5178607859375 0.48052149843749997 0.522395821875 0.4787036203125
0 0.48311638593749995 0.4691897390625 0.475057328125 0.46905234531250006 0.4730401421875 0.471544878125 0.47807100468749997 0.477947953125 0.48562455625 0.4799719203125 0.490159590625 0.47815404375000004 0.4901644296875 0.47310028125 0.48311638593749995 0.4691897390625
0 0.5606352078125 0.5223132265625 0.556100171875 0.524131103125 0.5576070109375 0.52857890625 0.5515602984375 0.5310027421875 0.5545691374999999 0.5449521125000001 0.5585986640625 0.545020809375 0.561636540625 0.5286476046875 0.5606352078125 0.5223132265625
0 0.6286558890625 0.5000988375000001 0.6200961640625 0.49679425312500003 0.628646209375 0.5102063625000001 0.63872245 0.5078512234375 0.643267165625 0.49592582187499995 0.63520810625 0.4957884265625 0.6286558890625 0.5000988375000001
0 0.506243828125 0.513805171875 0.4986854375 0.5168349671875 0.4966634140625 0.5243812625000001 0.49212837968749995 0.5261991390625 0.47500893125 0.519589971875 0.46996839062499995 0.5232944234375 0.4936352171875 0.5306469421875 0.501193609375 0.527617146875 0.506243828125 0.513805171875
0 0.5647421687499999 0.4415217203125 0.573802559375 0.44799349218750006 0.5702688578124999 0.456145746875 0.5793292484375 0.46261751875 0.5853759609375 0.4601936828125 0.5793486062500001 0.44240246718750004 0.5647421687499999 0.4415217203125
0 0.6034967421874999 0.47313722656249996 0.5964486953125 0.469226684375 0.5853614421875 0.47535497031249996 0.58232840625 0.4866744140625 0.5853469234374999 0.490516259375 0.591894303125 0.49125961250000005 0.5954328453125 0.47805359531249997 0.6039974078125 0.47630441562500003 0.6034967421874999 0.47313722656249996
0 0.48666944531249995 0.44082243437499996 0.4962450203125 0.43530010625 0.4962498609375 0.43024634375000004 0.4922251703125 0.42512388437500004 0.48567779062499994 0.42438053125 0.48970248125 0.42950299062499997 0.4881859640625 0.43516271250000005 0.47306918124999997 0.4412223015625 0.476583525 0.4532850984375 0.480613053125 0.45335379531250003 0.48666944531249995 0.44082243437499996
0 0.7168242125 0.4782279328125 0.7138105359375 0.469332325 0.70827416875 0.46481582499999996 0.702728121875 0.47040685 0.7047307875000001 0.4830756046875 0.7137863375 0.49460113906250003 0.71530285625 0.4889414171875 0.7168242125 0.4782279328125
0 0.735489215625 0.44885480156249996 0.7314548484375 0.4538398671875 0.7304341562500001 0.46772054062499996 0.7238819390625 0.47203095 0.7238770999999999 0.47708471250000006 0.73193615625 0.47722210625 0.7420172375 0.4698132046875 0.750572121875 0.47817155156249996 0.7631613749999999 0.48154483125 0.77273695 0.476022503125 0.757124340625 0.47386114062500007 0.7490749625 0.463616221875 0.741521409375 0.46159225312499996 0.73850289375 0.457750409375 0.74304276875 0.45087876875 0.73801190625 0.44447569531250003 0.731464528125 0.4437323421875 0.735489215625 0.44885480156249996
0 0.5087761984375 0.4993185390625 0.511794715625 0.503160384375 0.5253998203125 0.49770675468750003 0.5249039921875001 0.4894858015625 0.5344747265625001 0.4890172375 0.5430441312500001 0.4822142953125 0.5606787640625 0.4768293625 0.5647179718750001 0.466790534375 0.5662393296875 0.45607705000000004 0.5571741 0.454659040625 0.549606028125 0.467796359375 0.533983740625 0.4757425234375 0.5294438671874999 0.4826141625 0.5153380953125 0.4849006046875 0.5153284171875 0.4950081296875 0.5087761984375 0.4993185390625
0 0.345568184375 0.5091707140625 0.337008459375 0.50586613125 0.34102831093749997 0.5160423546875 0.3450578375 0.5161110515625 0.345568184375 0.5091707140625
0 0.35901358125 0.670491253125 0.3383701109375 0.661926815625 0.34088312187500003 0.667655234375 0.3479311671875 0.6715657765625 0.35749706406250004 0.676150975 0.3650506140625 0.6781749421875001 0.3655561203125 0.67628836875 0.35901358125 0.670491253125
0 0.3268305859375 0.6143502875 0.3152426671875 0.617311384375 0.317250171875 0.6249263765624999 0.3369019890625 0.6170489109374999 0.3364013234375 0.613881721875 0.32935327812500004 0.6099711796875 0.3268305859375 0.6143502875
0 0.34601561406250003 0.5679292921875 0.33997858124999997 0.560245603125 0.3283955015625 0.5581529375 0.341475740625 0.5748009328125 0.3465114421875 0.5761502453125 0.3540698328125 0.57312045 0.35407467187499997 0.5680666875 0.34601561406250003 0.5679292921875
0 0.34700242812500004 0.589424959375 0.34851894687499996 0.5837652375 0.3424770734375 0.581135309375 0.3389336921875 0.5993950906250001 0.3409411953125 0.6070100828125 0.3479940828125 0.6058668625 0.3500209453125 0.593266803125 0.34700242812500004 0.589424959375
0 0.3363238890625 0.694741925 0.341874775 0.6840971375 0.3388610984375 0.67520153125 0.3212361453125 0.6704789390625 0.31721629375 0.660302715625 0.31218059375 0.6589534046875001 0.31166540781249996 0.6709475031250001 0.317201775 0.6754640046875 0.332814384375 0.677625365625 0.3363238890625 0.694741925
0 0.5396652953125 0.3286461421875 0.5321117453124999 0.326622175 0.515988790625 0.33140115 0.5144722734375 0.337060871875 0.5174907890625 0.340902715625 0.5250443406249999 0.34292668437499996 0.529579375 0.3411088078125 0.5351302609374999 0.3304640203125 0.5396652953125 0.3286461421875
0 0.5199699234375 0.38200747343749997 0.5275283140625 0.3789776796875 0.527533153125 0.373923915625 0.506398696875 0.352084765625 0.49632729375 0.349386140625 0.49179225937500004 0.3512040171875 0.5003519828125 0.3545086 0.5084013609375 0.36475352031249997 0.51544940625 0.3686640625 0.52048026875 0.3750671375 0.5199699234375 0.38200747343749997
0 0.796563484375 0.316600853125 0.7799592203125 0.2979975875 0.76887680625 0.29907211093749997 0.7557868875 0.2925316421875 0.7577943921875 0.3001466359375 0.778442703125 0.303657309375 0.788504425 0.316463459375 0.796057978125 0.3184874265625 0.796563484375 0.316600853125
0 0.7582853796875 0.31342135 0.7582902203125 0.3083675875 0.7446851156250001 0.3138212171875 0.730064159375 0.3281017578125 0.7285476421875 0.33376147968750003 0.7350853421875 0.3446123578125 0.7366066984375 0.3338988734375 0.7466877796875 0.326489971875 0.7487098046875 0.3189436765625 0.7582853796875 0.31342135