0 0.639793965625 0.2632669984375 0.6347142406249999 0.2644397453125 0.6341033453125 0.26758753125 0.64067268125 0.26707313125 0.639793965625 0.2632669984375
0 0.452614453125 0.4026968046875 0.447095371875 0.40196648437500004 0.44692383593749996 0.4070173375 0.45349316875 0.4065029375 0.452614453125 0.4026968046875
0 0.6271909390625 0.2782036375 0.6237723625 0.27498387812499997 0.6240401828125 0.281937796875 0.6289483687499999 0.2858159046875 0.6271909390625 0.2782036375
0 0.48973738281249996 0.37809029843749997 0.49481710625 0.3769175515625 0.49393839218749996 0.37311141875 0.4905198140625 0.369891659375 0.4869297 0.37172275312499997 0.48973738281249996 0.37809029843749997
0 0.622917978125 0.06270410625 0.6307091 0.0558941328125 0.6304412796875 0.0489402140625 0.6215999046875 0.05699490625 0.609339953125 0.0618298390625 0.6040886921874999 0.0680534390625 0.60357408125 0.0832059984375 0.611365203125 0.076396025 0.61004713125 0.070686825 0.6152983937500001 0.064463225 0.622917978125 0.06270410625
0 0.61785598125 0.3304712875 0.610064859375 0.3372812609375 0.6077928171875 0.34482155312499996 0.59421479375 0.3439472875 0.5844947031250001 0.348195846875 0.5838838078124999 0.35134363281250003 0.609110890625 0.35053075312500004 0.61646265625 0.3418177140625 0.61785598125 0.3304712875
0 0.4165871359375 0.24664534843750002 0.42928644531250004 0.24371348125 0.43243720156250004 0.239979321875 0.42962951875 0.2336117765625 0.4254285109375 0.23859065625000003 0.4158799578125 0.2377883625 0.411582665625 0.23076247031250002 0.41578367343749995 0.225783590625 0.41341535 0.22131911093749998 0.40098386093749994 0.231204896875 0.4061598671875 0.24203692187499998 0.4165871359375 0.24664534843750002
0 0.5728068890625 0.054228160937500006 0.5630115453125 0.0755323453125 0.574660603125 0.07384519843750001 0.57815443125 0.0600093328125 0.5914646375 0.053929679687499996 0.5988164031250001 0.045216640625 0.5964480765625 0.0407521609375 0.5728068890625 0.054228160937500006
0 0.19551956875 0.5231890921875 0.19517649374999999 0.5332907984374999 0.199645321875 0.5352658375 0.207875803125 0.53035893125 0.20506812187499998 0.523991384375 0.1986703234375 0.5194549312500001 0.19551956875 0.5231890921875
0 0.292482540625 0.6361071890625001 0.28022258906249997 0.6409421234375 0.277854265625 0.6364776421875 0.270406215625 0.6331859109375 0.266816103125 0.635017003125 0.27155275156249997 0.6439459624999999 0.2815406609375 0.6466513218750001 0.288720890625 0.6429891359375 0.292482540625 0.6361071890625001
0 0.0402327546875 0.6732963890625 0.056007565625 0.6836859890625 0.060572678125 0.6976658015625 0.0667026546875 0.695248334375 0.0642380453125 0.6787790828125 0.042504795312499996 0.665756096875 0.0402327546875 0.6732963890625
0 0.28799268125 0.6050717515625 0.3058679984375 0.6129719109375 0.304989284375 0.6091657781250001 0.30218160156249996 0.60279823125 0.2871139671875 0.6012656187500001 0.2683599359375 0.5895593265625 0.2525098703125 0.596225353125 0.260397275 0.6014201531250001 0.2735359421875 0.600391353125 0.2829129578125 0.6062444984375001 0.28799268125 0.6050717515625
0 0.0659833125 0.7906281671875 0.07587493749999999 0.7813287546875001 0.0726279 0.7730581421875 0.064301134375 0.7659602765625 0.06806278593750001 0.7590783296875 0.06481574531249999 0.7508077171875 0.05116246875 0.7669890765625 0.0550204015625 0.772111903125 0.06693727968749999 0.777378675 0.06361498593750001 0.7861636875 0.0659833125 0.7906281671875
0 0.187737309375 0.6632962828125 0.19125216875 0.6785208140625001 0.20404776249999998 0.6875937203125 0.20546211875 0.7053076921875 0.209930946875 0.7072827328125 0.21755053281249997 0.7055236125000001 0.218772321875 0.6992280390625 0.206148265625 0.68510428125 0.206930696875 0.676905640625 0.2005329015625 0.6723691875 0.1974574 0.659047721875 0.189302171875 0.6468990031249999 0.1822934828125 0.6455103359375001 0.1809001546875 0.6568567625 0.187737309375 0.6632962828125
0 0.10919085625 0.9430174375 0.10831214062500001 0.9392113046875 0.0917548984375 0.9370203437500001 0.088164784375 0.9388514375 0.08904349843750001 0.9426575703125 0.0960521890625 0.9440462374999999 0.10919085625 0.9430174375
0 0.196788978125 0.94584556875 0.1937134765625 0.932524103125 0.186704784375 0.9311354375 0.19214861249999998 0.9489213828124999 0.20047537656249997 0.9560192484375 0.20853431875 0.9561631953124999 0.207655603125 0.9523570625 0.196788978125 0.94584556875
0 0.19720730625 0.9186882375 0.1909810484375 0.90910093125 0.183533 0.9058091984375001 0.1750346984375 0.9037621859374999 0.1668042171875 0.9086690921875 0.16961189999999998 0.9150366390625001 0.1827505671875 0.9140078390624999 0.192566940625 0.9217640515625 0.19720730625 0.9186882375
0 0.1515019578125 0.8250061375 0.1557029671875 0.8200272578125001 0.1633225546875 0.8182681374999999 0.16200448125 0.8125589390625001 0.14930517031249999 0.81549080625 0.1425643015625 0.8210560578124999 0.12224540625 0.8257470453125 0.11655478749999999 0.830067578125 0.118751575 0.8395829109375 0.1227810453125 0.839654884375 0.126103340625 0.8308698718749999 0.1515019578125 0.8250061375
0 0.17699460312499998 1 0.160030153125 0.9894107671875 0.14242265781250002 0.9884645265625001 0.1437407296875 0.9941737265624999 0.1562685015625 0.9962927125000001 0.16149691875 1 0.17699460312499998 1
0 0.433920209375 0.7157057421874999 0.437070965625 0.7119715828125 0.4342632828125 0.7056040375 0.412797853125 0.6995349703125 0.40806120312500005 0.6906060109375 0.3980732921875 0.6879006515625 0.40342083593750006 0.693681825 0.4030777625 0.70378353125 0.41350502968749997 0.7083919578125 0.424103834375 0.7079495296875 0.433920209375 0.7157057421874999
0 0.5614400796875 0.5669976984375 0.557314325 0.554920953125 0.551966778125 0.5491397796874999 0.5503808859375 0.5364766609375 0.5439078359375 0.5489958328125 0.55504228125 0.5624612453125 0.5530380625 0.5769554578125 0.5609254671875 0.5821502578125 0.5576784265625 0.5738796453125 0.5614400796875 0.5669976984375
0 0.6362846671875 0.618873721875 0.6305940484375 0.6231942546875 0.632962375 0.627658734375 0.6365524890625001 0.6258276406250001 0.6362846671875 0.618873721875
0 0.7985348125 0.64956833125 0.80168556875 0.645834171875 0.79931724375 0.641369690625 0.7929194468749999 0.6368332390625 0.79318726875 0.6437871578125 0.7985348125 0.64956833125
0 0.728610575 0.4973335953125 0.7284390390625 0.5023844484375 0.737987590625 0.5031867421875 0.7432388515625 0.49696314218750004 0.740870528125 0.49249866249999996 0.7345690140625 0.49996698124999994 0.728610575 0.4973335953125
0 0.6271666078125 0.4866772765625 0.6210366328125 0.48909474375000006 0.6229656 0.49165615625000003 0.630585184375 0.4898970359375 0.6365436250000001 0.4925304234375 0.6467030703125001 0.49018492968749994 0.6462637124999999 0.48828186406249996 0.6271666078125 0.4866772765625
0 0.6765793828125 0.6195934546874999 0.682709359375 0.6171759875 0.680341034375 0.6127115078125 0.666323653125 0.609934175 0.6627335390625 0.6117652687499999 0.6765793828125 0.6195934546874999
0 0.6517706296875 0.5932490031250001 0.6494023046875 0.5887845234375 0.645372834375 0.58871255 0.6469587265625 0.60137566875 0.6406572125000001 0.6088439890624999 0.6489839765625 0.6159418546875 0.6482767984375 0.60708486875 0.6545783125 0.5996165484375 0.6517706296875 0.5932490031250001
0 0.7025047796874999 0.4943403421875 0.7047015671875 0.503855675 0.693320328125 0.5124967421875 0.6940275078125 0.5213537265625 0.7019901671875 0.5094929015624999 0.70812014375 0.507075434375 0.710735259375 0.4894334359375 0.7025047796874999 0.4943403421875
0 0.762922521875 0.70389358125 0.7532024328125 0.7081421406249999 0.742699909375 0.720589340625 0.7312223890625 0.717225634375 0.73061149375 0.7203734203125001 0.7355196828125 0.7242515265625 0.7435786249999999 0.7243954734375 0.7528593578125 0.718243846875 0.762922521875 0.70389358125
0 0.82236856875 0.6601018765625 0.8116734796875 0.64853953125 0.8040538937499999 0.65029865 0.8009031359375 0.6540328109375 0.802221209375 0.6597420109375001 0.816238590625 0.66251934375 0.8194856312500001 0.6707899562499999 0.8247368921874999 0.66456635625 0.82236856875 0.6601018765625
0 0.8250711015625001 0.5211674328125 0.8191126640625 0.5185340468749999 0.8114930781249999 0.5202931656249999 0.7961576234375001 0.511806634375 0.781968703125 0.514080153125 0.8047522062500001 0.5258584187500001 0.8204307359375 0.5242432453125 0.8272678890625 0.530682765625 0.8250711015625001 0.5211674328125
0 0.6658422359375 0.5499103125 0.6734618218749999 0.5481511921875 0.6776628296875 0.5431723125000001 0.6696038859375 0.543028365625 0.6572476515625 0.5358585265625 0.6441089859375 0.5368873265625 0.6321921078125 0.531620553125 0.62860199375 0.533451646875 0.6328992859375 0.5404775390625 0.653486 0.5427404734375 0.6658422359375 0.5499103125
0 0.7884838140625 0.5596817765625001 0.788751634375 0.5666356968749999 0.7996182593750001 0.5731471890625001 0.8127569250000001 0.5721183890625 0.8118782109374999 0.56831225625 0.7993504390624999 0.5661932703125 0.7962749359375 0.5528718046875001 0.7918061078124999 0.5508967640625 0.7862870265625 0.55016644375 0.775956040625 0.557562790625 0.7747342515625 0.5638583640625 0.77920308125 0.565833403125 0.7884838140625 0.5596817765625001
0 0.7246320265625 0.6886796359375 0.7326909703125 0.6888235828125 0.7318122546875 0.6850174484375 0.7196275562500001 0.67279675625 0.704292103125 0.6643102234375 0.702095315625 0.6547948906250001 0.6950866234374999 0.653406225 0.6936932984374999 0.66475265 0.6979905890625 0.67177854375 0.709468109375 0.67514225 0.7246320265625 0.6886796359375
0 0.7715713296875 0.6718293421875 0.7861996078125 0.6714588890625001 0.7931330437499999 0.6899031812499999 0.7976018734375 0.6918782218749999 0.8132804015625 0.6902630484375 0.8164311578125 0.6865288875 0.8131841171874999 0.678258275 0.80688260625 0.6857265953125 0.802853134375 0.685654621875 0.7993382734375001 0.6704300890625 0.7908399734375 0.6683830765625001 0.7895219 0.6626738765625 0.7850530703125 0.6606988375 0.7696423625000001 0.6692679296875 0.7715713296875 0.6718293421875
0 0.90443544375 0.7664365078125 0.905753515625 0.7721457078125 0.9161807828124999 0.776754134375 0.919770896875 0.774923040625 0.91564514375 0.7628462953125 0.9075862000000001 0.7627023484375 0.90443544375 0.7664365078125
0 0.9474957828124999 0.7154029921875 0.9421482375 0.70962181875 0.931110075 0.7081611796875 0.9437341312499999 0.7222849375 0.9538935796875 0.71993944375 0.957044334375 0.716205284375 0.954236653125 0.7098377390625 0.9474957828124999 0.7154029921875
0 0.787430259375 0.798460534375 0.7812040015624999 0.788873228125 0.7746346671875 0.789387628125 0.7749024875 0.7963415484375 0.783840146875 0.8002916265625 0.7805178515625 0.809076640625 0.7827146390624999 0.8185919734375 0.7876228265624999 0.8224700796875 0.787430259375 0.798460534375
0 0.8303821499999999 0.8396590640625 0.8348509796875 0.8416341046875001 0.8471109312499999 0.8367991703125 0.8498223296875 0.8311619453124999 0.8474540046874999 0.8266974656249999 0.843863890625 0.8285285578125 0.8436923546875 0.8335794109375 0.8386126296875 0.8347521578125001 0.830628940625 0.8175525859375 0.8261601125 0.8155775453125 0.8200301375000001 0.8179950125 0.825988575 0.8206283984375 0.8303821499999999 0.8396590640625
0 1 0.7011253125 0.9795600171875 0.72102963125 0.9937489359375 0.7187561109375 1 0.71134758125 1 0.7011253125
0 0.9006195671875 0.819434478125 0.896761634375 0.8143116515625 0.9026237890625 0.8049402656250001 0.9006948203125 0.802378853125 0.8983264953125 0.7979143734374999 0.894297025 0.7978424000000001 0.894564846875 0.80479631875 0.8893135843750001 0.8110199187499999 0.8718023718750001 0.8220784515625 0.887748721875 0.8274171984375001 0.89536830625 0.8256580781249999 0.9006195671875 0.819434478125
0 0.9093104343749999 0.8454910375000001 0.8955608734375 0.8496676234375 0.8877697515625 0.8564775953125 0.8861086046875 0.8608701015625 0.890845253125 0.8697990609374999 0.882003878125 0.8778537546875 0.8833219515625 0.8835629546874999 0.898732659375 0.8749938609375001 0.9018834171875 0.8712597015625001 0.9013477734374999 0.8573518625000001 0.9091388968749999 0.8505418890625001 0.9197377031249999 0.8500994625 0.9188589875 0.8462933296875 0.9156119468749999 0.8380227171874999 0.9081638984374999 0.834730984375 0.8899455093749999 0.8369325312499999 0.87802863125 0.8316657578125 0.8808363140625 0.838033303125 0.8938034437500001 0.84205535625 0.903962890625 0.8397098640625 0.9093104343749999 0.8454910375000001