0 0.72505875 0.7079474265625 0.73376755625 0.7061858921875 0.7389367874999999 0.6928637453125 0.7537218390625 0.67642740625 0.7524055578125 0.6699707687500001 0.74696348125 0.6780867203125001 0.7392981109375001 0.6810986921875 0.7305008265625 0.699831475 0.71970515 0.6990921296875 0.72505875 0.7079474265625
0 0.6667884921875 0.4917404140625 0.6700552203125001 0.4980948328125 0.6683776171875 0.5034032484375001 0.6687868859375 0.5112125421875 0.6707373343749999 0.5111103234375001 0.6738196953125 0.49528729687500006 0.6667884921875 0.4917404140625
0 0.8069039281249999 0.8328653734374999 0.81212110625 0.8391175734375 0.8149785671875 0.8376626953124999 0.8092157 0.8209981031250001 0.8064946609374999 0.8250560796874999 0.8069039281249999 0.8328653734374999
0 0.9175412062499999 0.8727464578124999 0.9076525421875001 0.870654453125 0.9054292484375001 0.865550475 0.902708209375 0.86960845 0.9059749375000001 0.87596286875 0.9137767312499999 0.87555399375 0.9249816765625001 0.8841026359375 0.9175412062499999 0.8727464578124999
0 0.710782321875 0.45419644843749996 0.707427115625 0.4648132796875 0.709650409375 0.46991725781250004 0.7188569609375 0.4589937703125 0.7174042578125001 0.44993403593750003 0.710782321875 0.45419644843749996
0 0.8926682953125 0.7526734640625 0.8944823218750001 0.749968146875 0.8919861828125001 0.7396579734375 0.8975646828125001 0.73414511875 0.8923475046875 0.7278929203125 0.8858619921875001 0.7347584312500001 0.8845936578125 0.7478761421875 0.8859099374999999 0.7543327796875 0.8926682953125 0.7526734640625
0 0.7113981984375 0.6525430140624999 0.7080429921875 0.6631598453125 0.7108119765625001 0.6786762171875 0.707320346875 0.6866899484375 0.715122140625 0.6862810734375 0.71679974375 0.680972659375 0.714030759375 0.6654562859375 0.7212868625 0.65463501875 0.7207411718750001 0.644222625 0.7155239953125 0.637970428125 0.712666534375 0.6394253046875 0.715162671875 0.649735478125 0.7113981984375 0.6525430140624999
0 0.73376755625 0.7061858921875 0.7398438015625 0.6915110859375 0.7538582609375 0.6790305046875 0.7524055578125 0.6699707687500001 0.7392981109375001 0.6810986921875 0.728550378125 0.69993369375 0.7177547015625 0.6991943484375 0.72505875 0.7079474265625 0.73376755625 0.7061858921875
0 0.8237941421875 0.61402449375 0.8365402671875 0.6146616218750001 0.8437963703125 0.6038403546875 0.8424800890625 0.597383715625 0.829099796875 0.60330544375 0.8186654421874999 0.590801046875 0.8100930578125001 0.595165678125 0.810365903125 0.6003718734375 0.8153102359375 0.6014178765625 0.8237941421875 0.61402449375
0 0.719907809375 0.5163641515624999 0.720317078125 0.524173446875 0.7249000875 0.5369845015625 0.7307514312500001 0.5366778453125 0.733199625 0.527413671875 0.7469891859375 0.529301240625 0.7495738015625 0.5226401671875001 0.742679021875 0.521696384375 0.7362819859374999 0.511590646875 0.728616615625 0.5146026203125 0.7226288484375 0.512306178125 0.719907809375 0.5163641515624999
0 0.674848303125 0.384297853125 0.6712202515625 0.3897084875 0.660424575 0.388969140625 0.6629207140625 0.39927931562499996 0.6619252234374999 0.417603221875 0.6681858359375 0.42510586093749997 0.6704976078125 0.4132385890625 0.6782994 0.41282971562500004 0.6796156812499999 0.41928635312500007 0.683516578125 0.41908191562499997 0.6829708875 0.408669521875 0.674623403125 0.398666003125 0.677978609375 0.3880491734375 0.674848303125 0.384297853125
0 0.8749447203124999 0.8436558703125 0.8664608140625001 0.831049253125 0.856708571875 0.831560346875 0.8541239562499999 0.8382214203125 0.86505605625 0.841563865625 0.866508759375 0.8506235999999999 0.8807075875000001 0.8603204625 0.8812532781250001 0.8707328562500001 0.8669659718749999 0.8780072421874999 0.8661953812500001 0.8819629984375 0.8856998656249999 0.8809408124999999 0.8938150359374999 0.8491925390624999 0.902523840625 0.8474310062500001 0.90329443125 0.84347525 0.8980772546875 0.8372230500000001 0.892225909375 0.83752970625 0.8869202546875 0.84824875625 0.8807960640625 0.8433492140625001 0.8749447203124999 0.8436558703125
0 0.44104905937499994 0.6066757093749999 0.436104728125 0.60562970625 0.428848625 0.616450975 0.41832579374999995 0.620917825 0.4244499828125 0.6258173671875 0.43315878906250005 0.6240558328125 0.44104905937499994 0.6066757093749999
0 0.430260796875 0.66205630625 0.43697120937499995 0.64082264375 0.43175403125 0.6345704453125001 0.4259026875 0.6348771015625 0.42367939374999997 0.629773121875 0.42304522499999997 0.6363319796875 0.4272189671875 0.6413337375 0.42622347656250004 0.6596576437499999 0.430260796875 0.66205630625
0 0.448744084375 0.8281435046875 0.4499239421875 0.8319970421875 0.46058319687499993 0.830133290625 0.45754136875 0.8094107234375001 0.47119450625 0.8086951921875001 0.46180358750000006 0.797441234375 0.4559522421875 0.797747890625 0.453231203125 0.801805865625 0.4515536 0.80711428125 0.454322584375 0.8226306515624999 0.448744084375 0.8281435046875
0 0.47019160312499997 0.7708991578125 0.47082577031249995 0.7643403015625 0.461707696875 0.7582925406250001 0.44819098124999995 0.76161116875 0.44379233906250004 0.7709775609375 0.4491459390625 0.7798328578125 0.4539538484375 0.7782757609375001 0.47019160312499997 0.7708991578125
0 0.4513361140625 0.8776023734375 0.4477080625 0.88301300625 0.45383225312500003 0.8879125468750001 0.45941075312499996 0.88239969375 0.4588650625 0.8719873 0.45441847500000004 0.8617793453125 0.46167457812499996 0.8509580765625 0.46203589999999994 0.8391930249999999 0.45269292656250004 0.8475134140625 0.446480259375 0.8595851218749999 0.4513361140625 0.8776023734375
0 0.444234725 0.6861213171875 0.42813339375000004 0.696101021875 0.43140012343749995 0.7024554390625 0.437387890625 0.70475188125 0.4467308640625 0.6964314921875 0.44986117031250006 0.7001828125 0.4522208859375 0.7078898890625 0.441200309375 0.7215186921875001 0.4407025640625 0.7306806453125 0.452132409375 0.7248611375 0.458393021875 0.7323637765625 0.46320093125 0.7308066796875 0.46696540625000005 0.7279991453125 0.46809731875000005 0.7122783375 0.457935809375 0.704980134375 0.46741520468750003 0.6992628437499999 0.464012053125 0.690305328125 0.45425981249999997 0.6908164218749999 0.45008607031250003 0.6858146609375 0.444234725 0.6861213171875
0 0.12940142500000001 0.7430798750000001 0.1305812828125 0.7469334125 0.13343874375 0.7454785359375 0.1387443984375 0.7347594875000001 0.13819870781250002 0.72434709375 0.147814528125 0.721232903125 0.14468422187500002 0.7174815828125001 0.1367460046875 0.7152873578125 0.1340249671875 0.719345334375 0.13484350312499999 0.734963925 0.12940142500000001 0.7430798750000001
0 0.164332540625 0.7751824359375 0.1608409109375 0.7831961671875 0.16501465312500002 0.788197928125 0.1682334375 0.7749780000000001 0.1657372984375 0.764667825 0.1668692109375 0.748947015625 0.161652034375 0.742694815625 0.1577511375 0.7428992531249999 0.1629683140625 0.749151453125 0.1612907109375 0.7544598687499999 0.164332540625 0.7751824359375
0 0.139754715625 0.8286754640625 0.1436556125 0.8284710265624999 0.1490976890625 0.8203550749999999 0.1488248453125 0.815148878125 0.14047736093750002 0.8051453593750001 0.135757928125 0.7897312078125001 0.13067717343750002 0.7860821062500001 0.136849309375 0.8105559937500001 0.1429735 0.815455534375 0.139754715625 0.8286754640625
0 0.1414397328125 0.879486990625 0.14429719375 0.8780321125 0.1588094 0.856389578125 0.1588978765625 0.839418328125 0.15422639062500001 0.8435785234375001 0.1547720796875 0.8539909171875 0.1499641703125 0.8555480125000001 0.14361508125 0.865016621875 0.14025987499999998 0.8756334515624999 0.1414397328125 0.879486990625
0 0.17536053125 0.817673575 0.1821188890625 0.816014259375 0.18588336249999998 0.8132067234375 0.1850648265625 0.7975881328125001 0.1941349546875 0.78406155 0.190731803125 0.7751040328125 0.17921348125 0.7978947890625 0.1817096203125 0.8082049640625 0.174180671875 0.8138200359375001 0.17536053125 0.817673575
0 0.0937219609375 0.883292896875 0.10025541874999999 0.8960017328125 0.0915466125 0.897763265625 0.0888255734375 0.9018212406250001 0.0875572390625 0.9149389515624999 0.0839291875 0.9203495859374999 0.08510904531249999 0.9242031234375 0.08796650624999999 0.9227482453125001 0.09390632812500001 0.9054703421875001 0.1036585703125 0.9049592484375 0.1058818640625 0.9100632265625 0.11014408281250002 0.8980937375 0.107784365625 0.8903866609375 0.0994368828125 0.8803831421874999 0.097711334375 0.8661172109375 0.0937219609375 0.883292896875
0 0.094311646875 0.540014390625 0.0884603015625 0.540321046875 0.077889525 0.5252135499999999 0.0598377453125 0.535295471875 0.0782987921875 0.53302284375 0.0867826984375 0.5456294625 0.09549150468749999 0.543867928125 0.094311646875 0.540014390625
0 0.1974936265625 0.4562994140625 0.2023015359375 0.45474231875 0.203842715625 0.4468308046875 0.1986255390625 0.4405786046875 0.1906873234375 0.43838438125 0.189098196875 0.4267215484375 0.1840174421875 0.4230724484375 0.1821149390625 0.44274901250000004 0.1931834609375 0.44869455625 0.1974936265625 0.4562994140625
0 0.5627509093749999 0.2792370921875 0.56755881875 0.2776799953125 0.5793499859375 0.260095434375 0.5762196796875 0.25634411562500004 0.5686907328124999 0.26195918749999997 0.5633850781249999 0.2726782359375 0.5528622453125001 0.2771450859375 0.5559925515625 0.28089640625 0.5627509093749999 0.2792370921875
0 0.6286642984374999 0.324072303125 0.6258068375 0.32552718125 0.628166553125 0.3332342578125 0.6211832953124999 0.349261721875 0.6250841921875 0.349057284375 0.632203871875 0.33563291875 0.6286642984374999 0.324072303125
0 0.608485115625 0.3681989390625 0.61710544375 0.38340865625 0.6210063406249999 0.38320421875 0.6205970734374999 0.37539492343749997 0.6142000375000001 0.3652891875 0.615195528125 0.3469652796875 0.612065221875 0.343213959375 0.6062138765625 0.343520615625 0.6054432859375 0.34747637343750004 0.60948060625 0.349875034375 0.608485115625 0.3681989390625
0 0.5730933234375 0.6258580421875 0.5608449421875 0.6160589609375 0.557666690625 0.5927332953125 0.5485486171875 0.5866855328125 0.544013553125 0.5934488250000001 0.5540386390625 0.5981439296875 0.5551300203125 0.6189687171875 0.5643845171875 0.6276195765625 0.5730933234375 0.6258580421875
0 0.6549127968749999 0.89956146875 0.6464768359375 0.9065291999999999 0.6592229609375 0.907166328125 0.6677068671875 0.91977294375 0.6786389671874999 0.9231153890625 0.6607641421875 0.8992548140625001 0.6549127968749999 0.89956146875
0 0.6570402 0.8655167546874999 0.6511888546875 0.865823409375 0.6431621609375 0.880600434375 0.650466209375 0.8893535140625 0.6630759125 0.8873875437500001 0.6527779796875001 0.87748624375 0.6570402 0.8655167546874999
0 0.344618025 0.6326114296875 0.3383574125 0.625108790625 0.3405327609375 0.610638421875 0.335997696875 0.6174017140625 0.3345929390625 0.6279163265625 0.3400829609375 0.639374721875 0.3448908703125 0.6378176265625 0.344618025 0.6326114296875
0 0.2229675859375 0.662479090625 0.223376853125 0.6702883843749999 0.22727775 0.670083946875 0.236347878125 0.6565573640625 0.2386596484375 0.64469009375 0.2229675859375 0.662479090625
0 0.26891927656250003 0.6809528484375 0.2700991359375 0.6848063859375 0.2749070453125 0.683249290625 0.28515703124999997 0.67357624375 0.29504569531249997 0.6756682484375001 0.299580759375 0.66890495625 0.2993079140625 0.663698759375 0.294636428125 0.667858953125 0.2866982125 0.6656647296875 0.28098328906250003 0.668574484375 0.26891927656250003 0.6809528484375
0 0.21910722031250002 0.6261379328125 0.22300811718750002 0.6259334953125 0.230127796875 0.6125091281249999 0.22708596874999998 0.5917865609375 0.23447849375000002 0.5835683921875 0.2313481875 0.579817071875 0.220961778125 0.5868870203125 0.221643890625 0.5999025109375 0.22595405624999998 0.6075073703125 0.21910722031250002 0.6261379328125
0 0.262924096875 0.6225364640625 0.2581161875 0.624093559375 0.2633333640625 0.630345759375 0.266190825 0.62889088125 0.2861451078125 0.5991323937499999 0.2806550859375 0.5876739984375 0.2671383703125 0.590992628125 0.26065285781249997 0.5978581390625 0.261832715625 0.6017116765625 0.27339898281249997 0.5984952671875 0.2765292890625 0.6022465859375 0.262924096875 0.6225364640625
0 0.39140654375 0.46179835625 0.4020657984375 0.45993460468749997 0.4013836859375 0.4469191125 0.3903151640625 0.44097356874999993 0.38573215312500003 0.42816251406249994 0.383011115625 0.43222049062499995 0.38355680625 0.44263288437500004 0.389953840625 0.452738621875 0.38618936718749997 0.45554615624999995 0.39140654375 0.46179835625