0 0.4091378984375 0.680320815625 0.4069099875 0.67794471875 0.3999835765625 0.6796982890625001 0.408798740625 0.6822442671875 0.4091378984375 0.680320815625
0 0.8093493484375 0.9174823203125 0.8196176265625 0.9192928953124999 0.8199567828125 0.9173694421875 0.8129338875000001 0.91216460625 0.80857455 0.9143708203124999 0.8093493484375 0.9174823203125
0 0.4733614265625 0.7213939828125 0.477720765625 0.71918776875 0.47728512187499994 0.714152815625 0.4760746796875 0.7060063609375 0.47171533906249996 0.708212575 0.4733614265625 0.7213939828125
0 0.647968940625 0.781930825 0.6519891234374999 0.7816480640625 0.65257095 0.770842753125 0.64777596875 0.7680140125 0.643416628125 0.7702202265625 0.647968940625 0.781930825
0 0.3882621859375 0.67862311875 0.38671258750000004 0.6724001171875 0.36695083125 0.67189046875 0.3824497328125 0.6815647375 0.3853559609375 0.680093928125 0.39271801093750003 0.6833753109375 0.3959633953125 0.6799810500000001 0.3882621859375 0.67862311875
0 0.542034965625 0.8723308375000001 0.523726321875 0.8710857843750001 0.519027828125 0.8752154515624999 0.5281821484375 0.8758379765625 0.5377721140625 0.88149545625 0.545037678125 0.8778184343750001 0.544262878125 0.8747069328125001 0.542034965625 0.8723308375000001
0 0.5358920765625 0.7195286656250001 0.5423331453125 0.7355388125 0.5442715984375 0.717039690625 0.5588027296875 0.7096856453125 0.5583670859375001 0.7046506921875 0.536909546875 0.7137583078125 0.5358920765625 0.7195286656250001
0 0.5099787124999999 0.7238840875 0.47946333750000003 0.7393275828125 0.47631444062500006 0.74968025 0.48033462499999996 0.7493974890625 0.4842583203125 0.742156321875 0.5013565203125 0.7352549203125001 0.518019078125 0.723318565625 0.5099787124999999 0.7238840875
0 0.6245174390625 0.937447728125 0.624760109375 0.92856586875 0.612603075 0.9224557453125 0.6088255625000001 0.9138566484374999 0.604466221875 0.9160628609374999 0.6034487515625 0.92183321875 0.61749454375 0.9322428921875 0.6132316921875 0.9414075109375 0.6165735609375 0.9449716562500001 0.6245174390625 0.937447728125
0 0.825378665625 1 0.829736815625 0.98949948125 0.8435896328125001 0.9859923421874999 0.8431539890625 0.9809573874999999 0.8227139203125 0.9842946453125 0.8134134156249999 0.9995123843749999 0.8187293562500001 1 0.825378665625 1
0 0.6057292703125 0.848854896875 0.6133339921875 0.843254421875 0.6016126015625 0.8421792515625001 0.5954609921875 0.8470443234375 0.593765209375 0.8566615859375 0.5828186171875 0.8586979171875001 0.5861604875 0.8622620609375 0.59386169375 0.8636199921875001 0.6040334875 0.8584721609375 0.6057292703125 0.848854896875
0 0.60568248125 0.8190978203125001 0.6049076796875 0.8159863203125 0.5996770546875 0.8081226265625 0.6046182203125 0.7951111015625 0.60127635 0.7915469578125001 0.5900870890625 0.8024651468749999 0.5916366890625 0.8086881484375 0.598659584375 0.813892984375 0.59449321875 0.830016009375 0.60568248125 0.8190978203125001
0 0.523489465625 0.7748561484375001 0.5233929796875 0.7678977421875001 0.5096863453125 0.7555646171875 0.50755491875 0.7601469265625 0.51423865625 0.767275215625 0.51356034375 0.7711221203124999 0.501838953125 0.7700469515624999 0.4916671609375 0.7751947828125 0.5162239015625001 0.7785331703125 0.523489465625 0.7748561484375001
0 0.4829923671875 0.861920034375 0.4931641578125 0.856772203125 0.4952955859375 0.8521898921875 0.48827268906250004 0.84698505625 0.48178192500000006 0.8537735796874999 0.46570119375 0.8549046234375 0.458435628125 0.858581646875 0.45451193281249996 0.8658228125 0.4610991859375 0.8659926953125 0.47272408906249996 0.860109459375 0.4829923671875 0.861920034375
0 0.65543990625 1 0.66113181875 0.99249358125 0.65667599375 0.9877413890625 0.6429196625 0.998206934375 0.643707340625 1 0.65543990625 1
0 0.84577075625 0.9586113609375 0.8470308953125001 0.9439591437500001 0.8414611125 0.9380189031249999 0.8460631218750001 0.92693083125 0.840832496875 0.9190671390625 0.8356983578125 0.9181618515625001 0.8311928343749999 0.9362083296874999 0.8397653296875 0.9476361671875001 0.841750571875 0.958894121875 0.84577075625 0.9586113609375
0 0.7052631546875 0.877313309375 0.7180985 0.8795765281250001 0.7270101515625 0.8890809125000001 0.74396216875 0.8980197750000001 0.7520025343750001 0.8974542546875 0.7526808468749999 0.8936073484374999 0.7472075515625 0.8946255140625 0.7372784296875 0.8908914875 0.726478021875 0.8770875531250001 0.7088476921875 0.8719955953125 0.7025031109375 0.8629438531250001 0.698482928125 0.8632266140624999 0.6996933703125 0.87137306875 0.7052631546875 0.877313309375
0 0.496014875 0.983211559375 0.4977106578125 0.9735942968750001 0.48991296249999994 0.9652779593749999 0.4900591453125 0.9494376953125 0.4844893640625 0.9434974546875001 0.4745602421875 0.9397634265624999 0.472767971875 0.942422284375 0.48167962343750004 0.95192666875 0.4815334421875 0.967766934375 0.496014875 0.983211559375
0 0.5611184078125 0.876687390625 0.5705154 0.8684280578125 0.5704189140625 0.8614696531250001 0.56184641875 0.8500418140624999 0.5578262359374999 0.8503245749999999 0.5616037484375 0.8589236734375 0.560247121875 0.866617484375 0.5508501296875 0.874876815625 0.551478746875 0.89382858125 0.5587443125 0.890151559375 0.5611184078125 0.876687390625
0 0.6983338390625 0.9316226265625 0.7034679765625 0.9325279140625 0.704146290625 0.9286810093750001 0.6992548203125 0.9188938625 0.702500203125 0.9154996015625001 0.7016289171875 0.9054296953125001 0.687486640625 0.888061615625 0.6850160562500001 0.8945673781249999 0.6929102390625 0.9098421218749999 0.6905361421875 0.923306290625 0.6983338390625 0.9316226265625
0 0.6055333890625 0.8874938328124999 0.6113458406250001 0.8845522140625001 0.624181190625 0.8868154328125 0.6387123203125 0.8794613874999999 0.6438464578125 0.880366675 0.6497553968750001 0.8843834625 0.6483987703125 0.8920772734375 0.654743353125 0.901129015625 0.6594886390625 0.926756425 0.663847978125 0.9245502125 0.66665771875 0.916120996875 0.66123411875 0.8943404921875 0.6542112234374999 0.88913565625 0.652322465625 0.8848361062500001 0.65522869375 0.883365296875 0.6470918421875 0.8769724140624999 0.6342564937499999 0.8747091953125 0.6021915203125 0.8839296890625 0.6055333890625 0.8874938328124999
0 0.5085985484375 0.2813748390625 0.502011296875 0.2812049578125 0.502446940625 0.2862399109375 0.5064671234375 0.28595715 0.5085985484375 0.2813748390625
0 0.665242390625 0.23363168124999997 0.65386015625 0.23063305937499998 0.65463495625 0.233744559375 0.664903234375 0.23555513437500003 0.665242390625 0.23363168124999997
0 0.62019879375 0.2038734734375 0.6136115390625 0.203703590625 0.6166142546875 0.2091911890625 0.6206344359375 0.2089084265625 0.62019879375 0.2038734734375
0 0.5019674125 0.1988921328125 0.48622583906249994 0.19809972343749999 0.48443356875 0.20075858124999998 0.4929095765625 0.20522801249999997 0.5019674125 0.1988921328125
0 0.6470799296874999 0.2165463640625 0.65376366875 0.223674653125 0.6592369640625 0.22265648750000003 0.645191175 0.212246815625 0.6309027140625 0.2107190015625 0.6470799296874999 0.2165463640625
0 0.6416476125 0.3524331015625 0.6592779421875 0.357525059375 0.65995625625 0.35367815468749997 0.628376621875 0.34513492968750004 0.636174315625 0.3534512671875 0.6416476125 0.3524331015625
0 0.5808214640625 0.1870139125 0.5651763765625 0.19317990937500001 0.5584429421875 0.2088502921875 0.5682755765625 0.2056259125 0.5808214640625 0.1870139125
0 0.5689509828125 0.25433475625 0.5525310953125 0.2573892515625 0.5371286796875 0.254673390625 0.5298631140625 0.2583504125 0.5285064875 0.2660442234375 0.5321875140625 0.26768491562499996 0.5412453484374999 0.26134903593750003 0.551513625 0.263159609375 0.5689509828125 0.25433475625
0 0.565416140625 0.2368537984375 0.565658809375 0.22797194062499998 0.555633203125 0.2172795078125 0.5592177421875 0.21196179218750003 0.555875871875 0.2083976484375 0.5504025765625 0.20941581406249998 0.54725368125 0.21976848124999998 0.5587324015624999 0.2297255109375 0.5613959578125 0.23713655937499997 0.565416140625 0.2368537984375
0 0.61855270625 0.1906920671875 0.6195701765625 0.1849217078125 0.6352152625 0.1787557109375 0.6169066203125 0.177510659375 0.6096410546875 0.18118768125 0.608623584375 0.1869580390625 0.6042642453125 0.18916425312500001 0.5925428562499999 0.1880890828125 0.6032467765625 0.1949346109375 0.610947984375 0.1962925421875 0.61855270625 0.1906920671875
0 0.67419501875 0.3780046390625 0.6748733312499999 0.374157734375 0.6704175046875 0.369405540625 0.6627162984375 0.3680476109375 0.648524325 0.373478203125 0.6305548375 0.37030969687500004 0.62876256875 0.3729685546875 0.6471676984375 0.3811720140625 0.664265896875 0.37427061250000004 0.67419501875 0.3780046390625
0 0.5108732515625001 0.3135080125 0.5146507640625 0.3221071109375 0.5190101031250001 0.319900896875 0.5182353046875 0.316789396875 0.5011867999999999 0.30089212656250003 0.5043356953125 0.29053945937500003 0.4796327734375 0.3030413359375 0.48161801718749997 0.314299290625 0.488544425 0.31254572187499996 0.4895618953125 0.3067753625 0.493921234375 0.30456915 0.5108732515625001 0.3135080125
0 0.4633590703125 0.2902555671875 0.46258427031249993 0.28714406718749996 0.4562396890625 0.278092325 0.43056899375 0.2735658890625 0.423303428125 0.2772429125 0.4190405765625 0.28640753124999996 0.425288671875 0.2885008671875 0.4350248203125 0.27831808125 0.4564326625 0.2920091375 0.4633590703125 0.2902555671875
0 0.66339751875 0.3116449578125 0.6617017359374999 0.3212622203125 0.6647044484375 0.32674981718749996 0.67075956875 0.31492634062499997 0.6688708125 0.3106267921875 0.675797221875 0.308873221875 0.6850480296875 0.31645415468750004 0.6953163078125 0.318264728125 0.7003539609375 0.312211609375 0.714545934375 0.3067810171875 0.715127759375 0.29597570625 0.711107578125 0.29625846718750004 0.709750953125 0.30395227812500003 0.69086048125 0.3135125359375 0.676475534375 0.3050263171875 0.6658681 0.3051391953125 0.648237771875 0.3000472375 0.6464455015625 0.30270609375 0.66339751875 0.3116449578125
0 0.642168115625 0.5746494515625 0.6565530625 0.583135671875 0.6620263578125 0.58211750625 0.639068915625 0.5622034484375 0.6350487328125001 0.562486209375 0.642168115625 0.5746494515625
0 0.7525053140625 0.56435605 0.7531836265625 0.5605091453125 0.7451432609374999 0.5610746671875 0.7402517921875 0.551287521875 0.734342853125 0.5472707328124999 0.7171481671875 0.547213728125 0.72528501875 0.5536066125 0.7307583156249999 0.552588446875 0.7396699671875 0.5620928328125 0.7525053140625 0.56435605
0 0.729161925 0.5166083687499999 0.73463521875 0.515590203125 0.732989134375 0.502408796875 0.72262436875 0.49363981562500003 0.7149231625 0.492281884375 0.7085785796875 0.48323014375 0.7035409265625 0.4892832625 0.7139056921875 0.49805224218750005 0.7216069 0.49941017343749994 0.729161925 0.5166083687499999
0 0.648951246875 0.5361803984375 0.6636753515625 0.5427431656249999 0.6643536640625001 0.5388962609375 0.6521966296875 0.5327861375 0.639507465625 0.5146826546875001 0.6329202140625 0.514512771875 0.637036884375 0.5211884171875 0.6317565609375 0.5361233953125 0.6350984296875 0.5396875390625 0.6427996390625 0.5410454703124999 0.648951246875 0.5361803984375
0 0.686147453125 0.580420940625 0.6967548875 0.5803080625 0.7079441484375 0.5693898734375 0.7235892359375 0.5632238765625 0.7213613234375 0.5608477796875 0.7078476625000001 0.5624314671875 0.6897319937499999 0.5751032265625 0.682030784375 0.5737452953125 0.6718589921875 0.5788931265625 0.670841521875 0.584663484375 0.6796566890625 0.5872094640625 0.686147453125 0.580420940625
0 0.783307240625 0.622343521875 0.785970796875 0.6297545718750001 0.7928972046875 0.6280010015624999 0.79134760625 0.621778 0.7959496140625 0.6106899265625 0.7873771203125 0.599262090625 0.7960957984375 0.5948496624999999 0.79856638125 0.5883439 0.7829212953125 0.594509896875 0.7790940843749999 0.6087094703125 0.7739599453125 0.6078041828125 0.7665014078125 0.59756439375 0.7654839375 0.6033347515624999 0.7707145625 0.6111984453125 0.78790925 0.61125545 0.783307240625 0.622343521875
0 0.386671609375 0.5375315453125 0.37649981875 0.5426793765625 0.3798416875 0.5462435203125 0.38676809687499997 0.5444899515625 0.386671609375 0.5375315453125
0 0.35020050625 0.519201175 0.35455984687500003 0.5169949609375 0.3537850453125 0.5138834609375 0.343855925 0.5101494328125 0.34172449843749997 0.51473174375 0.35020050625 0.519201175
0 0.39926719374999997 0.4961208734375 0.3961182984375 0.5064735421875 0.4032376796875 0.518636784375 0.40759701875000004 0.5164305703125 0.4071613765625 0.5113956171875 0.40294821875000003 0.497761565625 0.39926719374999997 0.4961208734375
0 0.37451457499999996 0.531421421875 0.384443696875 0.5351554484375 0.38512200937499996 0.53130854375 0.37698515781249997 0.5249156593750001 0.3790200984375 0.5133749437499999 0.3749034296875 0.5066992984375001 0.37839148125 0.49442317812500003 0.3675413765625 0.5034179140624999 0.37030141875 0.5177873703125 0.3667168796875 0.523105084375 0.37451457499999996 0.531421421875
0 0.293628490625 0.502284609375 0.3094665515625 0.510035425 0.3121301078125 0.5174464734375 0.318039046875 0.5214632625 0.3231731859375 0.52236855 0.3238515 0.51852164375 0.3179425609375 0.5145048562500001 0.31305109062500003 0.504717709375 0.3045750828125 0.5002482781250001 0.3110658484375 0.4934597546875 0.3117441609375 0.48961285 0.3080631359375 0.48797215781250003 0.2949851171875 0.49459079843750003 0.293628490625 0.502284609375
0 0.3682693875 0.4767723390625 0.3689477 0.4729254328125 0.33780370937500004 0.4694171625 0.3247256921875 0.476035803125 0.3178957703125 0.48474777968750005 0.324143865625 0.48684111406249997 0.3444874484375 0.47654545156249994 0.3467153609375 0.4789215484375 0.3525278140625 0.4759799296875 0.3682693875 0.4767723390625
0 0.29803752656250004 0.477279725 0.3023003796875 0.46811510468749995 0.3188167515625 0.47201901562500004 0.319155909375 0.47009556249999995 0.312472171875 0.4629672734375 0.30220389375 0.4611567 0.2923712578125 0.464381078125 0.2881084046875 0.47354569843750005 0.2923215625 0.48717974999999997 0.2974557015625 0.48808503593749997 0.302154196875 0.4839553703125 0.29803752656250004 0.477279725