0 0.4638671875 0.9592548078125 0.466796875 0.957951471875 0.47265625 0.9501314609374999 0.4716796875 0.946221453125 0.462890625 0.9553448015624999 0.4638671875 0.9592548078125
0 0.154296875 0.381877253125 0.1494140625 0.37275390625 0.1435546875 0.37275390625 0.138671875 0.3792705828125 0.154296875 0.381877253125
0 0.3955078125 0.8549879812500001 0.40625 0.8562913156249999 0.408203125 0.848471303125 0.4033203125 0.8419546265625 0.39453125 0.845864634375 0.3955078125 0.8549879812500001
0 0.4892578125 0.9801081734375 0.484375 0.9840181781249999 0.4853515625 0.995748196875 0.498046875 0.9944448609375 0.5 0.9892315203125 0.4970703125 0.9853215140625 0.4912109375 0.9853215140625 0.4892578125 0.9801081734375
0 0.1953125 0.5956242484375001 0.1962890625 0.5995342546875 0.205078125 0.59823091875 0.2158203125 0.596927584375 0.21875 0.5904109078124999 0.2041015625 0.5865009015625 0.1953125 0.5956242484375001
0 0.1865234375 0.3910006015625 0.17578125 0.41055063125 0.17578125 0.423583984375 0.1796875 0.423583984375 0.1796875 0.41576397187499997 0.1875 0.4053372890625 0.1904296875 0.3910006015625 0.1865234375 0.3910006015625
0 0.0380859375 0.148580228125 0.009765625 0.1498835640625 0.0146484375 0.1590069109375 0.0234375 0.160310246875 0.0322265625 0.156400240625 0.0458984375 0.1590069109375 0.05078125 0.152490234375 0.0380859375 0.148580228125
0 0.3974609375 0.9879281843750001 0.3935546875 0.98271484375 0.3876953125 0.98271484375 0.3828125 0.9892315203125 0.3837890625 0.9931415265625001 0.3916015625 0.9931415265625001 0.3974609375 0.9983548671875001 0.404296875 0.9970515328125 0.4169921875 0.995748196875 0.41796875 0.991838190625 0.4111328125 0.9853215140625 0.3974609375 0.9879281843750001
0 0.2685546875 0.5786808890625 0.2646484375 0.581287559375 0.26171875 0.5956242484375001 0.28125 0.6138709437500001 0.28125 0.60605093125 0.27734375 0.6008375906250001 0.28125 0.5904109078124999 0.2685546875 0.5786808890625
0 0.21875 0.46268404375000005 0.2197265625 0.45095402656249994 0.201171875 0.4600773734375 0.19921875 0.4731107265625 0.193359375 0.48353740937499995 0.193359375 0.4887507515625 0.197265625 0.4887507515625 0.2001953125 0.48223407500000004 0.2109375 0.47832406875 0.208984375 0.47050405624999997 0.21875 0.46268404375000005
0 0.1923828125 0.8654146640624999 0.177734375 0.8823580234374999 0.17578125 0.897998046875 0.169921875 0.9136380718750001 0.1728515625 0.9175480765625 0.17578125 0.9162447406249999 0.18359375 0.9032113890625 0.185546875 0.8875713640624999 0.1953125 0.871931340625 0.1923828125 0.8654146640624999
0 0.2705078125 0.808067909375 0.25 0.8119779140625001 0.25 0.8171912562499999 0.2548828125 0.8237079328125001 0.2705078125 0.8211012609375 0.2822265625 0.8289212734375001 0.287109375 0.8276179390625 0.291015625 0.82501126875 0.2900390625 0.8184945906250001 0.2841796875 0.8184945906250001 0.2705078125 0.808067909375
0 0.3154296875 0.71162109375 0.3125 0.7311711234375 0.302734375 0.7468111484375 0.3125 0.7598445015624999 0.30859375 0.780697865625 0.3203125 0.780697865625 0.31640625 0.74941781875 0.3203125 0.7259577828125 0.318359375 0.712924428125 0.3154296875 0.71162109375
0 0.1494140625 0.138153546875 0.154296875 0.1342435390625 0.146484375 0.12903019843750002 0.15234375 0.11599684531250001 0.1474609375 0.1042668265625 0.1328125 0.12903019843750002 0.134765625 0.1498835640625 0.126953125 0.160310246875 0.1298828125 0.1642202515625 0.134765625 0.1629169171875 0.1357421875 0.1590069109375 0.140625 0.1577035765625 0.140625 0.1368502109375 0.1494140625 0.138153546875
0 0.1591796875 0.182466946875 0.1494140625 0.174646934375 0.142578125 0.1811636109375 0.1591796875 0.19289362968749998 0.1787109375 0.190286959375 0.1884765625 0.2033203125 0.19921875 0.2020169765625 0.19921875 0.194196965625 0.1943359375 0.19550030000000002 0.1826171875 0.1798602765625 0.1591796875 0.182466946875
0 0.1650390625 0.71944110625 0.1591796875 0.71162109375 0.1455078125 0.7064077515625 0.1357421875 0.7064077515625 0.1328125 0.710317759375 0.1328125 0.7181377703125 0.1357421875 0.7220477765625 0.1494140625 0.7220477765625 0.1650390625 0.732474459375 0.169921875 0.7311711234375 0.1806640625 0.7272611171875 0.181640625 0.7233511109374999 0.1767578125 0.71944110625 0.1650390625 0.71944110625
0 0.1044921875 0.29194711562500003 0.08984375 0.3114971453125 0.08984375 0.3323505109375 0.0849609375 0.3388671875 0.0791015625 0.3388671875 0.0732421875 0.333653846875 0.0576171875 0.333653846875 0.05078125 0.3375638515625 0.0556640625 0.344080528125 0.0634765625 0.344080528125 0.0771484375 0.351900540625 0.0859375 0.35059720625 0.09765625 0.33495718124999996 0.09765625 0.3167104859375 0.10546875 0.308890475 0.1044921875 0.29194711562500003
0 0.6669921875 0.318013821875 0.6552734375 0.3232271640625 0.650390625 0.3323505109375 0.6533203125 0.3388671875 0.66015625 0.3375638515625 0.65625 0.329743840625 0.6630859375 0.32844050468749997 0.66796875 0.321923828125 0.6669921875 0.318013821875
0 0.5703125 0.3610238890625 0.5625 0.37145057187499997 0.5625 0.3792705828125 0.564453125 0.3792705828125 0.57421875 0.3688439 0.5771484375 0.34929387031250003 0.5703125 0.35320387656249996 0.5703125 0.3610238890625
0 0.55859375 0.303677134375 0.564453125 0.3114971453125 0.5625 0.32713716875 0.5673828125 0.333653846875 0.572265625 0.3323505109375 0.568359375 0.32453049843750004 0.568359375 0.30628380312500003 0.5595703125 0.29716045625 0.55859375 0.303677134375
0 0.6396484375 0.23199369062500003 0.638671875 0.238510365625 0.6416015625 0.24242037343749998 0.64453125 0.24111703750000002 0.6591796875 0.23199369062500003 0.662109375 0.22547701406249998 0.6474609375 0.2267803484375 0.6396484375 0.23199369062500003
0 0.6337890625 0.18507361718749998 0.623046875 0.2046236484375 0.6240234375 0.208533653125 0.630859375 0.20723031875000003 0.640625 0.2020169765625 0.642578125 0.19159029375 0.6396484375 0.18507361718749998 0.6337890625 0.18507361718749998
0 0.5068359375 0.4744140625 0.5009765625 0.4744140625 0.48828125 0.48614408124999997 0.5068359375 0.4848407453125 0.5126953125 0.495267428125 0.521484375 0.49396409218750004 0.525390625 0.48614408124999997 0.5146484375 0.487447415625 0.51171875 0.47832406875 0.5068359375 0.4744140625
0 0.48828125 0.22547701406249998 0.4921875 0.23069035468750002 0.4921875 0.24111703750000002 0.4970703125 0.2476337140625 0.5068359375 0.25024038437499996 0.5146484375 0.25806039687500004 0.521484375 0.2567570609375 0.5068359375 0.2398137015625 0.5009765625 0.2398137015625 0.4931640625 0.22417367812500003 0.48828125 0.22547701406249998
0 0.5390625 0.439224009375 0.5400390625 0.45095402656249994 0.5283203125 0.44834735625000005 0.5283203125 0.43270733124999994 0.5205078125 0.4353140015625 0.5107421875 0.41967397812499996 0.5048828125 0.41967397812499996 0.501953125 0.423583984375 0.5029296875 0.42749399062500004 0.5087890625 0.42749399062500004 0.5234375 0.4470440203125 0.5263671875 0.4561673671875 0.54296875 0.457470703125 0.546875 0.45225736093749996 0.546875 0.44443735 0.5419921875 0.43792067343749996 0.5390625 0.439224009375
0 0.58984375 0.21505033125 0.5849609375 0.211140325 0.5791015625 0.21374699531250002 0.576171875 0.22287034218750001 0.5654296875 0.22938701875 0.5625 0.23590369687499999 0.5673828125 0.24502704375 0.57421875 0.246330378125 0.572265625 0.2776104265625 0.576171875 0.2776104265625 0.578125 0.2567570609375 0.5859375 0.2437237078125 0.58203125 0.220263671875 0.58984375 0.21505033125
0 0.8271484375 0.4561673671875 0.830078125 0.457470703125 0.8271484375 0.45095402656249994 0.8232421875 0.45095402656249994 0.818359375 0.457470703125 0.818359375 0.46789738593749997 0.810546875 0.47832406875 0.810546875 0.49396409218750004 0.8125 0.49396409218750004 0.814453125 0.48353740937499995 0.82421875 0.47050405624999997 0.82421875 0.4600773734375 0.8271484375 0.4561673671875
0 0.7431640625 0.5708608765625 0.744140625 0.5825908953125001 0.75390625 0.59823091875 0.7607421875 0.6073542671875 0.767578125 0.6086576015625 0.7744140625 0.604747596875 0.77734375 0.59823091875 0.7626953125 0.5995342546875 0.7431640625 0.5708608765625
0 0.802734375 0.5122107875 0.7978515625 0.5291541468750001 0.7900390625 0.5343674890625 0.7822265625 0.5291541468750001 0.7763671875 0.5291541468750001 0.7734375 0.533064153125 0.7880859375 0.5421875 0.798828125 0.5408841640625 0.798828125 0.533064153125 0.810546875 0.5122107875 0.8095703125 0.50830078125 0.802734375 0.5122107875
0 0.80859375 0.8067645734375001 0.8056640625 0.8028545671874999 0.80078125 0.804157903125 0.8037109375 0.808067909375 0.80859375 0.8067645734375001
0 0.79296875 0.712924428125 0.7919921875 0.7090144234375 0.77734375 0.710317759375 0.7783203125 0.7142277640625 0.79296875 0.712924428125
0 0.7529296875 0.6699143640624999 0.7783203125 0.675127703125 0.7861328125 0.6881610578124999 0.79296875 0.68946439375 0.7822265625 0.6673076921875001 0.7685546875 0.6620943515625 0.751953125 0.66600435625 0.7529296875 0.6699143640624999
0 0.8486328125 0.7767878609375 0.8427734375 0.77939453125 0.8427734375 0.7846078734375 0.8486328125 0.7846078734375 0.8515625 0.788517878125 0.853515625 0.80155123125 0.8701171875 0.815887921875 0.873046875 0.82501126875 0.876953125 0.8276179390625 0.875 0.8119779140625001 0.857421875 0.7937312203125 0.857421875 0.7859112078125 0.8486328125 0.7767878609375
0 0.837890625 0.7337777937500001 0.8388671875 0.7272611171875 0.86328125 0.7259577828125 0.8564453125 0.71944110625 0.8408203125 0.716834434375 0.8369140625 0.716834434375 0.8310546875 0.724654446875 0.8203125 0.720744440625 0.8251953125 0.732474459375 0.8349609375 0.7350811296875001 0.8408203125 0.7429011421875 0.845703125 0.7415978062499999 0.849609375 0.7389911359375 0.8466796875 0.7350811296875001 0.8408203125 0.7376878 0.837890625 0.7337777937500001
0 0.3037109375 0.331047175 0.306640625 0.329743840625 0.30859375 0.32713716875 0.3056640625 0.3206204921875 0.296875 0.32453049843750004 0.3037109375 0.331047175
0 0.3671875 0.329743840625 0.37109375 0.329743840625 0.37109375 0.3193171578125 0.3642578125 0.3023737984375 0.361328125 0.3114971453125 0.3671875 0.329743840625
0 0.376953125 0.2515437203125 0.375 0.2697904140625 0.3779296875 0.273700421875 0.38671875 0.2723970859375 0.388671875 0.261970403125 0.3720703125 0.23199369062500003 0.37109375 0.24111703750000002 0.376953125 0.2515437203125
0 0.3916015625 0.36493389375 0.390625 0.3688439 0.39453125 0.37145057187499997 0.392578125 0.38448392343750004 0.40234375 0.4001239484375 0.400390625 0.4131573015625 0.4033203125 0.41967397812499996 0.40625 0.41837064375 0.408203125 0.397517278125 0.400390625 0.38448392343750004 0.3984375 0.3688439 0.3916015625 0.36493389375
0 0.3134765625 0.2945537859375 0.3056640625 0.2945537859375 0.30078125 0.30628380312500003 0.30078125 0.3167104859375 0.3037109375 0.318013821875 0.306640625 0.308890475 0.3115234375 0.3075871390625 0.31640625 0.32453049843750004 0.3251953125 0.331047175 0.328125 0.329743840625 0.3203125 0.3167104859375 0.322265625 0.314103815625 0.3203125 0.303677134375 0.3134765625 0.2945537859375
0 0.2841796875 0.20592698281250002 0.2744140625 0.208533653125 0.2705078125 0.2033203125 0.2646484375 0.2033203125 0.26171875 0.20723031875000003 0.2666015625 0.21635366562499997 0.2861328125 0.21635366562499997 0.2958984375 0.23720703125 0.306640625 0.238510365625 0.296875 0.23069035468750002 0.296875 0.21765700156249998 0.2919921875 0.208533653125 0.2841796875 0.20592698281250002
0 0.4150390625 0.3206204921875 0.4052734375 0.31019380937499996 0.3994140625 0.31019380937499996 0.3916015625 0.318013821875 0.3828125 0.3167104859375 0.390625 0.32713716875 0.3896484375 0.331047175 0.3935546875 0.331047175 0.3994140625 0.3206204921875 0.4052734375 0.3206204921875 0.4072265625 0.325833834375 0.4208984375 0.331047175 0.4296875 0.329743840625 0.4306640625 0.3154071515625 0.427734375 0.3167104859375 0.4267578125 0.3232271640625 0.4150390625 0.3206204921875
0 0.3408203125 0.284127103125 0.3369140625 0.28934044375 0.3310546875 0.2815204328125 0.3232421875 0.2815204328125 0.3203125 0.2854304390625 0.3359375 0.30107046249999997 0.328125 0.30628380312500003 0.3388671875 0.31019380937499996 0.341796875 0.3193171578125 0.345703125 0.3193171578125 0.349609375 0.30628380312500003 0.34765625 0.30107046249999997 0.349609375 0.2906437796875 0.3408203125 0.284127103125
0 0.3525390625 0.36754056562500004 0.3466796875 0.359720553125 0.33203125 0.3584172171875 0.3486328125 0.38057391875 0.3623046875 0.37796724843749996 0.3701171875 0.3831805890625 0.384765625 0.38448392343750004 0.3818359375 0.37796724843749996 0.373046875 0.37145057187499997 0.3720703125 0.36493389375 0.3525390625 0.36754056562500004
0 0.876953125 0.126423528125 0.8837890625 0.130333534375 0.888671875 0.13945688125 0.88671875 0.1498835640625 0.8935546875 0.1590069109375 0.90234375 0.1629169171875 0.892578125 0.1498835640625 0.890625 0.12903019843750002 0.8779296875 0.1199068515625 0.876953125 0.126423528125