0 0.806640625 0.6581843453125 0.8037109375 0.64384765625 0.80078125 0.6477576625 0.80078125 0.6581843453125 0.806640625 0.6581843453125
0 0.93359375 0.3453838640625 0.9345703125 0.351900540625 0.943359375 0.35320387656249996 0.9453125 0.347990534375 0.9423828125 0.3414738578125 0.9365234375 0.3414738578125 0.93359375 0.3453838640625
0 0.8583984375 0.6985877406250001 0.8544921875 0.7064077515625 0.84375 0.710317759375 0.8447265625 0.7142277640625 0.857421875 0.712924428125 0.8603515625 0.70380108125 0.8671875 0.702497746875 0.8662109375 0.6985877406250001 0.8583984375 0.6985877406250001
0 0.7275390625 0.41706730781249995 0.72265625 0.4209773140625 0.7392578125 0.4431340140625 0.74609375 0.441830678125 0.7421875 0.439224009375 0.740234375 0.4287973265625 0.7353515625 0.4222806484375 0.7275390625 0.41706730781249995
0 0.87890625 0.6764310390625 0.88671875 0.6842510515625 0.884765625 0.68946439375 0.88671875 0.702497746875 0.890625 0.702497746875 0.89453125 0.68164438125 0.8896484375 0.672521034375 0.8798828125 0.6699143640624999 0.87890625 0.6764310390625
0 0.7294921875 0.50830078125 0.7412109375 0.5056941109374999 0.7548828125 0.52394080625 0.759765625 0.5226374703125 0.751953125 0.504390775 0.7431640625 0.495267428125 0.7265625 0.5017841046875 0.7294921875 0.50830078125
0 0.9091796875 0.37275390625 0.892578125 0.374057240625 0.888671875 0.38448392343750004 0.890625 0.39491060624999996 0.88671875 0.4001239484375 0.89453125 0.4001239484375 0.8994140625 0.38839393125 0.9033203125 0.38839393125 0.912109375 0.3792705828125 0.9091796875 0.37275390625
0 0.7197265625 0.3623272234375 0.7080078125 0.3414738578125 0.7021484375 0.3414738578125 0.69921875 0.35059720625 0.7060546875 0.34929387031250003 0.7109375 0.374057240625 0.7138671875 0.37796724843749996 0.71875 0.37666391250000003 0.7216796875 0.3701472359375 0.7265625 0.3688439 0.7265625 0.363630559375 0.7197265625 0.3623272234375
0 0.9404296875 0.6125676078125 0.9296875 0.6295109671875 0.9326171875 0.6334209734375 0.935546875 0.6321176390625001 0.9423828125 0.6256009609375 0.9599609375 0.6282076328125 0.96484375 0.6138709437500001 0.9404296875 0.6125676078125
0 0.7685546875 0.46398737968750003 0.7529296875 0.453560696875 0.748046875 0.4548640328125 0.748046875 0.4600773734375 0.7578125 0.46789738593749997 0.75390625 0.48353740937499995 0.755859375 0.4887507515625 0.7607421875 0.48223407500000004 0.7734375 0.4757173984375 0.7763671875 0.4587740390625 0.7685546875 0.46398737968750003
0 0.9248046875 0.7142277640625 0.921875 0.7155311 0.921875 0.728564453125 0.9169921875 0.7350811296875001 0.9111328125 0.732474459375 0.912109375 0.736384465625 0.90625 0.7442044765625 0.9091796875 0.750721153125 0.9150390625 0.7533278250000001 0.9248046875 0.7429011421875 0.9287109375 0.7429011421875 0.9404296875 0.758541165625 0.94921875 0.75723783125 0.951171875 0.7520244890625001 0.943359375 0.7468111484375 0.94140625 0.7311711234375 0.9248046875 0.7142277640625
0 0.16015625 0.7077110875 0.16015625 0.7155311 0.1640625 0.7181377703125 0.1640625 0.710317759375 0.171875 0.702497746875 0.1708984375 0.6985877406250001 0.16015625 0.7077110875
0 0.2021484375 0.69598106875 0.1953125 0.6998910765625 0.1962890625 0.70380108125 0.20703125 0.702497746875 0.2109375 0.6972844046875 0.2080078125 0.690767728125 0.2041015625 0.690767728125 0.2021484375 0.69598106875
0 0.2900390625 0.56825420625 0.2861328125 0.56825420625 0.2822265625 0.56043419375 0.27734375 0.5617375296875 0.2822265625 0.5734675484375 0.2890625 0.574770884375 0.2939453125 0.5734675484375 0.30078125 0.5617375296875 0.2978515625 0.56043419375 0.2900390625 0.56825420625
0 0.2333984375 0.5265474765625 0.224609375 0.53827749375 0.228515625 0.551310846875 0.224609375 0.5617375296875 0.232421875 0.5617375296875 0.234375 0.5487041765625 0.23046875 0.53827749375 0.234375 0.53045748125 0.2333984375 0.5265474765625
0 0.142578125 0.7442044765625 0.1318359375 0.732474459375 0.1220703125 0.7298677890625 0.1123046875 0.7455078125 0.10546875 0.7468111484375 0.1083984375 0.7533278250000001 0.11328125 0.7520244890625001 0.1220703125 0.7376878 0.1279296875 0.7376878 0.1357421875 0.7455078125 0.142578125 0.7442044765625
0 0.310546875 0.5226374703125 0.3056640625 0.5187274640624999 0.2978515625 0.5343674890625 0.2861328125 0.5343674890625 0.28125 0.5408841640625 0.283203125 0.54609750625 0.2861328125 0.5421875 0.2939453125 0.544794171875 0.2998046875 0.5421875 0.310546875 0.5226374703125
0 0.248046875 0.566950871875 0.248046875 0.5565241890625 0.2431640625 0.5500075109375 0.240234375 0.551310846875 0.2421875 0.5617375296875 0.23046875 0.577377553125 0.234375 0.5904109078124999 0.240234375 0.59823091875 0.236328125 0.579984225 0.2392578125 0.5734675484375 0.2431640625 0.5734675484375 0.248046875 0.566950871875
0 0.2646484375 0.664701021875 0.25390625 0.68946439375 0.255859375 0.702497746875 0.251953125 0.7077110875 0.259765625 0.7077110875 0.26171875 0.68946439375 0.267578125 0.68164438125 0.267578125 0.6686110281250001 0.2646484375 0.664701021875
0 0.2744140625 0.690767728125 0.26953125 0.6920710640625 0.267578125 0.7051044171874999 0.2578125 0.720744440625 0.255859375 0.7415978062499999 0.2587890625 0.7455078125 0.26171875 0.7442044765625 0.265625 0.7389911359375 0.265625 0.720744440625 0.275390625 0.7077110875 0.2744140625 0.690767728125
0 0.3193359375 0.70380108125 0.3134765625 0.71162109375 0.3076171875 0.71162109375 0.2958984375 0.70380108125 0.2822265625 0.70380108125 0.28125 0.7077110875 0.2841796875 0.71162109375 0.294921875 0.7181377703125 0.294921875 0.728564453125 0.298828125 0.728564453125 0.3037109375 0.71944110625 0.3173828125 0.7220477765625 0.326171875 0.7051044171874999 0.3193359375 0.70380108125
0 0.3505859375 0.6256009609375 0.3515625 0.6216909562499999 0.3466796875 0.615174278125 0.3369140625 0.61778095 0.3388671875 0.604747596875 0.3232421875 0.6073542671875 0.318359375 0.6164776140625 0.318359375 0.6242976265625 0.3125 0.6295109671875 0.322265625 0.642544321875 0.322265625 0.6321176390625001 0.3271484375 0.6256009609375 0.3427734375 0.6282076328125 0.3505859375 0.6256009609375
0 0.3603515625 0.808067909375 0.365234375 0.80155123125 0.3671875 0.788517878125 0.3583984375 0.7898212140624999 0.353515625 0.7833045375000001 0.35546875 0.7650578421875001 0.3525390625 0.7611478359375 0.345703125 0.780697865625 0.34765625 0.796337890625 0.3388671875 0.8028545671874999 0.3251953125 0.800247896875 0.31640625 0.8119779140625001 0.3173828125 0.815887921875 0.3203125 0.8145845859374999 0.3251953125 0.810674578125 0.3427734375 0.81328125 0.3525390625 0.8054612390625 0.3603515625 0.808067909375
0 0.09765625 0.3923039359375 0.095703125 0.397517278125 0.099609375 0.4001239484375 0.1015625 0.3923039359375 0.107421875 0.3870905953125 0.1064453125 0.3831805890625 0.09765625 0.3923039359375
0 0.2421875 0.39491060624999996 0.255859375 0.397517278125 0.265625 0.3923039359375 0.2587890625 0.38578725937499997 0.2529296875 0.393607271875 0.2421875 0.39491060624999996
0 0.283203125 0.397517278125 0.283203125 0.4053372890625 0.29296875 0.4131573015625 0.291015625 0.41837064375 0.29296875 0.4209773140625 0.298828125 0.41576397187499997 0.298828125 0.4079439609375 0.2861328125 0.393607271875 0.283203125 0.397517278125
0 0.146484375 0.3584172171875 0.1494140625 0.36754056562500004 0.154296875 0.3662372296875 0.1611328125 0.34929387031250003 0.173828125 0.35059720625 0.1591796875 0.3414738578125 0.146484375 0.3584172171875
0 0.2041015625 0.3988206140625 0.197265625 0.397517278125 0.2021484375 0.406640625 0.2138671875 0.404033953125 0.216796875 0.4131573015625 0.2197265625 0.41706730781249995 0.22265625 0.41576397187499997 0.220703125 0.4001239484375 0.2158203125 0.393607271875 0.2099609375 0.393607271875 0.2041015625 0.3988206140625
0 0.1376953125 0.4587740390625 0.1318359375 0.4587740390625 0.12109375 0.47050405624999997 0.1220703125 0.4744140625 0.1279296875 0.4744140625 0.1357421875 0.46920072187499995 0.1416015625 0.479627403125 0.150390625 0.47832406875 0.154296875 0.47050405624999997 0.1455078125 0.4718073921875 0.142578125 0.46268404375000005 0.1376953125 0.4587740390625
0 0.1748046875 0.333653846875 0.169921875 0.3375638515625 0.1728515625 0.344080528125 0.1806640625 0.3414738578125 0.1845703125 0.344080528125 0.189453125 0.3610238890625 0.1962890625 0.3701472359375 0.201171875 0.3688439 0.193359375 0.355810546875 0.193359375 0.3453838640625 0.1865234375 0.333653846875 0.1748046875 0.333653846875
0 0.171875 0.4340106671875 0.171875 0.441830678125 0.1767578125 0.44834735625000005 0.1943359375 0.44052734375 0.2021484375 0.453560696875 0.208984375 0.45225736093749996 0.1982421875 0.43010066093750005 0.1884765625 0.43010066093750005 0.1806640625 0.43792067343749996 0.171875 0.4340106671875
0 0.13671875 0.34277719375000004 0.14453125 0.329743840625 0.1357421875 0.318013821875 0.138671875 0.3323505109375 0.1328125 0.3401705234375 0.1328125 0.347990534375 0.125 0.37145057187499997 0.130859375 0.38448392343750004 0.1328125 0.40273061875 0.13671875 0.4053372890625 0.13671875 0.38448392343750004 0.1328125 0.3662372296875 0.138671875 0.35320387656249996 0.13671875 0.34277719375000004
0 0.7412109375 0.724654446875 0.736328125 0.7259577828125 0.7373046875 0.7298677890625 0.7421875 0.728564453125 0.74609375 0.7233511109374999 0.7451171875 0.716834434375 0.7421875 0.7181377703125 0.7412109375 0.724654446875
0 0.748046875 0.7077110875 0.75 0.6972844046875 0.7451171875 0.690767728125 0.744140625 0.7077110875 0.748046875 0.7077110875
0 0.623046875 0.6503643328125001 0.625 0.660791015625 0.6328125 0.6686110281250001 0.626953125 0.652971003125 0.634765625 0.645150990625 0.6337890625 0.6412409859375 0.623046875 0.6503643328125001
0 0.6220703125 0.6933743984375 0.6328125 0.694677734375 0.6337890625 0.6855543859375001 0.6259765625 0.682947715625 0.62109375 0.68946439375 0.6220703125 0.6933743984375
0 0.64453125 0.6633976859375 0.63671875 0.6712176984375 0.63671875 0.6764310390625 0.640625 0.6764310390625 0.650390625 0.6633976859375 0.6435546875 0.6542743390625 0.640625 0.6555776734375 0.64453125 0.6633976859375
0 0.5576171875 0.682947715625 0.5625 0.68164438125 0.5625 0.6764310390625 0.5498046875 0.65948768125 0.546875 0.6686110281250001 0.5576171875 0.682947715625
0 0.48828125 0.6112642734375 0.48828125 0.6164776140625 0.4921875 0.6216909562499999 0.490234375 0.6295109671875 0.498046875 0.6295109671875 0.49609375 0.6216909562499999 0.498046875 0.60605093125 0.4951171875 0.6021409249999999 0.48828125 0.6112642734375
0 0.6396484375 0.69598106875 0.634765625 0.6998910765625 0.6357421875 0.70380108125 0.6455078125 0.70380108125 0.6513671875 0.71944110625 0.658203125 0.7181377703125 0.66015625 0.712924428125 0.6533203125 0.71162109375 0.6474609375 0.6985877406250001 0.6396484375 0.69598106875
0 0.6064453125 0.69598106875 0.599609375 0.702497746875 0.599609375 0.7077110875 0.603515625 0.710317759375 0.603515625 0.7181377703125 0.6064453125 0.7220477765625 0.611328125 0.720744440625 0.6171875 0.7155311 0.6171875 0.7077110875 0.6123046875 0.6985877406250001 0.6064453125 0.69598106875
0 0.52734375 0.6764310390625 0.5341796875 0.6881610578124999 0.5419921875 0.6881610578124999 0.5537109375 0.7090144234375 0.564453125 0.7077110875 0.552734375 0.694677734375 0.55078125 0.6842510515625 0.5439453125 0.675127703125 0.52734375 0.6764310390625
0 0.48046875 0.619084284375 0.4755859375 0.6125676078125 0.4599609375 0.61778095 0.4541015625 0.604747596875 0.4462890625 0.6021409249999999 0.439453125 0.6138709437500001 0.4423828125 0.61778095 0.4462890625 0.6125676078125 0.451171875 0.619084284375 0.455078125 0.6321176390625001 0.447265625 0.63993765 0.455078125 0.63993765 0.4599609375 0.630814303125 0.4736328125 0.6203876203124999 0.4794921875 0.6256009609375 0.48046875 0.619084284375
0 0.587890625 0.6712176984375 0.587890625 0.660791015625 0.5849609375 0.65948768125 0.5830078125 0.664701021875 0.5771484375 0.6673076921875001 0.5712890625 0.664701021875 0.5654296875 0.65166766875 0.5576171875 0.65166766875 0.5546875 0.6581843453125 0.5625 0.6633976859375 0.56640625 0.67382436875 0.564453125 0.6790377109375 0.56640625 0.68946439375 0.578125 0.6920710640625 0.580078125 0.6868577218749999 0.57421875 0.6790377109375 0.5849609375 0.675127703125 0.587890625 0.6712176984375