0 0.7568359375 0.65948768125 0.75 0.660791015625 0.755859375 0.66600435625 0.7568359375 0.677734375 0.767578125 0.6764310390625 0.771484375 0.67382436875 0.7685546875 0.6699143640624999 0.7607421875 0.6699143640624999 0.7568359375 0.65948768125
0 0.869140625 0.32713716875 0.875 0.3323505109375 0.873046875 0.3453838640625 0.87890625 0.35059720625 0.87890625 0.329743840625 0.8662109375 0.3154071515625 0.865234375 0.3193171578125 0.869140625 0.32713716875
0 0.9248046875 0.5369741593749999 0.9130859375 0.521334134375 0.90625 0.5226374703125 0.9228515625 0.5421875 0.931640625 0.5408841640625 0.935546875 0.533064153125 0.9345703125 0.5291541468750001 0.9287109375 0.5369741593749999 0.9248046875 0.5369741593749999
0 0.7802734375 0.5109074515625001 0.7734375 0.5174241281249999 0.7744140625 0.521334134375 0.7783203125 0.5187274640624999 0.7919921875 0.521334134375 0.7978515625 0.5161207937500001 0.8017578125 0.521334134375 0.806640625 0.5200307984375 0.7998046875 0.50830078125 0.7939453125 0.50830078125 0.7900390625 0.5135141234375 0.7802734375 0.5109074515625001
0 0.7666015625 0.852381309375 0.759765625 0.8562913156249999 0.767578125 0.8562913156249999 0.7666015625 0.852381309375
0 0.7734375 0.864111328125 0.7744140625 0.8602013218750001 0.767578125 0.8588979859375 0.7705078125 0.8654146640624999 0.7734375 0.864111328125
0 0.701171875 0.74941781875 0.7041015625 0.7559344953125 0.71484375 0.7546311593749999 0.701171875 0.74941781875
0 0.6064453125 0.750721153125 0.609375 0.74941781875 0.611328125 0.7442044765625 0.6064453125 0.7376878 0.603515625 0.7468111484375 0.6064453125 0.750721153125
0 0.548828125 0.8953913765625 0.5546875 0.8875713640624999 0.5517578125 0.8836613578125 0.54296875 0.8953913765625 0.548828125 0.8953913765625
0 0.53125 0.9006047171875 0.541015625 0.9032113890625 0.5390625 0.89278470625 0.5341796875 0.8888747 0.53125 0.89278470625 0.53125 0.9006047171875
0 0.61328125 0.712924428125 0.5966796875 0.6985877406250001 0.59375 0.702497746875 0.6025390625 0.7142277640625 0.61328125 0.712924428125
0 0.576171875 0.864111328125 0.5791015625 0.873234675 0.5830078125 0.873234675 0.5908203125 0.8836613578125 0.59375 0.8823580234374999 0.5966796875 0.8758413468749999 0.5908203125 0.8758413468749999 0.5869140625 0.868021334375 0.576171875 0.864111328125
0 0.677734375 0.780697865625 0.6748046875 0.7846078734375 0.6689453125 0.7846078734375 0.6640625 0.7911245484375 0.6796875 0.7911245484375 0.681640625 0.788517878125 0.6806640625 0.7715745187499999 0.67578125 0.7728778546874999 0.677734375 0.780697865625
0 0.5048828125 0.8602013218750001 0.50390625 0.871931340625 0.5 0.8745380109375 0.501953125 0.88496469375 0.5126953125 0.8914813703125001 0.5146484375 0.8966947109375001 0.517578125 0.8953913765625 0.515625 0.8875713640624999 0.5078125 0.8797513515625001 0.509765625 0.8667179984375 0.5048828125 0.8602013218750001
0 0.654296875 0.75723783125 0.640625 0.7728778546874999 0.638671875 0.780697865625 0.642578125 0.780697865625 0.658203125 0.7676645140625 0.6591796875 0.7455078125 0.65625 0.7468111484375 0.654296875 0.75723783125
0 0.5087890625 0.2632737390625 0.501953125 0.26718374375 0.5029296875 0.27109375 0.521484375 0.2723970859375 0.5234375 0.26718374375 0.5205078125 0.2632737390625 0.5146484375 0.265880409375 0.5087890625 0.2632737390625
0 0.4208984375 0.31019380937499996 0.4375 0.314103815625 0.435546875 0.30628380312500003 0.4287109375 0.29976712656250004 0.4140625 0.30107046249999997 0.4208984375 0.31019380937499996
0 0.2255859375 0.4561673671875 0.24609375 0.4548640328125 0.2353515625 0.4431340140625 0.22265625 0.44443735 0.22265625 0.45225736093749996 0.2255859375 0.4561673671875
0 0.4775390625 0.23720703125 0.474609375 0.2437237078125 0.4765625 0.25936373125 0.4794921875 0.2632737390625 0.486328125 0.261970403125 0.482421875 0.25936373125 0.486328125 0.24111703750000002 0.4833984375 0.23720703125 0.4775390625 0.23720703125
0 0.5556640625 0.344080528125 0.5478515625 0.3414738578125 0.5517578125 0.34929387031250003 0.55859375 0.35320387656249996 0.55078125 0.3610238890625 0.548828125 0.37145057187499997 0.5517578125 0.3753605765625 0.55859375 0.374057240625 0.556640625 0.3688439 0.560546875 0.363630559375 0.560546875 0.35059720625 0.5556640625 0.344080528125
0 0.4755859375 0.3545072109375 0.4697265625 0.3545072109375 0.4609375 0.3688439 0.4609375 0.381877253125 0.466796875 0.3870905953125 0.46875 0.38448392343750004 0.466796875 0.3792705828125 0.47265625 0.3688439 0.4755859375 0.3545072109375
0 0.2587890625 0.28934044375 0.255859375 0.29325045156249996 0.255859375 0.30107046249999997 0.2587890625 0.30498046875 0.27734375 0.3167104859375 0.279296875 0.3114971453125 0.2724609375 0.29976712656250004 0.2646484375 0.29716045625 0.2587890625 0.28934044375
0 0.2783203125 0.2398137015625 0.2705078125 0.23720703125 0.267578125 0.246330378125 0.2744140625 0.25024038437499996 0.2802734375 0.25024038437499996 0.2861328125 0.24502704375 0.2939453125 0.2476337140625 0.2998046875 0.24502704375 0.3037109375 0.25024038437499996 0.306640625 0.24893704843750003 0.306640625 0.24111703750000002 0.2978515625 0.23199369062500003 0.2861328125 0.23199369062500003 0.2783203125 0.2398137015625
0 0.5400390625 0.4926607578125 0.5380859375 0.479627403125 0.5498046875 0.479627403125 0.5517578125 0.46920072187499995 0.5615234375 0.4718073921875 0.5693359375 0.4587740390625 0.5810546875 0.4587740390625 0.583984375 0.45225736093749996 0.5810546875 0.44834735625000005 0.5693359375 0.44574068437500003 0.5595703125 0.453560696875 0.5517578125 0.453560696875 0.5478515625 0.46138070937500003 0.5205078125 0.46398737968750003 0.513671875 0.457470703125 0.5126953125 0.4431340140625 0.5009765625 0.44052734375 0.4921875 0.45225736093749996 0.490234375 0.4887507515625 0.494140625 0.4965707640625 0.494140625 0.5148174578125 0.501953125 0.5226374703125 0.5 0.504390775 0.5029296875 0.4900540859375 0.5302734375 0.487447415625 0.5400390625 0.4926607578125
0 0.1484375 0.6503643328125001 0.1513671875 0.6542743390625 0.1591796875 0.6542743390625 0.1611328125 0.6620943515625 0.16796875 0.6633976859375 0.177734375 0.6581843453125 0.1650390625 0.6568810093749999 0.1572265625 0.64384765625 0.1484375 0.6503643328125001
0 0.2451171875 0.6673076921875001 0.2412109375 0.6673076921875001 0.236328125 0.67382436875 0.2333984375 0.6855543859375001 0.224609375 0.6868577218749999 0.2294921875 0.6933743984375 0.236328125 0.6920710640625 0.2431640625 0.677734375 0.251953125 0.6842510515625 0.25 0.67382436875 0.2451171875 0.6673076921875001
0 0.1416015625 0.675127703125 0.1376953125 0.675127703125 0.13671875 0.68164438125 0.126953125 0.6920710640625 0.126953125 0.710317759375 0.1171875 0.720744440625 0.126953125 0.720744440625 0.1328125 0.712924428125 0.130859375 0.6972844046875 0.140625 0.6868577218749999 0.1416015625 0.675127703125
0 0.2666015625 0.69598106875 0.259765625 0.6998910765625 0.2568359375 0.71162109375 0.24609375 0.710317759375 0.2509765625 0.7220477765625 0.259765625 0.720744440625 0.2666015625 0.7064077515625 0.2724609375 0.71162109375 0.275390625 0.710317759375 0.2666015625 0.69598106875
0 0.2021484375 0.589107571875 0.1923828125 0.589107571875 0.189453125 0.593017578125 0.2021484375 0.5995342546875 0.2119140625 0.6125676078125 0.21875 0.6112642734375 0.2265625 0.6034442609374999 0.2255859375 0.5995342546875 0.2138671875 0.6021409249999999 0.2021484375 0.589107571875
0 0.1044921875 0.7455078125 0.103515625 0.7546311593749999 0.107421875 0.7650578421875001 0.1142578125 0.7715745187499999 0.1220703125 0.7715745187499999 0.130859375 0.7833045375000001 0.12890625 0.7702711843750001 0.1240234375 0.7637545078125 0.1162109375 0.7637545078125 0.1044921875 0.7455078125
0 0.4189453125 0.1511868984375 0.408203125 0.1655235875 0.408203125 0.1759502703125 0.4208984375 0.182466946875 0.42578125 0.1889836234375 0.42578125 0.18377028281250002 0.412109375 0.17073692812500002 0.419921875 0.160310246875 0.4189453125 0.1511868984375
0 0.41015625 0.12121018593749999 0.4091796875 0.11730018125 0.390625 0.13163686875 0.390625 0.144670221875 0.396484375 0.160310246875 0.3984375 0.14727689375 0.39453125 0.1368502109375 0.4013671875 0.132940203125 0.41015625 0.12121018593749999
0 0.7666015625 0.088626803125 0.7763671875 0.08341346093749999 0.787109375 0.0873234671875 0.787109375 0.0821101265625 0.7822265625 0.07559344999999999 0.763671875 0.084716796875 0.7666015625 0.088626803125
0 0.8916015625 0.1042668265625 0.8876953125 0.11208683906250001 0.8740234375 0.11208683906250001 0.869140625 0.118603515625 0.8671875 0.13163686875 0.861328125 0.1420635515625 0.8671875 0.1420635515625 0.8740234375 0.122513521875 0.8876953125 0.122513521875 0.892578125 0.11599684531250001 0.8916015625 0.1042668265625
0 0.046875 0.09775015000000001 0.0380859375 0.1042668265625 0.0263671875 0.1042668265625 0.0234375 0.11339017343749999 0.01171875 0.12381685625000001 0.015625 0.126423528125 0.0244140625 0.122513521875 0.0283203125 0.11208683906250001 0.0439453125 0.1068734984375 0.046875 0.09775015000000001