0 0.6117171421875 0.1995915375 0.608298565625 0.1963717765625 0.605147809375 0.2001059359375 0.606905240625 0.207718203125 0.5976245078125 0.213869828125 0.6004321890625001 0.220237375 0.6041938390625 0.2133554296875 0.6154035390625 0.209765215625 0.6117171421875 0.1995915375
0 0.248872134375 0.16910439531250002 0.23775871718750002 0.18469938125000002 0.2417881890625 0.1847713546875 0.24852905937499997 0.1792061015625 0.2522907109375 0.1723241546875 0.265429378125 0.17129535468749998 0.2691910296875 0.16441340937499999 0.248872134375 0.16910439531250002
0 0.4427382921875 0.07022536093750001 0.4342399921875 0.06817834687499999 0.430649878125 0.070009440625 0.4395875359375 0.0739595203125 0.44046625156249997 0.077765653125 0.427863225 0.09270229218750001 0.43067090781250006 0.0990698390625 0.44598533281249997 0.0784959734375 0.4427382921875 0.07022536093750001
0 0.45510339218749996 0.21069241718749998 0.4487055953125 0.2061559640625 0.45290660312500003 0.20117708437499998 0.45053827812499997 0.19671260468750001 0.44064665156249994 0.2060120171875 0.44196472499999995 0.21172121718749998 0.4479231640625 0.21435460312500002 0.4475800890625 0.224456309375 0.45546749531249997 0.229651109375 0.459057609375 0.227820015625 0.45563903281250007 0.22460025625000002 0.45510339218749996 0.21069241718749998
0 0.7887250406249999 0.16674404375000001 0.7869676109375 0.15913177812499998 0.783377496875 0.160962871875 0.7887250406249999 0.16674404375000001
0 0.793269125 0.15166345781249999 0.789239653125 0.151591484375 0.789507471875 0.1585454046875 0.7951980921875 0.154224871875 0.793269125 0.15166345781249999
0 0.7034620484375 0.2435568125 0.6997756515625 0.233383134375 0.69777143125 0.2478773453125 0.7034620484375 0.2435568125
0 0.7171994453125 0.3436170453125 0.7203502015625001 0.3398828859375 0.7184212343749999 0.33732147343749996 0.712902153125 0.336591153125 0.7076508921875 0.342814753125 0.7171994453125 0.3436170453125
0 0.8742735828124999 0.36347962968749997 0.8653359249999999 0.35952955000000003 0.8621851671874999 0.363263709375 0.8755916562499999 0.3691888296875 0.8742735828124999 0.36347962968749997
0 0.8756879390625001 0.38119360156250004 0.8833075234375001 0.37943448125 0.8836505984375 0.369332775 0.8739305093749999 0.3735813359375 0.871219109375 0.3792185625 0.8756879390625001 0.38119360156250004
0 0.6819844515625 0.3417245671875 0.6717497515625 0.36112568437500003 0.67621858125 0.363100725 0.6856708499999999 0.3518982453125 0.6819844515625 0.3417245671875
0 0.8514690500000001 0.322640965625 0.844460359375 0.3212523 0.8457784328125 0.3269614984375 0.8390375609375 0.3325267515625 0.837644234375 0.343873178125 0.8458747140625 0.338966271875 0.8449960000000001 0.3351601390625 0.8533980171875 0.3252023796875 0.8514690500000001 0.322640965625
0 0.743242153125 0.2594291046875 0.7402629328125 0.25811241093750004 0.723973509375 0.262875371875 0.7263418359375 0.2673398515625 0.7335220625 0.2636776640625 0.7379908937499999 0.2656527046875 0.739308965625 0.27136190312499997 0.7467570125 0.2746536375 0.743242153125 0.2594291046875
0 0.8785919046874999 0.3995659203125 0.8832322703125 0.3964901078125 0.881303303125 0.39392869375 0.874123075 0.39759088125000003 0.8682609187500001 0.4069622671875 0.8551222515625 0.4079910671875 0.8498709921875 0.41421466718750005 0.86152005 0.41252752031249995 0.8649386265624999 0.4157472796875 0.874658715625 0.41149872031249995 0.8785919046874999 0.3995659203125
0 0.7252163296874999 0.28564019687500003 0.703407825 0.2896728359375 0.7053367921875 0.29223425000000003 0.715935596875 0.291791821875 0.7342502703125 0.30159504843749996 0.7423092125 0.3017389953125 0.7414304984375 0.2979328625 0.7252163296874999 0.28564019687500003
0 0.26787851875 0.5295354640625 0.2647277640625 0.5332696234375 0.2685856984375 0.53839245 0.267363909375 0.544688021875 0.2727114515625 0.5504691953124999 0.27630156562499997 0.5486381031249999 0.27339760156250004 0.5302657843749999 0.26787851875 0.5295354640625
0 0.3255007453125 0.6284843359375001 0.332852509375 0.619771296875 0.3329277640625 0.602715671875 0.325747534375 0.6063778578125001 0.32093563125 0.614504525 0.3255007453125 0.6284843359375001
0 0.5158697703125 0.7809752046875 0.519020528125 0.7772410453124999 0.51313734375 0.7575520328125 0.50412443125 0.770657578125 0.5082501859375 0.7827343250000001 0.5158697703125 0.7809752046875
0 0.2711465890625 0.566866475 0.269485440625 0.57125898125 0.25082769374999997 0.5715574609375 0.2476769375 0.5752916203125 0.24899500937500002 0.5810008203125 0.2560037 0.5823894875 0.2708035140625 0.57696818125 0.273954271875 0.5732340203125 0.2711465890625 0.566866475
0 0.3531625421875 0.48178309218750004 0.363761346875 0.481340665625 0.366912103125 0.47760650625 0.3641044203125 0.4712389609375 0.3594640546875 0.47431477343750006 0.353505615625 0.4716813875 0.34080630625 0.47461325312499997 0.3355550453125 0.480836853125 0.3347726125 0.4890354921875 0.341513484375 0.4834702390625 0.3437855265625 0.475929946875 0.3531625421875 0.48178309218750004
0 0.397453534375 0.5577512203125 0.3944743140625 0.5564345281249999 0.3898339484375 0.5595103406249999 0.378356428125 0.556146634375 0.3637281515625 0.5565170875 0.3650462234375 0.5622262874999999 0.38099257343750004 0.567565034375 0.3936918828125 0.5646331671875 0.397453534375 0.5577512203125
0 0.3714949421875 0.7581807546875 0.36597586249999997 0.757450434375 0.35608423437500003 0.766749846875 0.35530180312500004 0.7749484859375 0.3490002890625 0.78241680625 0.3534691203125 0.7843918453125001 0.3610887046875 0.7826327265625 0.36423946093750004 0.778898565625 0.3714949421875 0.7581807546875
0 0.3060694296875 0.7702786734375 0.29967163281250003 0.7657422203124999 0.3004540640625 0.75754358125 0.29659613125 0.7524207546875 0.3007971390625 0.747441875 0.2988681703125 0.7448804625000001 0.29124858593749997 0.7466395828125 0.2843361796875 0.7572556875 0.286972325 0.7686740875 0.2963493390625 0.774527234375 0.2955669078125 0.7827258734375 0.305115459375 0.783528165625 0.3073875015625 0.7759878734375001 0.3060694296875 0.7702786734375
0 0.4586902046875 0.44639536093750004 0.444233465625 0.44171496093749996 0.4415973203125 0.4302965625 0.43458862812500004 0.4289078953125 0.43143787343750006 0.43264205625 0.43153415468749995 0.44464682812499995 0.441350528125 0.452403040625 0.44310795937499997 0.46001530781250005 0.451606259375 0.46206232031249994 0.46029712656250005 0.488118878125 0.4554852234375 0.49624554375 0.4417356609375 0.50042213125 0.44183194531250003 0.5124269031249999 0.45523843125 0.5183520234375 0.49123585625 0.5120458625000001 0.497976728125 0.506480609375 0.515755759375 0.502375996875 0.521617915625 0.4930046109375 0.5042782390625 0.49901229062499997 0.4896499625 0.49938274375 0.48095909531250003 0.47332618593750003 0.48384203281250004 0.46263810625 0.4715820796875 0.46747303906250004 0.46894593437500004 0.456054640625 0.45834713125000004 0.4564970671875 0.4586902046875 0.44639536093750004
0 0.7339005937499999 0.786764828125 0.7266240828125 0.7784222421875 0.7282099750000001 0.7910853625 0.717268096875 0.8016294953124999 0.725594859375 0.8087273609375 0.7287456171875 0.8049932015625 0.7269881859375 0.797380934375 0.734168415625 0.7937187484375 0.7339005937499999 0.786764828125
0 0.7440179812500001 0.7262985390625001 0.7492692421875 0.720074940625 0.7464615609374999 0.71370739375 0.73095456875 0.7102717140625 0.735327115625 0.70024198125 0.725607025 0.7044905406249999 0.7203557640625 0.710714140625 0.7212344796875 0.7145202734375 0.728682528125 0.71781200625 0.7407709421875001 0.7180279265625 0.7440179812500001 0.7262985390625001
0 0.7888446171875 0.81617450625 0.8012008500000001 0.8233443453125 0.7990040625 0.8138290125 0.7900664046875 0.8098789328124999 0.775266590625 0.815300240625 0.76291035625 0.8081303999999999 0.7512612984375 0.809817546875 0.7521400125000001 0.8136236796875 0.7587093484375 0.8131092796875 0.7710655828124999 0.82027911875 0.7888446171875 0.81617450625
0 0.772374790625 0.6926911015624999 0.7691277515625 0.6844204890625 0.7536207593750001 0.680984809375 0.7573824109375 0.6741028625000001 0.7554534453125 0.67154145 0.7434613109375 0.683330303125 0.7488088578125 0.689111475 0.7608972703125 0.6893273953125 0.7620438078125 0.700087446875 0.772374790625 0.6926911015624999
0 0.6744877421875 0.7553801109375 0.6716800609375 0.749012565625 0.6623030453125 0.74315941875 0.65871293125 0.7449905125 0.6638889375 0.7558225390625 0.6538257734374999 0.7701728046875 0.6560225609375 0.7796881359375 0.6604913906250001 0.7816631765625 0.663985221875 0.7678273109375 0.6744877421875 0.7553801109375
0 0.8496297625 0.8071524 0.8590820328125 0.7959499203125 0.84682208125 0.8007848531249999 0.8415708203125 0.807008453125 0.8433282515625 0.81462071875 0.8281853625 0.83014373125 0.8372945578125 0.8290429578125 0.8465752906249999 0.8228913312499999 0.8513871937499999 0.814764665625 0.8496297625 0.8071524
0 0.2136505390625 0.642279990625 0.208570815625 0.6434527359375 0.19894700781250002 0.65970606875 0.18703013125 0.6544392953125 0.17836029375 0.6574431359374999 0.194746 0.6646849484375 0.2049054484375 0.6623394546875 0.208399278125 0.6485035890625 0.2136505390625 0.642279990625
0 0.192302421875 0.67727609375 0.17916375625 0.67830489375 0.1698830234375 0.6844565203124999 0.1645354765625 0.6786753484375 0.15112899062500001 0.672750228125 0.147538878125 0.6745813218750001 0.1656820140625 0.6894354 0.178381321875 0.686503534375 0.192302421875 0.67727609375
0 0.0229838 0.3204775875 0.036047212499999995 0.33650441249999996 0.03919796875 0.33277025312499997 0.03192145625 0.3244276671875 0.0333147828125 0.313081240625 0.0282350609375 0.3142539875 0.0229838 0.3204775875
0 0.0584787765625 0.22508716718750002 0.069956296875 0.2284508734375 0.068638225 0.2227416734375 0.048051509375 0.220478740625 0.04497600625 0.207157275 0.0375279578125 0.20386554218750003 0.026318257812500002 0.2074557546875 0.034816559375 0.2095027671875 0.0378920609375 0.2228242328125 0.045340109375 0.22611596718750002 0.0584787765625 0.22508716718750002