0 0.6992075015625 0.2174587984375 0.6922900578125 0.22175506406249998 0.6933330953125 0.224787196875 0.7000803109375 0.2224366234375 0.6992075015625 0.2174587984375
0 0.2527830453125 0.32544564062500003 0.2484623546875 0.32996909375 0.24865426093749998 0.3427296890625 0.2533154046875 0.33431485156249996 0.2527830453125 0.32544564062500003
0 0.4294890140625 0.3095360390625 0.43346925468749997 0.3089039734375 0.433107121875 0.29808906875 0.42912688125000004 0.2987211359375 0.426019453125 0.304331028125 0.4294890140625 0.3095360390625
0 0.40997484218749997 0.4578135703125 0.41621138125 0.46130007656250005 0.4245123140625 0.45614455625000006 0.42936536406250003 0.46049031406249996 0.4297058171875 0.45659892968750004 0.4196592625 0.4517987984375 0.40997484218749997 0.4578135703125
0 0.5239500640625 0.2766280125 0.5319105453125 0.2753638796875 0.5379551765625 0.2660897875 0.5222044421875001 0.2666723625 0.520310275 0.27336869375 0.5239500640625 0.2766280125
0 0.305977915625 0.4800843890625 0.3049348796875 0.47705225625000003 0.2912485359375 0.46899280625 0.290545953125 0.46206928906250005 0.2863954859375 0.46464704843750004 0.28328805625000003 0.470256940625 0.2893543703125 0.47568913906250004 0.2945478734375 0.4761435109375 0.30182745 0.4826621484375 0.305977915625 0.4800843890625
0 0.29005373749999996 0.3630166515625 0.28935115312500004 0.356093134375 0.28102853906249997 0.3465423640625 0.2867327234375 0.34115965937500004 0.2830929328125 0.33790034062499996 0.2735787390625 0.3419694203125 0.27289783437500004 0.34975219062499996 0.2827741625 0.356498015625 0.283476746875 0.3634215328125 0.29005373749999996 0.3630166515625
0 0.536658409375 0.325774196875 0.5363179578125 0.3296655828125 0.5555382546875001 0.33428801875 0.5596887234375 0.331710259375 0.5589861375 0.324786740625 0.548939584375 0.31998661093749997 0.536658409375 0.325774196875
0 0.4077586859375 0.363511571875 0.413122415625 0.36202025312499997 0.41207937968749997 0.3589881203125 0.40688587500000006 0.358533746875 0.3913270484375 0.37187691875 0.39064614375 0.3796596890625 0.3942859296875 0.3829190078125 0.398266171875 0.38228694218750003 0.39877685 0.3764498625 0.40724800781250003 0.3693486515625 0.4077586859375 0.363511571875
0 0.26266580624999997 0.5713834734375001 0.26419784062499996 0.5538722375 0.2619415421875 0.549753665625 0.24636103281250002 0.5483905484375 0.2366766125 0.5544053203125 0.2430833765625 0.5559461328124999 0.25381083437499996 0.5529634921875 0.25745062500000004 0.5562228109375 0.25642926875 0.5678969671874999 0.26266580624999997 0.5713834734375001
0 0.3281506640625 0.25655690625 0.32710762656250003 0.2535247734375 0.3158478109375 0.247638203125 0.3144426421875 0.23379116875 0.308376328125 0.22835897031250002 0.303182825 0.22790459843750002 0.3064821609375 0.2350553015625 0.3054608046875 0.24672945781250002 0.32417042500000004 0.2571889734375 0.3281506640625 0.25655690625
0 0.6820548140625 0.3237903421875 0.678969065625 0.344106521875 0.69039910625 0.3480474 0.6947198015625 0.3435239484375 0.693846990625 0.338546121875 0.6931444046874999 0.33162260468750004 0.6820548140625 0.3237903421875
0 0.462095346875 0.235925884375 0.45777465156249997 0.2404493375 0.45866914375 0.2601334515625 0.46230893125000005 0.26339277031249997 0.469396603125 0.2571508109375 0.4679914328125 0.243303775 0.47507910156250005 0.2370618171875 0.462095346875 0.235925884375
0 0.39679596093749997 0.3243210390625 0.4063101578125 0.320251959375 0.4057777984375 0.31138274843749997 0.4007545203125 0.3089826828125 0.39660405625 0.3115604421875 0.3973066390625 0.3184839609375 0.37376565 0.31838497656250003 0.36944495625 0.322908428125 0.3781080234375 0.3285678125 0.391772684375 0.32192097343750004 0.39679596093749997 0.3243210390625
0 0.7262830953125 0.2668816609375 0.72125981875 0.26448159531250004 0.7063818921875 0.2700419953125 0.7057009875 0.277824765625 0.711767303125 0.2832569640625 0.723537796875 0.28330645625 0.7212814984375 0.27918788437500003 0.7269856781249999 0.273805178125 0.7262830953125 0.2668816609375
0 0.746800159375 0.21181968750000002 0.739009903125 0.21113812968749998 0.732092459375 0.21543439531250003 0.7340083078124999 0.22344435312500002 0.7400746218750001 0.22887654999999998 0.75582535625 0.228293975 0.7563360343750001 0.22245689687499998 0.746800159375 0.21181968750000002
0 0.3259192609375 0.386740628125 0.335965815625 0.391540759375 0.33664671875 0.3837579875 0.33179366875 0.3794122296875 0.3214066625 0.37850348437500003 0.31448921875 0.38279975 0.3112115640625 0.39035533437500003 0.30048410468750003 0.393337975 0.30412389375000004 0.39659729375 0.3145108984375 0.3975060390625 0.3259192609375 0.386740628125
0 0.4933246203125 0.40236699218750005 0.50560579375 0.39657940625 0.5106290703125 0.3989794703125 0.5159928 0.3974881515625 0.5298276859375 0.38889561875 0.5348509640625 0.391295684375 0.5376179421875 0.38957717812500003 0.5423007671875 0.395868628125 0.5474942703125001 0.3963230015625 0.5516447359375001 0.3937452421875 0.5506016984375 0.390713109375 0.5481751734375 0.3885402296875 0.5428114453124999 0.39003155 0.530508590625 0.381112846875 0.517354609375 0.381922609375 0.5066271515625 0.3849052484375 0.5074999609375 0.3898830734375 0.49400552500000006 0.39458422031249996 0.4933246203125 0.40236699218750005
0 0.7767824609375 0.706549790625 0.7702054687500001 0.7069546703125 0.7736750296875 0.7121596828125 0.7776552718749999 0.711527615625 0.7767824609375 0.706549790625
0 0.7664604953125 0.7497599125 0.772526809375 0.755192109375 0.7733779390625 0.7454636453125 0.7709514125 0.7432907671875 0.7668009484375 0.7458685265625 0.7664604953125 0.7497599125
0 0.5967153328125 0.790785825 0.6008657984375 0.7882080640625 0.5998227625 0.7851759328125001 0.58960598125 0.78232149375 0.585455515625 0.7848992546875 0.5967153328125 0.790785825
0 0.553251459375 0.7791408859375 0.5482281828125 0.7767408203125 0.5383735359374999 0.7847012859375 0.5499738062499999 0.7866964703125 0.553251459375 0.7791408859375
0 0.7141448687499999 0.8392909968750001 0.7103348546875 0.837977371875 0.7105267609375 0.8507379671875 0.7221270296875 0.8527331531250001 0.72229725625 0.850787459375 0.7160607156250001 0.8473009546875 0.7141448687499999 0.8392909968750001
0 0.5413541000000001 0.8104496640625 0.5449938890625 0.8137089828124999 0.5487822234374999 0.8003163203125 0.53198845 0.7978667625 0.5420350046875 0.80266689375 0.5413541000000001 0.8104496640625
0 0.7394716234375001 0.7591622046875 0.7417062421875 0.7485744875 0.732021821875 0.7545892609375 0.7316813703125 0.758480646875 0.7451974859375 0.7684857890625 0.751774478125 0.7680809078124999 0.7510718921875 0.761157390625 0.7394716234375001 0.7591622046875
0 0.7049060859375 0.795349825 0.7099510421875 0.8124561796875 0.7168684859375001 0.8081599125000001 0.7154633171875 0.7943128765624999 0.7197840078125 0.789789425 0.715101184375 0.7834979734374999 0.7049060859375 0.795349825
0 0.747877740625 0.7079421265625 0.73542634375 0.7156754046875 0.7297221609375 0.7210581109375 0.733021496875 0.7282088156250001 0.7414926562499999 0.721107603125 0.7560301296875 0.7194385890625 0.755667996875 0.7086236859375 0.747877740625 0.7079421265625
0 0.67265866875 0.760178878125 0.672999121875 0.75628749375 0.672977440625 0.7415812046875 0.659461325 0.7315760625000001 0.6577373843750001 0.7363267015625 0.665016959375 0.7428453375 0.6568862546875 0.7460551640624999 0.656375575 0.75189224375 0.6648684140625 0.7594973203125 0.67265866875 0.760178878125
0 0.6298355578125 0.8309345953125 0.6426490890625 0.8340162203125001 0.6431597671875 0.8281791421875001 0.638306715625 0.8238333828125001 0.627919709375 0.8229246375000001 0.61114761875 0.8351813703125 0.6007606125 0.834272625 0.5992068984375 0.8370775703125 0.6078699640624999 0.8427369546874999 0.6156602171875 0.8434185125000001 0.6298355578125 0.8309345953125
0 0.5712368156250001 0.76797059375 0.5847529296875 0.7779757359375 0.5925431859375 0.7786572953124999 0.5966936515625 0.7760795359375 0.5959910671875 0.7691560171875 0.5878603609375 0.7723658437500001 0.5764086374999999 0.753718678125 0.56602163125 0.7528099328125 0.5565074359375 0.7568790125 0.5559967578125 0.762716090625 0.5596365453125001 0.765975409375 0.5703640046875 0.76299276875 0.5712368156250001 0.76797059375
0 0.32593212656250004 0.8651246453124999 0.33008259375 0.8625468843749999 0.3290395578125 0.8595147531249999 0.318993003125 0.8547146218749999 0.31675838437500003 0.8653023390625 0.32593212656250004 0.8651246453124999
0 0.4676453828125 0.83046889375 0.45051115781249995 0.831910721875 0.454150946875 0.835170040625 0.46194120156249996 0.8358515984375 0.4666240265625 0.84214305 0.470604265625 0.8415109828125 0.47249843281250004 0.8348146515625 0.4676453828125 0.83046889375
0 0.476522034375 0.8635951625 0.475649225 0.8586173374999999 0.4680291953125 0.8559900859375 0.4585149984375 0.860059165625 0.456791059375 0.8648098046875001 0.4519380078125 0.8604640453125001 0.4502140671875 0.8652146843749999 0.45628038125000003 0.8706468828125 0.4666673875 0.8715556281250001 0.476522034375 0.8635951625
0 0.4110925671875 0.8637525828125 0.42094721562500004 0.8557921171875 0.4103899828125 0.8568290640624999 0.40070556249999995 0.8628438375 0.40211073124999996 0.8766908734375001 0.395533740625 0.877095753125 0.3951932875 0.8809871390625 0.40800681718750004 0.8840687640624999 0.412157284375 0.881491003125 0.4110925671875 0.8637525828125
0 0.348321678125 0.7886600515625 0.33133599999999996 0.7734498984375 0.32337551875 0.7747140328125 0.31628785000000004 0.780955990625 0.3221839375 0.78833388125 0.33776444687499996 0.789697 0.344703571875 0.8001070218749999 0.3486838109375 0.7994749546875 0.348321678125 0.7886600515625
0 0.481266684375 0.7944094765624999 0.4689855109375 0.8001970625 0.47939419843750003 0.815812096875 0.492377953125 0.8169480281249999 0.5010193390625 0.8079011234375001 0.4916536890625 0.7953182203125 0.481266684375 0.7944094765624999
0 0.3317848546875 0.8430899578125001 0.33802139375 0.8465764625000001 0.3591358578125 0.8445025671874999 0.363286325 0.8419248078124999 0.3622432875 0.838892675 0.359476309375 0.8406111812500001 0.3544530328125 0.838211115625 0.33470037812500003 0.82471946875 0.3269101234375 0.8240379109375 0.3172257015625 0.8300526828124999 0.3182687375 0.8330848156249999 0.32622921875 0.83182068125 0.3317848546875 0.8430899578125001
0 0.4180035796875 0.6202643078125 0.4114265875 0.6206691890625 0.410915909375 0.6265062671875 0.4169822234375 0.6319384640625 0.4180035796875 0.6202643078125
0 0.3857561640625 0.5850933625 0.3890555 0.592244065625 0.40203925781249994 0.5933799984375 0.402379709375 0.5894886125000001 0.39718620625 0.5890342390625001 0.3836700921875 0.579029096875 0.3905875359375 0.57473283125 0.38296750625 0.5721055796875001 0.37881703906249997 0.5746833390625 0.381073340625 0.5788019109375 0.37830636093750003 0.5805204171875 0.3857561640625 0.5850933625
0 0.347170240625 0.712096475 0.3321004109375 0.704896278125 0.3243101546875 0.7042147203125 0.3116885296875 0.7138936921875 0.3177548421875 0.7193258890625 0.319478784375 0.71457525 0.3289929796875 0.7105061703125 0.3444032640625 0.71381498125 0.347170240625 0.712096475
0 0.3216483625 0.6598686671875 0.320605325 0.656836534375 0.3074513421875 0.6576462953125 0.30415200625 0.6504955906250001 0.2908061171875 0.63854475625 0.286825875 0.6391768234375 0.28891195000000003 0.6452410875 0.304684365625 0.6593648015625 0.317497896875 0.6624464265625 0.3216483625 0.6598686671875
0 0.42890126406249995 0.615335975 0.43288150312499996 0.6147039078125001 0.43268959687499997 0.6019433125 0.42177023281250003 0.59216535625 0.4252181140625 0.582664078125 0.42225923125 0.5716219890625001 0.41551201249999997 0.5739725625000001 0.42002461249999995 0.58220970625 0.41346930000000004 0.5973208750000001 0.42577215312499994 0.6062395781250001 0.42890126406249995 0.615335975
0 0.3827788171875 0.6789409875 0.380352290625 0.6767681078125001 0.394016953125 0.67012126875 0.3959111203125 0.6634249375 0.3950383109375 0.6584471125 0.39122829375 0.6571334859375 0.3839704 0.6653211390625 0.3677089859375 0.6717407921875 0.36702808125 0.6795235625 0.3730943953125 0.6849557609375 0.3796713859375 0.6845508796875001 0.3827788171875 0.6789409875
0 0.3331619109375 0.6030386953125 0.3383554125 0.60349306875 0.34527285625 0.5991968015625 0.3464644390625 0.585576953125 0.35182816875 0.5840856328124999 0.3509553578125 0.5791078078125 0.34852883281249997 0.576934928125 0.3327780984375 0.5775175031249999 0.327925046875 0.5731717453125 0.32394480625 0.5738038125 0.3312243828125 0.5803224499999999 0.3303732515625 0.5900509125 0.3244988453125 0.5973793125 0.3331619109375 0.6030386953125
0 0.3521035796875 0.5360753796875 0.3481233390625 0.536707446875 0.3500391859375 0.5447174046875001 0.3585320265625 0.5523224812499999 0.3713455578125 0.5554041062499999 0.385904709375 0.5684413796875 0.39352473906249996 0.5710686328125 0.398718240625 0.5715230046875 0.4097861515625 0.5646489781249999 0.422599684375 0.567730603125 0.439371775 0.5554738718750001 0.45980533437500004 0.5611827484374999 0.4603160125 0.5553456703124999 0.4400526796875 0.5476911 0.42794173124999996 0.55153299375 0.4232805875 0.5599478328124999 0.40493310156250006 0.5603032203125 0.39680239375 0.563513046875 0.38258369375 0.5465843875 0.3670031859375 0.54522126875 0.3521035796875 0.5360753796875