0 0.5328830046874999 0.7144627875 0.528485825 0.712332990625 0.5280632125 0.696497690625 0.5203619078124999 0.6910307890625 0.5208094890625 0.7138251203125 0.5299765203125 0.7200019531249999 0.53256026875 0.7264636078125 0.5358394265624999 0.72284168125 0.5328830046874999 0.7144627875
0 0.3653582890625 0.10535415625 0.372314246875 0.10698657656249999 0.3715689 0.1031520953125 0.3686124796875 0.0947732 0.3623768984375 0.09001623125 0.3593955078125 0.07467830625 0.34950809843749997 0.071626021875 0.354650625 0.0775903 0.35470056250000004 0.0915083609375 0.36386759375 0.09768519375 0.3653582890625 0.10535415625
0 0.219408021875 0.10586847968749999 0.21756962343750003 0.10324130625000001 0.2029123609375 0.096141984375 0.2025646546875 0.101183775 0.20917290624999998 0.10785798437500001 0.20224191875000003 0.11318459375 0.20298726718750001 0.117019075 0.20701177187500003 0.11723163125 0.21394276093750003 0.111905021875 0.219408021875 0.10586847968749999
0 0.9129924718750001 0.32023834375 0.9166443031249999 0.318533659375 0.91915314375 0.304118221875 0.916196721875 0.295739328125 0.9084954171874999 0.29027242656249996 0.9121222781249999 0.2816087109375 0.9099112046875 0.27706429843749997 0.9000737328125 0.2879300734375 0.9011917546875001 0.2936817953125 0.9107314609375001 0.3017758703125 0.9078499453125 0.314274065625 0.9129924718750001 0.32023834375
0 0.7327099968749999 0.335384896875 0.72615168125 0.342628746875 0.715916565625 0.3446182515625 0.712637409375 0.3482401765625 0.72982848125 0.3478830921875 0.74259740625 0.33843718125 0.740386334375 0.3338927671875 0.7327099968749999 0.335384896875
0 0.9466561 0.4251169359375 0.9342348796875 0.42952105781250005 0.9283719734375 0.42668132812500004 0.9038772390625001 0.4304477828125 0.9046225874999999 0.4342822625 0.923304353125 0.4415941421875 0.9434019109375 0.43569789062500003 0.948867171875 0.42966134843750003 0.9466561 0.4251169359375
0 0.7035795578124999 0.8822405249999999 0.7068587156249999 0.8786185984375001 0.704647640625 0.8740741859375 0.6881519765624999 0.8643476906249999 0.6833571546874999 0.8533416234375 0.671283640625 0.8527039562500001 0.6705632609375 0.8558285046874999 0.6797302937499999 0.8620053390625 0.6841524406249999 0.871094165625 0.6984370296875 0.8762762468749999 0.7035795578124999 0.8822405249999999
0 0.433812871875 0.8332041234374999 0.4330675234375 0.8293696421875 0.415156071875 0.832851275 0.404945925 0.8417998109375 0.40241211562499996 0.8492562171875001 0.3918043265625 0.84932848125 0.3910839484375 0.8524530296874999 0.4060889171875 0.8545105625 0.41627409374999996 0.838602996875 0.433812871875 0.8332041234374999
0 0.30778165625 0.5741725609375 0.30594325625 0.5715453875 0.294267384375 0.579783990625 0.27854203593750004 0.5808510078125 0.2727041 0.5849703093749999 0.27126334375 0.59121940625 0.27566052343749997 0.5933492031250001 0.279287384375 0.5846854890625 0.29538540625 0.5855357125 0.30778165625 0.5741725609375
0 0.8799105718750001 0.7852902937499999 0.8828170562500001 0.779751128125 0.8744203421875 0.78436780625 0.8762837109375001 0.7939540093749999 0.8554907453125 0.8099338375 0.8580744921875001 0.8163954921875 0.8668189109375 0.806737025 0.876681353125 0.8028302796875 0.8821466156250001 0.7967937375 0.8799105718750001 0.7852902937499999
0 0.5547459140625 0.79278483125 0.5573296625 0.7992464859374999 0.5627949250000001 0.79320994375 0.560956525 0.7905827703125 0.554348271875 0.7839085609375 0.536064146875 0.785472953125 0.5243383359375 0.779793496875 0.5206865046875 0.78149818125 0.5287604828125 0.7888823234375 0.5371821671875 0.791224675 0.5474172828125 0.7892351703125 0.5547459140625 0.79278483125
0 0.32531857343750004 0.46630547499999997 0.3198283421875 0.46538298593749994 0.3194806359375 0.470424775 0.303805228125 0.485409853125 0.30569356718749996 0.5019550859375 0.31409028125 0.4973384078125 0.31441301718750003 0.4853375890625 0.3253435421875 0.4732645046875 0.32531857343750004 0.46630547499999997
0 0.320596796875 0.3737082859375 0.30126955781250003 0.390398046875 0.3060643796875 0.40140411406250004 0.3159517890625 0.40445639843750003 0.3221623984375 0.40225433906249997 0.3133680421875 0.3979947453125 0.30931856875 0.390823159375 0.320994440625 0.38258455625 0.320596796875 0.3737082859375
0 0.4337767375 0.21143582031250002 0.4304476421875 0.20113968437500002 0.423094040625 0.19063099375 0.4198148828125 0.19425291875 0.42572772812500004 0.2110107078125 0.41735598124999995 0.222586415625 0.41847400312499994 0.22833813749999998 0.4261753078125 0.2338050390625 0.4250323171875 0.22109428750000001 0.4337767375 0.21143582031250002
0 0.4424730796875 0.2903275046875 0.44172773125000003 0.2864930234375 0.434051396875 0.2879851515625 0.41609000625 0.277548725 0.3945267234375 0.28273504374999997 0.396365125 0.285362215625 0.40441413437499996 0.28578732812499996 0.414276575 0.2818805828125 0.42967918593750004 0.2928143859375 0.4424730796875 0.2903275046875
0 0.44016212968749996 0.2579469703125 0.43832373125 0.255319796875 0.43320617187500005 0.25631455000000003 0.4309950984375 0.2517701375 0.4181762359375 0.2472979875 0.4031962359375 0.25219948593749997 0.3999170796875 0.2558214109375 0.4218530359375 0.2525523328125 0.43432419375000003 0.262066271875 0.44016212968749996 0.2579469703125
0 0.3708272734375 0.30425403906250004 0.360592159375 0.30624354375 0.3488663484375 0.3005640859375 0.331675275 0.3009211703125 0.33681780156249996 0.3068854484375 0.3444941375 0.3053933203125 0.358778728125 0.3105754 0.36901384375 0.30858589531249997 0.3708272734375 0.30425403906250004
0 0.6787333953125 0.68611234375 0.6644987437500001 0.694848321875 0.6495187453125 0.6997498203125 0.6404266203125 0.7144500765624999 0.6444511265624999 0.7146626328125001 0.65538165 0.7025895484375 0.6630579875 0.7010974203125 0.6794787421875 0.689946825 0.6787333953125 0.68611234375
0 0.6533934359375 0.6582081953125 0.654138784375 0.6620426765625 0.6665849734375 0.6645975843749999 0.6844964250000001 0.6611159515625 0.6867074984375 0.6656603640625 0.7032031609375 0.675386859375 0.7031781921875 0.6684278296875 0.6961972671875001 0.659836378125 0.7053143609375 0.6520951515625 0.7056620640625 0.6470533625 0.7034509921875001 0.6425089484375001 0.6964950328125 0.640876528125 0.69726535 0.651670040625 0.6914274140625001 0.6557893421875 0.683378403125 0.6553642296875 0.6658396265625 0.6607631031250001 0.65704526875 0.6565035109374999 0.6533934359375 0.6582081953125
0 0.590640003125 0.6017622312500001 0.5808275 0.6195870359375 0.5654748265625 0.62257129375 0.5600095656249999 0.6286078359375 0.56077988125 0.6394013468749999 0.569151628125 0.6278256390625 0.5899695625 0.618804840625 0.5928510765625 0.60630664375 0.590640003125 0.6017622312500001
0 0.5346446375 0.5937446578125 0.5372533546875 0.6071653421875001 0.544954659375 0.61263224375 0.548606490625 0.6109275578125 0.546768090625 0.6083003859375 0.5419982375 0.6042533484375 0.5426936484375 0.5941697687499999 0.53645806875 0.5894128000000001 0.5349673734375 0.5817438375 0.5309428671875 0.58153128125 0.527663709375 0.5851532078125 0.5287817312499999 0.590904928125 0.5346446375 0.5937446578125
0 0.49976869375 0.762682859375 0.4895335796875 0.7646723640624999 0.48108692499999994 0.75537098125 0.47119951562500006 0.752318696875 0.4551264640625 0.758427503125 0.47231753750000005 0.75807041875 0.487720146875 0.7690042218750001 0.4979552625 0.7670147171874999 0.49976869375 0.762682859375
0 0.7801662765625 0.7161378140625 0.794823540625 0.7232371359374999 0.8002888031250001 0.71720059375 0.7885629921875 0.7115211375 0.7932829078125 0.7016501140625 0.7984004640625 0.7006553609374999 0.803542990625 0.7066196390624999 0.813430403125 0.7096719234375 0.8280377265625001 0.7028531859375 0.8272923796875 0.6990187046874999 0.8123123812499999 0.7039202015625 0.8067971796875 0.6960386828125 0.7994685484375 0.6924890218749999 0.794350990625 0.693483775 0.781607034375 0.7098887171875 0.77174459375 0.7137954625 0.7710242140625 0.7169200109375 0.7801662765625 0.7161378140625
0 0.8348420093750001 0.5602632125 0.8443567468750001 0.5613982562500001 0.8473131687500001 0.5697771515625 0.85277843125 0.563740609375 0.8501946828125 0.5572789546875 0.8183463468750001 0.5505367171875 0.8348420093750001 0.5602632125
0 0.6825544265625 0.425716234375 0.6763188484375 0.4209592640625 0.679945709375 0.41229554999999996 0.6934350140625 0.39972508906250004 0.6941304234375 0.389641509375 0.7032225484375 0.374941253125 0.68789484375 0.384884540625 0.687199434375 0.3949681203125 0.671176321875 0.4149949859375 0.645240828125 0.42501053750000006 0.6551282390625001 0.4280628234375 0.6671767859375 0.4217414609375 0.6818340484375 0.4288407828125 0.6825544265625 0.425716234375
0 0.622086975 0.3946917734375 0.6173420921874999 0.397603765625 0.5964991875 0.3996655359375 0.58191683125 0.4134433046875 0.5914315671875 0.4145783484375 0.6001759875 0.40491988125 0.6184601125 0.4033554875 0.623925375 0.3973189453125 0.622086975 0.3946917734375
0 0.73686120625 0.472860815625 0.7382769953125 0.45965268750000005 0.7327867640625 0.4587301984375 0.7295076078125 0.4623521234375 0.7295575453125 0.476270184375 0.7189996937500001 0.490260509375 0.725632915625 0.50389375 0.7314708515625 0.49977444843749996 0.7266760296875 0.4887683796875 0.73686120625 0.472860815625
0 0.5889551375 0.8458256640625 0.5867440640625 0.84128125 0.580881159375 0.838441521875 0.5633423828125 0.8438403953125 0.5545480234375 0.8395808015625 0.5508961921875 0.8412854875000001 0.56152895 0.848172253125 0.5794404015625 0.84469061875 0.5834898765625 0.8518622046875001 0.5889551375 0.8458256640625
0 0.9820601124999999 0.6072547921875 0.986432321875 0.6024255578125 0.970706975 0.603492575 0.9589811656249999 0.5978131171875 0.9487460499999999 0.599802621875 0.9385359046874999 0.6087511578125 0.940374303125 0.6113783296874999 0.9553543015624999 0.6064768328125 0.9667074390625 0.61023905 0.9820601124999999 0.6072547921875
0 0.9201269328125001 0.5755204 0.9252444921875 0.574525646875 0.93180280625 0.567281796875 0.9577632671874999 0.564225275 0.9610424265624999 0.56060335 0.959204025 0.5579761765625 0.9332435640625001 0.5610326984375 0.928846384375 0.5589029015625 0.9343116453125001 0.5528663593750001 0.9372431000000001 0.554286225 0.9364977515625 0.5504517437499999 0.9090965328125 0.5597573625 0.8988863874999999 0.568705896875 0.9201269328125001 0.5755204