0 0.6659201718750001 0.21358013125 0.690700715625 0.213259340625 0.6840396421875 0.21067472343750002 0.665817953125 0.2116296828125 0.6659201718750001 0.21358013125
0 0.34430801875 0.203053834375 0.339204040625 0.205277128125 0.3502297453125 0.216434128125 0.36074435625 0.2178388859375 0.3635518921875 0.22160335937500003 0.3674054296875 0.2204235015625 0.3698040921875 0.21638618125 0.3657461171875 0.21366514374999998 0.3552315046875 0.2122603859375 0.34430801875 0.203053834375
0 0.532753284375 0.212735890625 0.551179409375 0.215681828125 0.5573293890625 0.20851420312500002 0.5482696546875 0.20996690624999997 0.5375506062500001 0.2046612515625 0.5297413109375 0.20507051875 0.519942228125 0.21731889999999998 0.532753284375 0.212735890625
0 0.6446388796875 0.2557673484375 0.6532897390625 0.2465128515625 0.6529830828125001 0.2406615078125 0.6681928 0.23204117812499997 0.670489240625 0.2260534109375 0.666431265625 0.223332371875 0.64767466875 0.23898390468750003 0.643081784375 0.25095943906249996 0.6446388796875 0.2557673484375
0 0.516064875 0.2429475734375 0.5081533609375 0.24140639218749999 0.500344065625 0.2418156609375 0.5004462843749999 0.243766109375 0.512415775 0.24802832812500003 0.5129268671875 0.25778056875 0.519690159375 0.2623156328125 0.5248963578125 0.2620427875 0.53114855625 0.2568256109375 0.53094411875 0.2529247140625 0.5243852640625 0.25229054687499997 0.516064875 0.2429475734375
0 0.6121204875 0.1831509609375 0.61242714375 0.18900230625 0.62314619375 0.1943079609375 0.627841296875 0.1842828734375 0.6437665421875 0.1893156828125 0.6500187421875 0.18409850625 0.6498143046875 0.180197609375 0.6224306625 0.1806548234375 0.6174289046875 0.18482856406249998 0.6121204875 0.1831509609375
0 0.613425515625 0.2329556046875 0.6148803921875 0.235813065625 0.62258746875 0.23345335 0.63248876875 0.2231554171875 0.648414015625 0.2281882265625 0.656223309375 0.227778959375 0.65737153125 0.224785075 0.6399914078125 0.21689480468750003 0.6321821125 0.21730407343749997 0.613425515625 0.2329556046875
0 0.48308997812500004 0.21142702343750003 0.4779859984375 0.2136503171875 0.4822484125 0.22027225156250002 0.49973075468749995 0.2301129703125 0.512746246875 0.2294308578125 0.5189984453125 0.2242136796875 0.51733913125 0.217455321875 0.5098364906249999 0.223715934375 0.5046302953125 0.22398877968750003 0.48308997812500004 0.21142702343750003
0 0.3191493703125 0.270869725 0.327163103125 0.2743613546875 0.3279024484375 0.263565678125 0.3379059671875 0.25521819375 0.332928025 0.2349431203125 0.32657360625 0.23820985 0.32739135468749997 0.2538134359375 0.31738783593750003 0.26216091874999997 0.3191493703125 0.270869725
0 0.0584991609375 0.5270496890625 0.0673544578125 0.5216960890625 0.0658995828125 0.5188386281249999 0.056839846875 0.5202913312499999 0.0584991609375 0.5270496890625
0 0.2065145234375 0.46257417656250005 0.22098489062499999 0.46474952500000005 0.20881096562499998 0.456586409375 0.2049574265625 0.4577662671875 0.2065145234375 0.46257417656250005
0 0.16420400468750002 0.5019518796875 0.17201329999999998 0.5015426109375001 0.1757646203125 0.49841230468750003 0.14536900625 0.4912041484375 0.1456756625 0.4970554921875 0.158793371875 0.49832382812500003 0.16420400468750002 0.5019518796875
0 0.0184304984375 0.5095915453125001 0.0208291609375 0.5055542265625 0.029888895312500004 0.5041015234375 0.0258309203125 0.501380484375 0.018021625 0.5017897515625 0.0015614703125 0.511453515625 0.003118565625 0.5162614249999999 0.0184304984375 0.5095915453125001
0 0.1132734 0.625880971875 0.10952208125 0.629011278125 0.11097695781250001 0.6318687390625 0.118581815625 0.627558575 0.1212871328125 0.6293726000000001 0.128994209375 0.627012884375 0.1451477078125 0.611497775 0.1449432703125 0.6075968781250001 0.133484875 0.6130869015625 0.1210826953125 0.6254717046875 0.1132734 0.625880971875
0 0.038216240624999995 0.6131902046875 0.038011803125 0.609289309375 0.015016607812499999 0.5938700906250001 0.0112652875 0.5970003968750001 0.012822384375 0.6018083062499999 0.029258723437500002 0.61659335625 0.038216240624999995 0.6131902046875
0 0.020072953125 0.6405444265625 0.016321634374999998 0.6436747328125 0.0177765109375 0.6465321953125 0.022982709375 0.64625935 0.0392146109375 0.657143503125 0.0573340796875 0.654238096875 0.06940578750000001 0.6604507640625 0.06504115625 0.65187838125 0.041511053125 0.6511557359375 0.0278822484375 0.640135159375 0.020072953125 0.6405444265625
0 0.0605365796875 0.466312946875 0.055432601562499996 0.46853624062500004 0.0627069875 0.4828235453125 0.076029134375 0.487992778125 0.0752897890625 0.4987884546875 0.08404286718750001 0.49148440625 0.08363399218749999 0.4836826125 0.0703118453125 0.47851338125 0.0672998703125 0.47084801093750006 0.0605365796875 0.466312946875
0 0.199263953125 0.42383805625 0.1916590953125 0.4281482203125 0.1838498015625 0.4285574890625 0.178439165625 0.4249294375 0.17884804062499998 0.4327312296875 0.1816555765625 0.43649570468750004 0.19467106875 0.435813590625 0.2099830015625 0.4291437109375 0.2208042703125 0.4363998140625 0.22726090625 0.4350835328125 0.22435115312499998 0.4293686109375 0.21227944375000002 0.42315594375 0.199263953125 0.42383805625
0 0.0391054359375 0.5554473468750001 0.0401514390625 0.5505030140625 0.03183105 0.541160040625 0.0211120015625 0.5358543859375 0.014144271875 0.527418425 0.009040293750000001 0.52964171875 0.013404925000000002 0.5382141015624999 0.024123975 0.54351975625 0.014018237499999999 0.5499167921875 0.0118240125 0.5578550078125 0.023793503125 0.5621172265625 0.023282409375 0.5523649859375 0.031091703124999998 0.5519557171875 0.0391054359375 0.5554473468750001
0 0.0924178421875 0.551675459375 0.103136890625 0.5569811140625001 0.10375020312500001 0.568683803125 0.0976002234375 0.575851428125 0.086141828125 0.5813414515625001 0.08540248125 0.592137128125 0.0965304046875 0.6052445765625001 0.10028172500000002 0.6021142703125 0.09997506874999999 0.596262925 0.094257778125 0.586783528125 0.11186615468750001 0.5741258796875 0.1081386515625 0.552807371875 0.101477578125 0.55022275625 0.0924178421875 0.551675459375
0 0.426728928125 0.7796085296874999 0.430378028125 0.7745277749999999 0.4285142765625 0.763868521875 0.4249673953125 0.770899725 0.426728928125 0.7796085296874999
0 0.5942471874999999 0.7884315187500001 0.5878927703125 0.791698246875 0.5893476484375 0.794555709375 0.5947582812500001 0.7981837609375 0.6011127 0.79491703125 0.5942471874999999 0.7884315187500001
0 0.4956599234375 0.7750181078125 0.4916019484375 0.77229706875 0.4892032875 0.7763343875000001 0.492726353125 0.793752 0.49647767343749993 0.79062169375 0.4956599234375 0.7750181078125
0 0.7066369234375001 0.741469509375 0.7076829250000001 0.736525178125 0.7020678546875 0.7289962296875 0.7161293468750001 0.723369784375 0.7184257890625 0.7173820171874999 0.6993625359375 0.727182203125 0.7011240703125 0.735891009375 0.7066369234375001 0.741469509375
0 0.54703713125 0.8339334109375001 0.5392278359375 0.8343426781250001 0.5393300546875001 0.8362931265625001 0.54724156875 0.8378343078125001 0.5546419890625 0.829623246875 0.5652588203125 0.8329784531250001 0.5690101375000001 0.829848146875 0.5621446265625 0.823362634375 0.5569384312500001 0.8236354796875001 0.5505840125 0.8269022078124999 0.54703713125 0.8339334109375001
0 0.3009148265625 0.819450859375 0.2878993359375 0.8201329718749999 0.2806011328125 0.8302944812499999 0.2861139875 0.83587298125 0.2908090890625 0.8258478953124999 0.3115316578125 0.8228060656249999 0.3152829765625 0.819675759375 0.3120665671875 0.8081094921875 0.3080085921875 0.8053884531250001 0.3071670265625 0.81423368125 0.3009148265625 0.819450859375
0 0.48777918124999997 0.8487738203124999 0.48964293281250004 0.8594330749999999 0.4937009078125 0.8621541140625 0.507864621875 0.8584781171874999 0.507557965625 0.852626771875 0.49132606250000005 0.8417426171875 0.48976896718749996 0.8369347078124999 0.4859154296875 0.838114565625 0.48777918124999997 0.8487738203124999
0 0.569214575 0.8337490437499999 0.570771671875 0.8385569531250001 0.578887621875 0.8439990296875 0.5916986765625001 0.8394160203125001 0.6087721421875 0.8414549453125 0.6085677046875 0.8375540484374999 0.5990990968750001 0.831204959375 0.581081846875 0.8360608140625001 0.580672971875 0.8282590203125 0.569214575 0.8337490437499999
0 0.42979548906250004 0.8381219796874999 0.424180415625 0.83059303125 0.4190764390625 0.8328163249999999 0.420837971875 0.8415251312500001 0.4276012640625 0.8460601953125 0.44061675625 0.8453780828124999 0.4570769109375 0.83571431875 0.45291671562499997 0.8310428312499999 0.44510742187499996 0.8314520984374999 0.43760478281250004 0.8377127124999999 0.42979548906250004 0.8381219796874999
0 0.5153364890625001 0.7769206109375 0.5305462046875 0.7683002812499999 0.5434594781250001 0.7656677203125 0.547210796875 0.7625374140625001 0.5469041406249999 0.75668606875 0.5401408484375 0.7521510046875 0.5349346515625 0.75242385 0.513677175 0.770162253125 0.5153364890625001 0.7769206109375
0 0.52647136875 0.8897737671874999 0.51636563125 0.896170803125 0.5097045578125 0.8935861859375 0.5117965625 0.8836975218750001 0.52606249375 0.8819719734374999 0.5298138140625 0.8788416671875 0.5282567171875 0.8740337578125 0.5232549578125 0.8782075 0.5101372484375 0.8769391640625 0.5037828296875 0.88020589375 0.5036567953125 0.9027042609375 0.5089652109375 0.9043818640625 0.5139669687499999 0.900208121875 0.5166722874999999 0.902022146875 0.52688024375 0.8975755609375 0.5321886578125 0.8992531640625 0.5359399781249999 0.8961228562500001 0.5342806625 0.8893644999999999 0.52647136875 0.8897737671874999
0 0.6323528296875 0.4695940171875 0.6406732171875 0.4789369921875 0.638911684375 0.4702281859375 0.6348537078125001 0.46750714687499995 0.6323528296875 0.4695940171875
0 0.334836459375 0.5203906859375 0.3386899953125 0.5192108281250001 0.342032440625 0.5082787296875 0.3356780234375 0.5115454578125 0.334836459375 0.5203906859375
0 0.4275734421875 0.447077359375 0.43318851406250003 0.4546063078125 0.436530959375 0.44367420781250005 0.42726678749999997 0.44122601406250006 0.4275734421875 0.447077359375
0 0.6468470125 0.44732055156249995 0.6329899578125 0.4568478921875 0.634444834375 0.45970535312500005 0.6434023515625 0.4563022015625 0.648301890625 0.4501780125 0.6468470125 0.44732055156249995
0 0.545742009375 0.560188534375 0.54854954375 0.5639530078125 0.564168134375 0.5631344734375 0.5682261109375 0.5658555109375001 0.5665667953125 0.559097153125 0.55094820625 0.5599156890625 0.5481406703125 0.556151215625 0.5442871312500001 0.5573310734375 0.545742009375 0.560188534375
0 0.5602361953125 0.5379150671875 0.56408973125 0.536735209375 0.5597251015625 0.5281628265625 0.546505171875 0.5249440421875 0.5468118265624999 0.5307953875 0.552018025 0.5305225421875 0.5602361953125 0.5379150671875
0 0.37949800312500004 0.5258732953125 0.3732458046875 0.5310904734374999 0.3750073390625 0.5397992796875 0.3888643953125 0.5302719375 0.3847042015625 0.52560045 0.37949800312500004 0.5258732953125
0 0.5431319546875 0.4605792484375 0.5292748984375 0.4701065890625 0.5308319953125 0.4749145 0.538845728125 0.47840612812499994 0.5450979265625 0.4731889515625 0.5431319546875 0.4605792484375
0 0.6564962453125001 0.482019353125 0.652744925 0.48514965937500004 0.6556308640624999 0.515313396875 0.66198528125 0.5120466671874999 0.6607586578125 0.4886412875 0.6564962453125001 0.482019353125
0 0.5537487859375 0.4639344546875 0.5596943296875 0.45286593281250004 0.5551252609375 0.44039265156249996 0.5439735203125 0.45173401875 0.5455306171875 0.45654192812499994 0.5471899312499999 0.4633002859375 0.5537487859375 0.4639344546875
0 0.3880704609375 0.4902195359375 0.3750549703125 0.4909016484375 0.3751571890625 0.492852096875 0.3909802171875 0.4959344578125 0.40180148437499996 0.5031905609375 0.40961077812499996 0.50278129375 0.4235700546875 0.4952044 0.419512078125 0.4924833609375 0.41190722187500006 0.496793525 0.40409792656250004 0.49720279375 0.3880704609375 0.4902195359375
0 0.2998241421875 0.5496068796875 0.3001307984375 0.555458225 0.30804231249999997 0.5569994046875 0.32189936874999997 0.5474720625 0.3196267421875 0.529011015625 0.314420546875 0.5292838609375 0.3107714453125 0.534364615625 0.3114869765625 0.548017753125 0.30773565625 0.551148059375 0.2998241421875 0.5496068796875
0 0.615705096875 0.3511623609375 0.607895803125 0.3515716296875 0.60414448125 0.3547019359375 0.605599359375 0.357559396875 0.6215246046875 0.36259220625 0.6319369984375001 0.362046515625 0.6382914171875 0.35877978593750004 0.6430887390625 0.3507051484375 0.6390307625 0.347984109375 0.62902724375 0.35633159375 0.6238210484375 0.3566044390625 0.615705096875 0.3511623609375
0 0.29321765625 0.5978703421875 0.2947747515625 0.6026782515625 0.316543321875 0.594692090625 0.318941984375 0.5906547703125 0.3157255734375 0.579088503125 0.3258313109375 0.57269146875 0.3241719953125 0.5659331109375 0.3077118421875 0.575596875 0.3059264921875 0.591336884375 0.29321765625 0.5978703421875
0 0.5586006968749999 0.50670789375 0.545380765625 0.5034891109374999 0.5391285671875 0.5087062875 0.5406856640625 0.513514196875 0.5538033734375001 0.5147825328125 0.56931974375 0.5120135484375 0.5769246015625 0.507703384375 0.5877458703125 0.5149594875 0.5883829984375 0.5022133625 0.579118825 0.49976516875000004 0.5690130875 0.5061622046875 0.5586006968749999 0.50670789375
0 0.580376221875 0.5984674421875 0.5616196234374999 0.6141189734375 0.5720320171875 0.6135732843749999 0.5845364140625 0.6031389296875 0.6000527875 0.6003699453125 0.606100546875 0.5912518718750001 0.6020425734375 0.5885308328125001 0.583718665625 0.5875353421875 0.579967346875 0.5906656484374999 0.580376221875 0.5984674421875
0 0.4952847703125 0.5188272656249999 0.4912267953125 0.5161062265624999 0.48351971875000005 0.51846594375 0.4651958109375 0.517470453125 0.46144449375 0.5206007593749999 0.46289937031250006 0.5234582203125 0.4851790328125 0.5252243015625 0.482780371875 0.5292616203125 0.48579234531250004 0.5369269906249999 0.473083509375 0.5434604484375 0.477141484375 0.5461814875 0.487451659375 0.5436853484374999 0.49370385937499994 0.538468171875 0.4952847703125 0.5188272656249999