0 0.6214673515625 0.3158945359375 0.6254752156250001 0.3154716453125 0.6262232328125 0.3007843765625 0.6219435453125 0.303141384375 0.6214673515625 0.3158945359375
0 0.45029196718750003 0.185332153125 0.4437027984375 0.185392265625 0.44288733125 0.1911946171875 0.43459977812500006 0.1939745171875 0.43548269531250006 0.1970570828125 0.4477781140625 0.1938542921875 0.45029196718750003 0.185332153125
0 0.677716409375 0.252796325 0.687702346875 0.2472966390625 0.690488021875 0.2368403828125 0.6807739046875 0.24040595156250003 0.677716409375 0.252796325
0 0.492130390625 0.29968973125 0.5061916453124999 0.302652071875 0.506735290625 0.2987838375 0.5032710703125 0.29533849375 0.4955271609375 0.29425015781249997 0.4911800234375 0.2877222484375 0.49036455625 0.29352460156250004 0.492130390625 0.29968973125
0 0.70631713125 0.20849406718750002 0.7000672375 0.21550497968750001 0.70067833125 0.22052166093749997 0.7103924484374999 0.21695609375 0.7157594265625 0.20686261562500002 0.70631713125 0.20849406718750002
0 0.38330693125000004 0.30609110624999997 0.3790272453125 0.3084481140625 0.3799101625 0.31153067968750003 0.3879258921875 0.310684896875 0.400560584375 0.31443290625000003 0.414826209375 0.3065762125 0.42487959843749995 0.30996144375 0.42943110781250005 0.30567031718750004 0.41047907187500005 0.30004830312499997 0.39879474843749996 0.30826777656250004 0.38330693125000004 0.30609110624999997
0 0.3411251921875 0.2597303 0.3411926421875 0.2686152171875 0.35559316875 0.27852835625 0.35987285625 0.2761713484375 0.35090675625 0.2650496484375 0.3568848328125 0.25997285312499996 0.35817649375 0.24141735 0.35131550312500004 0.2434115796875 0.349956390625 0.253082165625 0.3411251921875 0.2597303
0 0.713854646875 0.257875221875 0.7133110015625 0.2617434578125 0.731991215625 0.2692995890625 0.730632103125 0.278970175 0.7384434609375 0.28894342812499996 0.74788575625 0.28731197656249996 0.7409573140625 0.2804212890625 0.7425882500000001 0.2688165859375 0.7368145484374999 0.2630743453125 0.713854646875 0.257875221875
0 0.267356725 0.20399947031250001 0.267695996875 0.21095026875 0.2708883953125 0.21632972968750003 0.268713815625 0.23180266875000002 0.28223142343749996 0.23863324375 0.2793108484375 0.231319665625 0.2837949078125 0.218143621875 0.277138290625 0.20931881875 0.27707083906249996 0.2004339015625 0.267356725 0.20399947031250001
0 0.058463446875000005 0.388638096875 0.0579198015625 0.39250633125 0.0665466265625 0.3966772328125 0.07727856093749999 0.4139640625 0.07591944843750001 0.42363465 0.07965549375 0.4251458765625 0.08706012656249999 0.4192834109375 0.0881474171875 0.4115469421875 0.0736794421875 0.3927488859375 0.058463446875000005 0.388638096875
0 0.49251487968749996 0.72773709375 0.5022289953125 0.724171525 0.504199203125 0.719517621875 0.4973382125 0.7215118515625 0.49251487968749996 0.72773709375
0 0.551619084375 0.6255937578124999 0.5593629921875001 0.6266820937500001 0.568329090625 0.6378037937500001 0.572608778125 0.635446784375 0.57084294375 0.6292816546875 0.557325334375 0.6224510796875 0.5552876765625 0.6182200671875 0.5512798125 0.6186429578125 0.551619084375 0.6255937578124999
0 0.6516808171874999 0.5972516484375 0.6461789390625 0.5895752921875 0.6387068515625 0.5865528390625 0.634427165625 0.588909846875 0.6347664375 0.5958606468750001 0.6474011281250001 0.59960865625 0.6516808171874999 0.5972516484375
0 0.5242405515625 0.67992938125 0.52512346875 0.6830119453125 0.5308971703124999 0.6887541859375 0.530081703125 0.6945565375 0.5243754515625 0.6976992140625 0.524714725 0.7046500140624999 0.5378256109375 0.695644871875 0.53836925625 0.6917766375000001 0.5282484171874999 0.6795064890625 0.5242405515625 0.67992938125
0 0.6463138390625 0.6073451265625 0.646042015625 0.60927924375 0.6552799375 0.6184668265625 0.6707677546874999 0.620643496875 0.6791227578125001 0.626748515625 0.6796664031249999 0.6228802796874999 0.671583221875 0.6148411453125 0.658676709375 0.6130272531250001 0.654057746875 0.6084334609375001 0.6463138390625 0.6073451265625
0 0.5974019671875 0.65569595625 0.6213817078125 0.6442736921875001 0.62015951875 0.634240328125 0.624711028125 0.6299492015625 0.619548421875 0.6292236453125 0.612415609375 0.6331519921875 0.613909621875 0.641251240625 0.599643996875 0.649107934375 0.5974019671875 0.65569595625
0 0.48476895000000003 0.7641225453125 0.5016158796875 0.7566286296875 0.5171036953125 0.7588053 0.524780153125 0.7510087171875 0.5124847359375 0.7542115078125 0.502431346875 0.7508262765625 0.47213425937500003 0.7603745359375 0.48476895000000003 0.7641225453125
0 0.44857336875 0.5627898 0.43947034843750005 0.5713720515625 0.43980962031250004 0.5783228515625 0.44585514374999996 0.5821309734375 0.44694243437500003 0.574394503125 0.45604545312500006 0.5658122515625 0.45251378437499995 0.5534819921875 0.4550276359375 0.5449598531250001 0.44558534375000003 0.5465913046875001 0.44449805312499996 0.5543277734375 0.44857336875 0.5627898
0 0.5042686734374999 0.690928753125 0.5080047171875 0.6924399796875 0.515681175 0.6846433968750001 0.512488778125 0.6792639359375 0.5038619515625 0.6750930359375 0.5039988734375 0.655389084375 0.5082111109375 0.6441471578125 0.49238402187499997 0.6350196875 0.48552303124999996 0.6370139171875 0.4824655328125 0.6494042906249999 0.48932652499999996 0.6474100609375 0.49156855468750005 0.640822040625 0.4978859 0.6426960453125 0.4959831421875 0.656234865625 0.4995148140625 0.6685651265625 0.49584622187500005 0.6759388171875 0.5079372671875 0.6835550625 0.5042686734374999 0.690928753125
0 0.4585653703125 0.44486875625 0.45571224531250004 0.44644009531249995 0.45523605156249997 0.45919324687499996 0.46909293124999996 0.4729746203125 0.4680056421875 0.480711090625 0.474051165625 0.48451921249999996 0.47738048437499997 0.470194721875 0.46556126249999996 0.4606443609375 0.46461089375000003 0.448676878125 0.4585653703125 0.44486875625
0 0.5268077046874999 0.9426086609375 0.5327857781249999 0.937531865625 0.5298652015624999 0.9302182875 0.5247700484375 0.9383776484374999 0.524837496875 0.9472625656250001 0.5266033328125 0.9534276953124999 0.5268077046874999 0.9426086609375
0 0.6095442921875 0.9719874046875001 0.6130085125 0.9754327484375 0.6220440828125 0.9579655812500001 0.60186985625 0.9423102015625 0.6013262109374999 0.9461784359375001 0.614300175 0.9568772453125 0.6095442921875 0.9719874046875001
0 0.642087453125 0.880903553125 0.66042839375 0.8815088859375001 0.6691226703125001 0.8945647031249999 0.68087444375 0.8952301468750001 0.674557096875 0.8933561421875 0.667289384375 0.8795146546874999 0.658662559375 0.8753437546875 0.6452124 0.8773980968749999 0.642087453125 0.880903553125
0 0.6608351171875 0.8973446015625001 0.660291471875 0.9012128374999999 0.6689857484374999 0.9142686546875 0.6790391375 0.9176538859375001 0.6833862749999999 0.9241817953125 0.6873941390625 0.923758903125 0.6859001265625 0.9156596562500001 0.6746920000000001 0.9111259765625 0.668307203125 0.9003670546875 0.6608351171875 0.8973446015625001
0 0.5366567203125 0.9568129265625 0.552348909375 0.9481705625 0.553708021875 0.9384999765625001 0.56253921875 0.9318518421875 0.561928125 0.9268351593749999 0.5462359359375 0.9354775234374999 0.5477299484375 0.9435767703125 0.535773803125 0.9537303609375 0.5366567203125 0.9568129265625
0 0.5911379218749999 0.9250233703124999 0.6028222453125001 0.9168038968750001 0.6211631875 0.9174092296874999 0.6319645921875 0.906107190625 0.6165442265625 0.9128154374999999 0.598203284375 0.9122101062500001 0.5779595859375 0.9251435953125 0.5911379218749999 0.9250233703124999