0 0.7431640625 0.3831805890625 0.744140625 0.3792705828125 0.7314453125 0.3753605765625 0.7236328125 0.38578725937499997 0.7138671875 0.38839393125 0.708984375 0.39491060624999996 0.708984375 0.40273061875 0.712890625 0.4053372890625 0.7158203125 0.3962139421875 0.7275390625 0.393607271875 0.7373046875 0.3831805890625 0.7431640625 0.3831805890625
0 0.86328125 0.890178034375 0.8671875 0.88496469375 0.8662109375 0.8784480171875 0.861328125 0.8875713640624999 0.86328125 0.890178034375
0 0.75 0.5643442015625 0.75390625 0.5643442015625 0.751953125 0.5617375296875 0.75390625 0.5408841640625 0.7509765625 0.5343674890625 0.75 0.5643442015625
0 0.8125 0.5148174578125 0.8134765625 0.50830078125 0.80078125 0.506997446875 0.8056640625 0.5161207937500001 0.8125 0.5148174578125
0 0.8837890625 0.758541165625 0.875 0.7702711843750001 0.875 0.780697865625 0.876953125 0.780697865625 0.8798828125 0.774181190625 0.890625 0.7676645140625 0.8876953125 0.758541165625 0.8837890625 0.758541165625
0 0.869140625 0.736384465625 0.865234375 0.7415978062499999 0.8681640625 0.7455078125 0.873046875 0.7442044765625 0.876953125 0.736384465625 0.8720703125 0.71944110625 0.8671875 0.7233511109374999 0.869140625 0.736384465625
0 0.73046875 0.5956242484375001 0.7333984375 0.6021409249999999 0.75 0.6008375906250001 0.75 0.5904109078124999 0.7451171875 0.5838942312500001 0.7373046875 0.5943209140625 0.73046875 0.5956242484375001
0 0.7568359375 0.46398737968750003 0.7509765625 0.4744140625 0.7412109375 0.4744140625 0.736328125 0.47832406875 0.734375 0.48353740937499995 0.734375 0.49396409218750004 0.736328125 0.49396409218750004 0.7392578125 0.4848407453125 0.7490234375 0.4848407453125 0.7578125 0.4757173984375 0.7568359375 0.46398737968750003
0 0.9189453125 0.8706280046874999 0.912109375 0.8771446812500001 0.912109375 0.88496469375 0.9150390625 0.8914813703125001 0.921875 0.89278470625 0.927734375 0.8875713640624999 0.927734375 0.8797513515625001 0.9228515625 0.8706280046874999 0.9189453125 0.8706280046874999
0 0.9248046875 0.7142277640625 0.923828125 0.7233511109374999 0.931640625 0.7337777937500001 0.931640625 0.7442044765625 0.9345703125 0.7481144828125 0.94140625 0.7468111484375 0.94140625 0.736384465625 0.9375 0.7337777937500001 0.935546875 0.7233511109374999 0.9248046875 0.7142277640625
0 0.8828125 0.8276179390625 0.8798828125 0.8237079328125001 0.873046875 0.8354379515625 0.873046875 0.8432579625000001 0.8828125 0.8510779749999999 0.880859375 0.864111328125 0.88671875 0.864111328125 0.890625 0.8536846453125 0.88671875 0.8432579625000001 0.87890625 0.8354379515625 0.8828125 0.8276179390625
0 0.7919921875 0.5995342546875 0.7890625 0.6034442609374999 0.7890625 0.6164776140625 0.7919921875 0.6203876203124999 0.80859375 0.619084284375 0.810546875 0.6112642734375 0.8056640625 0.6099609375 0.7998046875 0.5995342546875 0.7919921875 0.5995342546875
0 0.826171875 0.7181377703125 0.826171875 0.710317759375 0.8232421875 0.7090144234375 0.8173828125 0.7142277640625 0.8115234375 0.71162109375 0.7998046875 0.71944110625 0.796875 0.7311711234375 0.80078125 0.7311711234375 0.8115234375 0.7298677890625 0.8173828125 0.7220477765625 0.8232421875 0.7220477765625 0.826171875 0.7181377703125
0 0.8115234375 0.539580828125 0.8037109375 0.544794171875 0.798828125 0.551310846875 0.798828125 0.559130859375 0.787109375 0.5721642124999999 0.78515625 0.579984225 0.7880859375 0.5865009015625 0.791015625 0.5851975656249999 0.8046875 0.5643442015625 0.806640625 0.55391751875 0.8125 0.54609750625 0.8115234375 0.539580828125
0 0.9931640625 0.7820012015625 0.99609375 0.775484525 0.9912109375 0.7715745187499999 0.9658203125 0.7689678484375 0.953125 0.7833045375000001 0.9541015625 0.7898212140624999 0.958984375 0.788517878125 0.9677734375 0.77939453125 0.9833984375 0.7846078734375 0.9912109375 0.77939453125 0.9931640625 0.7820012015625
0 0.6171875 0.2567570609375 0.6220703125 0.2606670671875 0.626953125 0.25936373125 0.62890625 0.2567570609375 0.6240234375 0.2554537265625 0.6181640625 0.24502704375 0.6171875 0.2567570609375
0 0.6904296875 0.265880409375 0.6875 0.27500375625 0.6796875 0.280217096875 0.6845703125 0.2867337734375 0.689453125 0.2854304390625 0.69140625 0.27500375625 0.69921875 0.2723970859375 0.6943359375 0.265880409375 0.6904296875 0.265880409375
0 0.57421875 0.20983698906249998 0.576171875 0.220263671875 0.5888671875 0.2267803484375 0.5986328125 0.24242037343749998 0.603515625 0.24111703750000002 0.595703125 0.22287034218750001 0.5810546875 0.21374699531250002 0.5771484375 0.2033203125 0.57421875 0.20983698906249998
0 0.6943359375 0.2867337734375 0.6865234375 0.2945537859375 0.6728515625 0.29194711562500003 0.66796875 0.2984637921875 0.6689453125 0.30498046875 0.689453125 0.303677134375 0.7001953125 0.2945537859375 0.7060546875 0.2945537859375 0.705078125 0.288037109375 0.6943359375 0.2867337734375
0 0.693359375 0.3375638515625 0.6865234375 0.331047175 0.6689453125 0.331047175 0.6611328125 0.3388671875 0.6435546875 0.3388671875 0.62890625 0.347990534375 0.6298828125 0.351900540625 0.640625 0.35059720625 0.6494140625 0.3466872 0.6630859375 0.34929387031250003 0.6728515625 0.3362605171875 0.693359375 0.3375638515625
0 0.673828125 0.363630559375 0.6669921875 0.3545072109375 0.6611328125 0.3545072109375 0.658203125 0.3584172171875 0.658203125 0.374057240625 0.6484375 0.3870905953125 0.6513671875 0.38839393125 0.6630859375 0.38057391875 0.666015625 0.397517278125 0.671875 0.4053372890625 0.671875 0.41055063125 0.67578125 0.41055063125 0.67578125 0.40273061875 0.669921875 0.389697265625 0.67578125 0.374057240625 0.673828125 0.363630559375
0 0.53125 0.54609750625 0.51953125 0.559130859375 0.521484375 0.5617375296875 0.53515625 0.5487041765625 0.53515625 0.53827749375 0.5322265625 0.5343674890625 0.53125 0.54609750625
0 0.34765625 0.32713716875 0.35546875 0.32713716875 0.3701171875 0.29716045625 0.3603515625 0.3023737984375 0.35546875 0.3167104859375 0.34765625 0.32713716875
0 0.392578125 0.4209773140625 0.400390625 0.43140399687500003 0.3984375 0.439224009375 0.404296875 0.439224009375 0.408203125 0.4366173375 0.40625 0.423583984375 0.3935546875 0.41706730781249995 0.392578125 0.4209773140625
0 0.4091796875 0.23460036093749997 0.4013671875 0.23460036093749997 0.3974609375 0.2267803484375 0.392578125 0.22808368437499998 0.3935546875 0.23460036093749997 0.4033203125 0.24242037343749998 0.408203125 0.24111703750000002 0.4208984375 0.23460036093749997 0.421875 0.23069035468750002 0.4150390625 0.2267803484375 0.4091796875 0.23460036093749997
0 0.345703125 0.5200307984375 0.33984375 0.533064153125 0.33984375 0.5408841640625 0.345703125 0.54609750625 0.349609375 0.5148174578125 0.3369140625 0.503087440625 0.3359375 0.506997446875 0.345703125 0.5200307984375
0 0.4658203125 0.409247296875 0.4599609375 0.41706730781249995 0.4560546875 0.41446063593750004 0.44921875 0.41837064375 0.4560546875 0.42749399062500004 0.46484375 0.4261906546875 0.4677734375 0.41967397812499996 0.4814453125 0.41967397812499996 0.482421875 0.41576397187499997 0.4658203125 0.409247296875
0 0.3935546875 0.5421875 0.3896484375 0.5421875 0.3798828125 0.5317608171875 0.373046875 0.533064153125 0.3857421875 0.5526141828125 0.39453125 0.55391751875 0.41015625 0.5356708234374999 0.4072265625 0.5317608171875 0.4033203125 0.5317608171875 0.3935546875 0.5421875
0 0.546875 0.30628380312500003 0.552734375 0.29325045156249996 0.5517578125 0.28934044375 0.5478515625 0.28934044375 0.5390625 0.30628380312500003 0.525390625 0.3193171578125 0.5234375 0.32453049843750004 0.5234375 0.3375638515625 0.525390625 0.3375638515625 0.5322265625 0.3232271640625 0.5458984375 0.31280048125 0.552734375 0.314103815625 0.546875 0.30628380312500003
0 0.4990234375 0.268487078125 0.501953125 0.261970403125 0.4912109375 0.25284705625 0.4658203125 0.265880409375 0.4609375 0.27500375625 0.462890625 0.2776104265625 0.4658203125 0.273700421875 0.4794921875 0.273700421875 0.4873046875 0.265880409375 0.4990234375 0.268487078125
0 0.4677734375 0.5004807687499999 0.4609375 0.506997446875 0.4609375 0.5148174578125 0.4560546875 0.521334134375 0.4287109375 0.5187274640624999 0.41796875 0.5226374703125 0.4267578125 0.5317608171875 0.4404296875 0.5291541468750001 0.4462890625 0.5343674890625 0.45703125 0.533064153125 0.466796875 0.5200307984375 0.46484375 0.509604115625 0.46875 0.504390775 0.4677734375 0.5004807687499999
0 0.5849609375 0.3623272234375 0.5859375 0.3584172171875 0.5732421875 0.359720553125 0.5615234375 0.34929387031250003 0.5537109375 0.34929387031250003 0.546875 0.3584172171875 0.5537109375 0.359720553125 0.560546875 0.3688439 0.556640625 0.38448392343750004 0.560546875 0.397517278125 0.560546875 0.41576397187499997 0.564453125 0.41837064375 0.56640625 0.4131573015625 0.564453125 0.3792705828125 0.5693359375 0.3701472359375 0.5849609375 0.3623272234375
0 0.611328125 0.931884765625 0.611328125 0.9240647531249999 0.6064453125 0.9175480765625 0.60546875 0.9214580828125 0.611328125 0.931884765625
0 0.6572265625 0.8393479562499999 0.66015625 0.8432579625000001 0.6572265625 0.8341346156249999 0.646484375 0.8328312796875 0.6513671875 0.8393479562499999 0.6572265625 0.8393479562499999
0 0.564453125 0.8536846453125 0.564453125 0.864111328125 0.56640625 0.864111328125 0.57421875 0.8536846453125 0.5732421875 0.8497746390625001 0.5673828125 0.8497746390625001 0.564453125 0.8536846453125
0 0.53515625 0.8771446812500001 0.546875 0.890178034375 0.5390625 0.8667179984375 0.5361328125 0.8654146640624999 0.533203125 0.86932466875 0.53515625 0.8771446812500001
0 0.6142578125 0.7220477765625 0.6103515625 0.716834434375 0.611328125 0.7259577828125 0.6201171875 0.7298677890625 0.62109375 0.736384465625 0.630859375 0.7468111484375 0.630859375 0.7598445015624999 0.6328125 0.7598445015624999 0.634765625 0.7442044765625 0.623046875 0.7311711234375 0.6201171875 0.7220477765625 0.6142578125 0.7220477765625
0 0.400390625 0.931884765625 0.3994140625 0.9279747593750001 0.3857421875 0.9331881015624999 0.3828125 0.9397047781250001 0.3828125 0.9475247890625 0.38671875 0.9553448015624999 0.3828125 0.965771484375 0.38671875 0.965771484375 0.390625 0.9631648140625 0.388671875 0.9423114484375 0.3974609375 0.9357947718749999 0.400390625 0.931884765625
0 0.6044921875 0.9045147234375 0.6162109375 0.9019080531249999 0.6181640625 0.90712139375 0.625 0.9084247296875001 0.626953125 0.905818059375 0.6162109375 0.894088040625 0.59375 0.890178034375 0.6044921875 0.9045147234375
0 0.4970703125 0.84716796875 0.4873046875 0.852381309375 0.4775390625 0.8497746390625001 0.46484375 0.8562913156249999 0.48828125 0.8588979859375 0.4990234375 0.8549879812500001 0.51171875 0.8432579625000001 0.5029296875 0.8393479562499999 0.4970703125 0.84716796875
0 0.4892578125 0.90712139375 0.4755859375 0.90712139375 0.474609375 0.9032113890625 0.478515625 0.897998046875 0.4755859375 0.8914813703125001 0.466796875 0.9006047171875 0.4697265625 0.9123347359375 0.482421875 0.9136380718750001 0.4931640625 0.9123347359375 0.501953125 0.9032113890625 0.4951171875 0.8993013828124999 0.4892578125 0.90712139375
0 0.5810546875 0.8315279437499999 0.5693359375 0.8289212734375001 0.5732421875 0.8367412859375 0.5771484375 0.8367412859375 0.5859375 0.848471303125 0.5859375 0.8562913156249999 0.595703125 0.8667179984375 0.59375 0.8771446812500001 0.599609375 0.8771446812500001 0.6015625 0.864111328125 0.591796875 0.8510779749999999 0.58984375 0.8406512921875 0.5810546875 0.8315279437499999
0 0.4599609375 0.8966947109375001 0.443359375 0.9162447406249999 0.44140625 0.9266714234375 0.4306640625 0.9410081140625 0.4248046875 0.943614784375 0.4169921875 0.9566481359375001 0.41015625 0.9605581437499999 0.41796875 0.9605581437499999 0.44140625 0.93709810625 0.447265625 0.9214580828125 0.4609375 0.9006047171875 0.4599609375 0.8966947109375001
0 0.5595703125 0.800247896875 0.5625 0.7937312203125 0.5556640625 0.7976412265625 0.5400390625 0.79503455625 0.533203125 0.7833045375000001 0.533203125 0.775484525 0.5302734375 0.774181190625 0.529296875 0.7859112078125 0.533203125 0.796337890625 0.529296875 0.804157903125 0.5244140625 0.808067909375 0.5166015625 0.8054612390625 0.5078125 0.8119779140625001 0.5205078125 0.815887921875 0.53125 0.8145845859374999 0.5400390625 0.8028545671874999 0.5439453125 0.8054612390625 0.5537109375 0.8028545671874999 0.5595703125 0.800247896875
0 0.4365234375 0.70380108125 0.4306640625 0.70380108125 0.42578125 0.710317759375 0.42578125 0.7233511109374999 0.4296875 0.736384465625 0.423828125 0.7442044765625 0.421875 0.7520244890625001 0.423828125 0.75723783125 0.435546875 0.7389911359375 0.431640625 0.7155311 0.4375 0.7077110875 0.4365234375 0.70380108125
0 0.3291015625 0.664701021875 0.322265625 0.66600435625 0.328125 0.6712176984375 0.3330078125 0.682947715625 0.3427734375 0.682947715625 0.34765625 0.68946439375 0.34765625 0.68164438125 0.3427734375 0.675127703125 0.3349609375 0.675127703125 0.3291015625 0.664701021875
0 0.201171875 0.5617375296875 0.1923828125 0.5578275234375 0.1865234375 0.56825420625 0.1748046875 0.5708608765625 0.1630859375 0.555220853125 0.162109375 0.559130859375 0.166015625 0.566950871875 0.177734375 0.5825908953125001 0.1806640625 0.57607421875 0.1865234375 0.57607421875 0.1923828125 0.5656475359375001 0.201171875 0.5617375296875
0 0.208984375 0.788517878125 0.2138671875 0.7976412265625 0.2236328125 0.7976412265625 0.2353515625 0.7898212140624999 0.2412109375 0.7976412265625 0.248046875 0.7989445609375 0.2353515625 0.7820012015625 0.2294921875 0.7820012015625 0.2216796875 0.7898212140624999 0.208984375 0.788517878125
0 0.2373046875 0.4900540859375 0.23046875 0.4965707640625 0.2294921875 0.503087440625 0.2197265625 0.495267428125 0.2080078125 0.4978740984375 0.203125 0.4887507515625 0.201171875 0.4965707640625 0.2041015625 0.503087440625 0.2177734375 0.5004807687499999 0.228515625 0.509604115625 0.2373046875 0.495267428125 0.2431640625 0.503087440625 0.251953125 0.5017841046875 0.2373046875 0.4900540859375
0 0.2490234375 0.4770207328125 0.240234375 0.47832406875 0.248046875 0.48093073906250006 0.2568359375 0.479627403125 0.2578125 0.4757173984375 0.2548828125 0.4718073921875 0.2490234375 0.4770207328125
0 0.2666015625 0.487447415625 0.263671875 0.504390775 0.271484375 0.5174241281249999 0.26953125 0.533064153125 0.275390625 0.53827749375 0.2734375 0.533064153125 0.275390625 0.5122107875 0.267578125 0.49917743437500006 0.2666015625 0.487447415625
0 0.1083984375 0.5265474765625 0.109375 0.5226374703125 0.0986328125 0.5187274640624999 0.0869140625 0.539580828125 0.0791015625 0.539580828125 0.072265625 0.54609750625 0.0732421875 0.5500075109375 0.076171875 0.5487041765625 0.0947265625 0.544794171875 0.09765625 0.53045748125 0.1005859375 0.5265474765625 0.1083984375 0.5265474765625
0 0.080078125 0.6138709437500001 0.0771484375 0.6099609375 0.05859375 0.6086576015625 0.0615234375 0.615174278125 0.0712890625 0.615174278125 0.076171875 0.619084284375 0.0732421875 0.638634315625 0.0634765625 0.638634315625 0.0576171875 0.64384765625 0.0498046875 0.64384765625 0.0458984375 0.638634315625 0.041015625 0.63993765 0.0498046875 0.65166766875 0.056640625 0.6503643328125001 0.0771484375 0.64384765625 0.080078125 0.63993765 0.078125 0.634724309375 0.080078125 0.6138709437500001
0 0.1875 0.848471303125 0.189453125 0.8406512921875 0.1708984375 0.8237079328125001 0.169921875 0.830224609375 0.1875 0.848471303125
0 0.0947265625 0.90712139375 0.0849609375 0.9123347359375 0.08203125 0.9214580828125 0.0859375 0.9214580828125 0.1005859375 0.9123347359375 0.1025390625 0.91494140625 0.107421875 0.9084247296875001 0.0947265625 0.90712139375
0 0.2802734375 0.9357947718749999 0.279296875 0.95273813125 0.265625 0.965771484375 0.265625 0.9788048375 0.26953125 0.9788048375 0.26953125 0.9683781546875 0.28515625 0.957951471875 0.287109375 0.9501314609374999 0.2802734375 0.9357947718749999
0 0.0966796875 0.8784480171875 0.0869140625 0.8784480171875 0.0791015625 0.868021334375 0.076171875 0.871931340625 0.076171875 0.8771446812500001 0.0830078125 0.886268028125 0.0908203125 0.886268028125 0.0986328125 0.894088040625 0.107421875 0.89278470625 0.11328125 0.890178034375 0.1103515625 0.8836613578125 0.1025390625 0.886268028125 0.0966796875 0.8784480171875
0 0.0712890625 0.9279747593750001 0.083984375 0.9292780953124999 0.0791015625 0.9227614187500001 0.0712890625 0.9227614187500001 0.0654296875 0.93058143125 0.0537109375 0.9253680890625 0.0478515625 0.9331881015624999 0.033203125 0.931884765625 0.0380859375 0.9410081140625 0.05078125 0.9397047781250001 0.0537109375 0.9331881015624999 0.0576171875 0.9384014421875 0.0654296875 0.9384014421875 0.0712890625 0.9279747593750001
0 0.6904296875 0.48223407500000004 0.689453125 0.4887507515625 0.6953125 0.5017841046875 0.6953125 0.509604115625 0.6796875 0.5174241281249999 0.6806640625 0.521334134375 0.68359375 0.5200307984375 0.6962890625 0.5187274640624999 0.701171875 0.5122107875 0.701171875 0.4965707640625 0.6904296875 0.48223407500000004
0 0.3203125 0.3375638515625 0.314453125 0.34277719375000004 0.3173828125 0.3466872 0.3203125 0.3453838640625 0.33203125 0.321923828125 0.333984375 0.3114971453125 0.3310546875 0.3075871390625 0.3203125 0.3375638515625
0 0.1044921875 0.3831805890625 0.095703125 0.3870905953125 0.103515625 0.3923039359375 0.103515625 0.4053372890625 0.1083984375 0.41185396562500004 0.1171875 0.41055063125 0.126953125 0.4001239484375 0.1201171875 0.3988206140625 0.1123046875 0.404033953125 0.1044921875 0.3831805890625
0 0.185546875 0.4261906546875 0.193359375 0.4366173375 0.1953125 0.4340106671875 0.19140625 0.4209773140625 0.1884765625 0.41967397812499996 0.185546875 0.4261906546875
0 0.1611328125 0.38578725937499997 0.1572265625 0.38839393125 0.15625 0.3923039359375 0.162109375 0.397517278125 0.1640625 0.41055063125 0.1708984375 0.41446063593750004 0.1767578125 0.42488731875 0.1796875 0.423583984375 0.1796875 0.4131573015625 0.169921875 0.40273061875 0.169921875 0.3923039359375 0.1611328125 0.38578725937499997
0 0.58984375 0.6216909562499999 0.5888671875 0.6125676078125 0.5712890625 0.615174278125 0.5654296875 0.6256009609375 0.5537109375 0.6256009609375 0.548828125 0.6321176390625001 0.5634765625 0.6334209734375 0.5751953125 0.622994290625 0.57421875 0.6295109671875 0.5625 0.642544321875 0.5625 0.6503643328125001 0.564453125 0.6503643328125001 0.5712890625 0.638634315625 0.578125 0.634724309375 0.5830078125 0.622994290625 0.58984375 0.6216909562499999
0 0.58984375 0.5617375296875 0.5859375 0.5617375296875 0.5859375 0.5695575421875 0.5908203125 0.5786808890625 0.6015625 0.577377553125 0.603515625 0.574770884375 0.6005859375 0.5708608765625 0.5927734375 0.5708608765625 0.58984375 0.5617375296875
0 0.548828125 0.506997446875 0.5498046875 0.5109074515625001 0.5576171875 0.5135141234375 0.560546875 0.5226374703125 0.57421875 0.5356708234374999 0.57421875 0.5278508109375 0.564453125 0.5174241281249999 0.5576171875 0.503087440625 0.548828125 0.506997446875
0 0.2666015625 0.2554537265625 0.24609375 0.2723970859375 0.24609375 0.28282376875000004 0.248046875 0.28282376875000004 0.2529296875 0.27109375 0.2607421875 0.268487078125 0.265625 0.261970403125 0.2666015625 0.2554537265625
0 0.1845703125 0.25024038437499996 0.1796875 0.2567570609375 0.1884765625 0.2606670671875 0.197265625 0.25936373125 0.203125 0.2515437203125 0.2021484375 0.2476337140625 0.1943359375 0.2554537265625 0.1845703125 0.25024038437499996