0 0.3779296875 0.56043419375 0.37109375 0.559130859375 0.380859375 0.566950871875 0.3779296875 0.56043419375
0 0.3125 0.465290715625 0.3134765625 0.46920072187499995 0.318359375 0.46789738593749997 0.32421875 0.45225736093749996 0.3212890625 0.44834735625000005 0.31640625 0.46268404375000005 0.3125 0.465290715625
0 0.294921875 0.44443735 0.291015625 0.4600773734375 0.2919921875 0.46398737968750003 0.294921875 0.46268404375000005 0.298828125 0.45225736093749996 0.3046875 0.4470440203125 0.3037109375 0.4431340140625 0.294921875 0.44443735
0 0.31640625 0.5017841046875 0.310546875 0.509604115625 0.314453125 0.5148174578125 0.326171875 0.49396409218750004 0.3251953125 0.4848407453125 0.3203125 0.4887507515625 0.31640625 0.5017841046875
0 0.2724609375 0.3023737984375 0.2685546875 0.3023737984375 0.271484375 0.3167104859375 0.265625 0.321923828125 0.263671875 0.3323505109375 0.271484375 0.34277719375000004 0.26953125 0.329743840625 0.27734375 0.321923828125 0.27734375 0.3114971453125 0.2724609375 0.3023737984375
0 0.24609375 0.6086576015625 0.2470703125 0.6125676078125 0.25390625 0.6112642734375 0.2734375 0.5851975656249999 0.2724609375 0.56825420625 0.26953125 0.577377553125 0.24609375 0.6086576015625
0 0.3701171875 0.44052734375 0.357421875 0.46268404375000005 0.357421875 0.48093073906250006 0.353515625 0.491357421875 0.357421875 0.49396409218750004 0.36328125 0.48353740937499995 0.36328125 0.46789738593749997 0.373046875 0.45225736093749996 0.3701171875 0.44052734375
0 0.77734375 0.53045748125 0.7705078125 0.5187274640624999 0.76953125 0.525244140625 0.7744140625 0.5317608171875 0.77734375 0.53045748125
0 0.73046875 0.4340106671875 0.7314453125 0.43792067343749996 0.734375 0.4366173375 0.7353515625 0.43270733124999994 0.740234375 0.43140399687500003 0.7373046875 0.4222806484375 0.73046875 0.4340106671875
0 0.6298828125 0.5161207937500001 0.6298828125 0.5109074515625001 0.62109375 0.5122107875 0.62109375 0.5356708234374999 0.625 0.5356708234374999 0.623046875 0.53045748125 0.625 0.5174241281249999 0.6279296875 0.5135141234375 0.6298828125 0.5161207937500001
0 0.751953125 0.509604115625 0.7548828125 0.5135141234375 0.76953125 0.5148174578125 0.7587890625 0.50830078125 0.7548828125 0.495267428125 0.751953125 0.49917743437500006 0.751953125 0.509604115625
0 0.6650390625 0.41706730781249995 0.65625 0.4287973265625 0.65625 0.4366173375 0.66015625 0.4366173375 0.66796875 0.43140399687500003 0.666015625 0.4261906546875 0.66796875 0.4209773140625 0.6650390625 0.41706730781249995
0 0.8017578125 0.56043419375 0.8125 0.574770884375 0.8125 0.5878042359375 0.8193359375 0.5943209140625 0.82421875 0.593017578125 0.81640625 0.5851975656249999 0.814453125 0.5695575421875 0.8056640625 0.5578275234375 0.8017578125 0.56043419375
0 0.63671875 0.38448392343750004 0.63671875 0.3923039359375 0.6494140625 0.3962139421875 0.6484375 0.41055063125 0.654296875 0.41055063125 0.65234375 0.4053372890625 0.654296875 0.3923039359375 0.6396484375 0.38057391875 0.63671875 0.38448392343750004
0 0.69921875 0.5434908359375 0.6904296875 0.544794171875 0.6845703125 0.5369741593749999 0.6611328125 0.5421875 0.662109375 0.551310846875 0.658203125 0.5565241890625 0.662109375 0.5565241890625 0.6708984375 0.5500075109375 0.6884765625 0.547400840625 0.6962890625 0.5500075109375 0.69921875 0.5434908359375
0 0.6748046875 0.5578275234375 0.662109375 0.559130859375 0.662109375 0.5643442015625 0.6689453125 0.5708608765625 0.6748046875 0.56825420625 0.6826171875 0.5734675484375 0.6845703125 0.5708608765625 0.697265625 0.5721642124999999 0.697265625 0.566950871875 0.6904296875 0.5578275234375 0.6865234375 0.563040865625 0.6748046875 0.5578275234375
0 0.599609375 0.48614408124999997 0.5791015625 0.4848407453125 0.572265625 0.49396409218750004 0.5703125 0.504390775 0.56640625 0.506997446875 0.5693359375 0.5109074515625001 0.57421875 0.509604115625 0.5810546875 0.4978740984375 0.5927734375 0.5004807687499999 0.599609375 0.491357421875 0.599609375 0.48614408124999997
0 0.630859375 0.45225736093749996 0.62109375 0.44965069062499996 0.625 0.43140399687500003 0.6220703125 0.41706730781249995 0.61328125 0.439224009375 0.611328125 0.4600773734375 0.6181640625 0.46920072187499995 0.6259765625 0.4718073921875 0.626953125 0.48093073906250006 0.630859375 0.48353740937499995 0.6328125 0.47832406875 0.6328125 0.47050405624999997 0.62890625 0.46268404375000005 0.630859375 0.45225736093749996
0 0.609375 0.525244140625 0.6083984375 0.521334134375 0.6005859375 0.5187274640624999 0.5947265625 0.521334134375 0.591796875 0.509604115625 0.583984375 0.506997446875 0.587890625 0.5148174578125 0.5859375 0.533064153125 0.5908203125 0.5421875 0.6025390625 0.5421875 0.6083984375 0.547400840625 0.623046875 0.551310846875 0.625 0.54609750625 0.6103515625 0.5369741593749999 0.60546875 0.5278508109375 0.609375 0.525244140625
0 0.7587890625 0.46659405 0.7705078125 0.46920072187499995 0.78515625 0.44443735 0.794921875 0.4340106671875 0.7685546875 0.42749399062500004 0.765625 0.4131573015625 0.7607421875 0.409247296875 0.7578125 0.4131573015625 0.76171875 0.41837064375 0.763671875 0.4340106671875 0.7802734375 0.43792067343749996 0.78125 0.441830678125 0.7685546875 0.46138070937500003 0.7529296875 0.4587740390625 0.75 0.46268404375000005 0.751953125 0.48353740937499995 0.7548828125 0.487447415625 0.759765625 0.48614408124999997 0.763671875 0.48353740937499995 0.75390625 0.4757173984375 0.755859375 0.47050405624999997 0.7587890625 0.46659405
0 0.6875 0.4001239484375 0.6875 0.3923039359375 0.6826171875 0.38578725937499997 0.6748046875 0.3831805890625 0.671875 0.3870905953125 0.68359375 0.397517278125 0.681640625 0.4053372890625 0.6875 0.41576397187499997 0.6796875 0.423583984375 0.6748046875 0.4353140015625 0.6689453125 0.4353140015625 0.662109375 0.4470440203125 0.6640625 0.4600773734375 0.671875 0.46268404375000005 0.669921875 0.45225736093749996 0.681640625 0.441830678125 0.6953125 0.41576397187499997 0.6875 0.4001239484375