0 0.1196995125 0.6462695796875 0.10431166562500001 0.6384576453124999 0.112143928125 0.6495472343750001 0.11798100625 0.64903655625 0.121240325 0.6526763453125 0.11952181875000001 0.6554433234375 0.12341320468750001 0.6551028718749999 0.1196995125 0.6462695796875
0 0.10531939531250001 0.6723856406250001 0.106228140625 0.6827726468749999 0.109487459375 0.686412434375 0.1280851328125 0.6860936625 0.13043570625 0.67934644375 0.146228434375 0.6805813890625 0.1468605015625 0.6766011468750001 0.1394826109375 0.6707050609375 0.12391706875 0.67206686875 0.11350704687499999 0.6651277437500001 0.1096156609375 0.665468196875 0.10531939531250001 0.6723856406250001
0 0.137784378125 0.729727759375 0.152945040625 0.7349429421875 0.1533994125 0.740136446875 0.1447573890625 0.742200840625 0.1501895859375 0.7482671515625 0.1568859171875 0.7463729859375 0.1624463171875 0.7314950609374999 0.17000190312500002 0.72821740625 0.17429816874999998 0.7212999625000001 0.174021490625 0.706932715625 0.1654289578125 0.720767603125 0.1595918796875 0.72127828125 0.1561548671875 0.7268122359375 0.137784378125 0.729727759375
0 0.143740715625 0.8090137937499999 0.1411629546875 0.8131642593749999 0.1444222734375 0.81680405 0.1541507375 0.8159529187500001 0.1650151328125 0.8280855453125 0.1710793984375 0.83017161875 0.1704968234375 0.8459223546875 0.1780524078125 0.8426446984375 0.18697111093750002 0.8549475515625 0.1990996390625 0.8591196968749999 0.20453183749999998 0.8651860125 0.2014502125 0.85237248125 0.19819089375 0.8487326906250001 0.192353815625 0.8492433687500001 0.1847487390625 0.84075053125 0.181667115625 0.827937 0.17600773125 0.8192739343750001 0.155414871875 0.8079924374999999 0.143740715625 0.8090137937499999
0 0.22180455625 0.7040605531249999 0.2256959421875 0.7037201015625 0.23714291250000002 0.7001019921875 0.2267328890625 0.69316286875 0.22926115625 0.6772419078125 0.21731032187500002 0.66389601875 0.216905440625 0.6704730078125001 0.22365126562499998 0.6803493359375 0.2202142515625 0.6858832921875 0.22180455625 0.7040605531249999
0 0.1949494640625 0.643611003125 0.1962135984375 0.6356505218749999 0.188608521875 0.627157684375 0.1879764546875 0.6311379234375 0.1949494640625 0.643611003125
0 0.18916187812500002 0.6558921765625 0.1976262078125 0.6630015265625 0.2043225390625 0.6611073609375 0.20604104687499997 0.6583403828125001 0.19889034218749999 0.655041046875 0.19214451875 0.64516471875 0.1904260125 0.6479316953125001 0.1668505125 0.6473776578125 0.164272753125 0.6515281234375 0.177487721875 0.6569135328125 0.18916187812500002 0.6558921765625
0 0.19140213749999999 0.46860729531249995 0.195520709375 0.47086359531250005 0.1963304703125 0.4577096125 0.1934760328125 0.4474928328125 0.19994517812499998 0.4430019140625 0.1994908046875 0.437808409375 0.191708034375 0.43848931406249997 0.1893574609375 0.44523653281250003 0.1915303390625 0.44766305781250004 0.19140213749999999 0.46860729531249995
0 0.18130695624999998 0.3308092421875 0.18262058125 0.3346192546875 0.1873712203125 0.3328953125 0.1940675515625 0.331001146875 0.20288727031249998 0.3197630109375 0.20677865624999997 0.3194225578125 0.21135160000000003 0.3268723609375 0.215647865625 0.3199549171875 0.2080427890625 0.31146207656249997 0.20026001875000002 0.31214298125 0.18130695624999998 0.3308092421875
0 0.3030466203125 0.37772421093749997 0.31110607031250004 0.39141055156250004 0.315856709375 0.3896866109375 0.31689365625 0.3791293796875 0.31146145937499997 0.37306306562499997 0.3030466203125 0.37772421093749997
0 0.3011504203125 0.38966493125 0.2953133421875 0.390175609375 0.29205402343750003 0.3865358203125 0.28892290625 0.36195179375 0.284626640625 0.3688692390625 0.288844196875 0.394666528125 0.3026912328125 0.396071696875 0.3011504203125 0.38966493125
0 0.3594019453125 0.3047614375 0.36116994375 0.3137649546875 0.3659205828125 0.3120410125 0.359806825 0.2981844453125 0.35311049375 0.3000786125 0.3594019453125 0.3047614375
0 0.36050865781249997 0.3622304234375 0.36376797656250004 0.36587020937500003 0.36657292343750003 0.3643164953125 0.359323234375 0.3374761703125 0.3569726609375 0.3442233875 0.36050865781249997 0.3622304234375
0 0.41448419062499997 0.34050009531250003 0.41511625781249994 0.3365198546875 0.3984642765625 0.3366684 0.3960642109375 0.3316451234375 0.393259265625 0.3331988375 0.39697295625 0.3420321296875 0.403896475 0.3427347140625 0.41448419062499997 0.34050009531250003
0 0.3915991953125 0.246995359375 0.38788550312500003 0.23816206874999998 0.38204842499999997 0.238672746875 0.3816435453125 0.245249740625 0.3762608390625 0.2509539203125 0.377574465625 0.254763934375 0.38816218125 0.25252931562500003 0.3915991953125 0.246995359375
0 0.4047849453125 0.296865996875 0.39546136249999997 0.2911401359375 0.40966378593749997 0.27419781875 0.41115510625 0.2688340890625 0.4085278546875 0.2612140609375 0.41087842812500003 0.25446684375 0.4139105609375 0.255509878125 0.41241924062499996 0.26087360937500004 0.415678559375 0.26451339687500003 0.4204291984375 0.26278945625 0.4180291328125 0.25776617968750004 0.4249031578125 0.24669826874999998 0.42480417499999995 0.22315727968750002 0.43706090625 0.2063851875 0.43574727968750004 0.2025751734375 0.4262460015625 0.20602305625 0.4210904828125 0.21432398749999998 0.40484338124999997 0.2078955421875 0.39882860937500003 0.21757996249999997 0.402087928125 0.2212197515625 0.4074706328125 0.21551557031250002 0.4189670953125 0.22366795781249998 0.4207845859375 0.24444196875 0.4182068265625 0.24859243593749997 0.4082511765625 0.24684681406250003 0.40395491093749997 0.2537642578125 0.40531802812500006 0.2693447671875 0.3971303765625 0.2766026625 0.39048353750000003 0.29026732499999996 0.3857328984375 0.2919912671875 0.40306643906249995 0.299632975 0.4076393828125 0.3070827765625 0.4104443296875 0.3055290625 0.412794903125 0.2987818453125 0.42492343281249995 0.302953990625 0.429446884375 0.2986333 0.43071101875 0.29067281875 0.42767888593750003 0.28962978125 0.426187565625 0.294993509375 0.418177609375 0.2930776625 0.4047849453125 0.296865996875
0 0.15695568437500002 0.814399203125 0.153696365625 0.810759415625 0.1489457265625 0.8124833546874999 0.1522050453125 0.8161231453125 0.15695568437500002 0.814399203125
0 0.24045410781249998 0.9732498984375001 0.2648888609375 0.9724204500000001 0.2711308203125 0.9653327796875001 0.27914077812500004 0.9672486250000001 0.28171853750000003 0.9630981593750001 0.2721677671875 0.9547755468749999 0.26483936875 0.960649953125 0.24343674843750002 0.962522440625 0.238913296875 0.9668431328124999 0.24045410781249998 0.9732498984375001
0 0.2694910234375 0.9353850250000001 0.2684540765625 0.9459422546875 0.2747455265625 0.9506250812499999 0.2852837515625 0.936619965625 0.289481034375 0.9061615328125001 0.2855896484375 0.906501984375 0.2812933828125 0.9134194296875 0.2779058625 0.9307238796874999 0.2716144109375 0.9260410546875001 0.26731814531250003 0.9329584984375 0.2694910234375 0.9353850250000001
0 0.5247321656249999 0.8947379234374999 0.52116695 0.9212161156249999 0.5220756953125 0.931603121875 0.526421453125 0.936456171875 0.525285521875 0.9234724156249999 0.5338780546875 0.909637528125 0.534687815625 0.89648354375 0.5411569609375 0.891992625 0.5510136265625001 0.87019725625 0.5415123484375 0.8736451390625 0.536584015625 0.884542821875 0.5247321656249999 0.8947379234374999
0 0.5217292515625 0.8492096578125 0.506163709375 0.8505714671875 0.50164025625 0.8548921593750001 0.5048995749999999 0.8585319484375 0.5204651171875 0.8571701390625 0.5311023265625 0.866706015625 0.54169004375 0.8644713953125001 0.5217292515625 0.8492096578125
0 0.6165732765625 0.723163634375 0.6232696078125 0.721269465625 0.6186966625 0.7138196640625 0.6238521828125 0.70551873125 0.6229434375 0.695131725 0.6140742265625 0.6945993671874999 0.6114964671875 0.6987498328124999 0.615842225 0.7036028828124999 0.61068670625 0.7119038171875001 0.6165732765625 0.723163634375
0 0.69690898125 0.6441779078125001 0.702746059375 0.6436672296875 0.706587953125 0.6315562828125 0.7226078671875 0.6353879765625 0.7327412125 0.6279598546875 0.7294818937499999 0.6243200671875 0.7160892296875 0.6281084 0.711743471875 0.62325535 0.7039607015625 0.6239362546875 0.69690898125 0.6441779078125001
0 0.7313196578125 0.7013498015625 0.727833153125 0.6951132609374999 0.7163861828125 0.6987313687500001 0.71009473125 0.6940485453125 0.707516971875 0.6981990109375 0.7192406203124999 0.7089481484375 0.723991259375 0.707224209375 0.7313196578125 0.7013498015625
0 0.7327614859375 0.6842155765625 0.741403509375 0.682151184375 0.746786215625 0.6764470031250001 0.7454725890625 0.6726369890624999 0.7361984984375 0.678681621875 0.7272797953125 0.6663787671875 0.7214427171875 0.666889446875 0.7152007593749999 0.6739771171875 0.7238427828125 0.6719127234375 0.7327614859375 0.6842155765625
0 0.8661753078125001 0.730109190625 0.870925946875 0.72838525 0.8609208046875001 0.714869134375 0.8334539187500001 0.714655546875 0.827439146875 0.7243399687500001 0.8287527718750001 0.7281499828125 0.8360811703125 0.7222755750000001 0.8443183140625001 0.726788175 0.8596566703124999 0.7228296140625 0.8661753078125001 0.730109190625
0 0.9556366265625 0.6097673484375 0.9473994828125001 0.6052547484375 0.933374753125 0.613023321875 0.9346883796875 0.6168333359375 0.9705701015624999 0.612385778125 0.967310784375 0.608745990625 0.9556366265625 0.6097673484375
0 0.931595425 0.4470231328125 0.917975575 0.448214715625 0.912948259375 0.43557140937499994 0.9062519265625 0.43746557499999994 0.918657134375 0.45600497031250004 0.9281584125 0.45255708749999995 0.9416005671875001 0.4605392484375 0.931595425 0.4470231328125
0 0.84694318125 0.47667058124999995 0.851061753125 0.47892687812499996 0.8529084609375 0.4552156640625 0.8420440656249999 0.44308303593750004 0.838962440625 0.43026950468749997 0.835930309375 0.42922646875000003 0.8362069875 0.4435937140625 0.8492442625000001 0.4581528671875 0.846261621875 0.4688803265625 0.84694318125 0.47667058124999995
0 0.8566603140625 0.31882277812500004 0.8670703375000001 0.3257619 0.863356646875 0.316928609375 0.8566603140625 0.31882277812500004
0 0.8427840609375 0.36190283437500004 0.8466754468750001 0.36156238281249997 0.8438210078124999 0.351345603125 0.8373023703125 0.3440660265625 0.8339935609375001 0.32865574375 0.8244427906249999 0.32033313125 0.830556546875 0.3341897 0.8314652921875 0.3445767046875 0.8423296890625 0.3567093328125 0.8427840609375 0.36190283437500004
0 0.8628617265624999 0.1992236625 0.857024646875 0.199734340625 0.850733196875 0.195051515625 0.8245799375 0.19864794375 0.8341307062500001 0.20697055625 0.8494690625000001 0.203011996875 0.868521109375 0.2078867265625 0.8628617265624999 0.1992236625
0 0.758574859375 0.2397471140625 0.7473055828125 0.234191478125 0.7453103984375 0.222591209375 0.7407869453125 0.2269119 0.7436413843749999 0.23712868125000003 0.7512464609375 0.24562151875 0.759888484375 0.2435571265625 0.758574859375 0.2397471140625
0 0.7479579234375 0.2864669609375 0.748994871875 0.275909728125 0.7455083671875 0.26967318906250004 0.73166133125 0.26826801875 0.7207969359375 0.256135390625 0.7141006046875 0.258029559375 0.730397196875 0.2762285 0.7420713531249999 0.27520714218750003 0.7479579234375 0.2864669609375
0 0.5463864187499999 0.33550171562500003 0.5537148171874999 0.32962730625000003 0.5409542218750001 0.3294354015625 0.5305441984375 0.3224962765625 0.518237975 0.3274978734375 0.5217244796875 0.3337344125 0.53317145 0.33011630625 0.5416357796875 0.3372256546875 0.5463864187499999 0.33550171562500003
0 0.4511172390625 0.411869009375 0.4505638828125 0.383134515625 0.4449044984375 0.3744714515625 0.4349488484375 0.3727258296875 0.43431678125 0.3767060703125 0.44472680468750003 0.38364519375 0.448035615625 0.3990554765625 0.44722585312499996 0.4122094609375 0.4511172390625 0.411869009375
0 0.507414128125 0.4278766921875 0.5186339109375 0.42166183124999995 0.518130046875 0.404697834375 0.51360659375 0.40901852656250004 0.5140609671874999 0.414212028125 0.5097647000000001 0.42112947187499994 0.50329555625 0.42562039062499996 0.50460918125 0.42943040625 0.507414128125 0.4278766921875
0 0.3745739359375 0.4669732921875 0.3816751484375 0.45850213437500004 0.390139478125 0.465611484375 0.398781503125 0.4635470921875 0.39895919687500003 0.45437334687500003 0.38945791875 0.4578212296875 0.38488497499999996 0.450371428125 0.377102203125 0.45105233125 0.370228178125 0.46212024218750003 0.36547753906249997 0.4638441828125 0.3687368578125 0.46748397031250005 0.3745739359375 0.4669732921875
0 0.3826041671875 0.5251448625 0.3877101953125 0.5050734359375 0.4035029234375 0.506308378125 0.4056263109375 0.496964409375 0.39892997812500003 0.498858575 0.38485575625 0.4948566546875 0.3797497296875 0.5149280828125 0.380658475 0.5253150890625 0.3826041671875 0.5251448625
0 0.413024475 0.5591162187500001 0.421943178125 0.5714190734375 0.423079109375 0.584402828125 0.43348913125 0.5913419531249999 0.43520763906250004 0.5885749765625 0.42846181406249995 0.5786986484375001 0.4297259484375 0.5707381687499999 0.4249258171875 0.5606916140625 0.4186343671875 0.5560087890625 0.41686636874999994 0.5470052703125 0.4125701015625 0.553922715625 0.413024475 0.5591162187500001
0 0.540839734375 0.7651139359375 0.54187668125 0.754556703125 0.5388445500000001 0.753513665625 0.5352298421875 0.7682213640625 0.5424300390625 0.7832911953125 0.550035115625 0.791784034375 0.5569586328125 0.79248661875 0.540839734375 0.7651139359375
0 0.690244253125 0.8593244703125 0.6916073703125 0.8749049781249999 0.69703956875 0.8809712921875 0.7163188015624999 0.888442775 0.71563724375 0.8806525203125 0.712377925 0.8770127328124999 0.6969900765625 0.8692007984375 0.6934540796875 0.8511937625 0.6901947609375 0.847553975 0.67806623125 0.843381828125 0.6733155921875 0.8451057687500001 0.690244253125 0.8593244703125
0 0.70316226875 0.794086909375 0.7146092390625001 0.790468803125 0.7150141203125 0.783891809375 0.698589325 0.7866371078125 0.688910353125 0.7992587343750001 0.6902239781249999 0.803068746875 0.6949746171875 0.80134480625 0.70316226875 0.794086909375
0 0.6831317109375 0.71079895625 0.68404045625 0.7211859625 0.6739566031249999 0.740384578125 0.6748653484375 0.750771584375 0.6550530328125 0.7708213328125 0.653206325 0.7945325484375 0.659043403125 0.7940218703124999 0.6608901109375 0.7703106546875 0.6678136296875 0.7710132390625 0.668218509375 0.764436246875 0.678983921875 0.753027884375 0.6797936828125 0.7398739 0.6866677078125 0.7288059890625 0.6857094703125 0.7066484890625 0.6831317109375 0.71079895625
0 0.661659325 0.644645225 0.6633778312499999 0.641878246875 0.6600690203124999 0.6264679640625 0.663278846875 0.618337259375 0.6586564109374999 0.5991169609375 0.65436014375 0.6060344046874999 0.6566320078125 0.63200191875 0.65971363125 0.6448154515625 0.661659325 0.644645225
0 0.566585728125 0.5103568765625 0.573282059375 0.508462709375 0.583820284375 0.4944575953125 0.5842251640625 0.487880603125 0.5889758031250001 0.4861566625 0.587662178125 0.48234664687500006 0.5837707921875 0.4826871 0.575405446875 0.4991187390625 0.5652721015625 0.5065468625 0.566585728125 0.5103568765625
0 0.5330748515625 0.5643129390625 0.5363341703125 0.5679527249999999 0.539139115625 0.5663990109375 0.5475539546875 0.5617378671875 0.5501317140624999 0.5575874 0.5494501546875 0.549797146875 0.5548328609375 0.544092965625 0.5479093421875 0.5433903796874999 0.5414896890625001 0.55965179375 0.5356526109375 0.560162471875 0.5330748515625 0.5643129390625
0 0.51759935 0.6899566859374999 0.5183304 0.7095174375 0.5250762234375 0.7193937625 0.5215402265625 0.7013867296875 0.52429568125 0.6880625203124999 0.5294512 0.6797615875 0.52275486875 0.681655753125 0.5145177249999999 0.6771431546875 0.5055203125000001 0.697555034375 0.5064290578125 0.707942040625 0.51759935 0.6899566859374999
0 0.406595878125 0.6761185828125 0.402753984375 0.6882295296875001 0.40818618124999995 0.6942958421875 0.41922827187499995 0.697254728125 0.42787029531250004 0.695190334375 0.42999368281250006 0.685846365625 0.42696154999999997 0.684803328125 0.42547022968750003 0.69016705625 0.4198603375 0.6932744859375 0.41030956874999996 0.6849518734375 0.411573703125 0.6769913937500001 0.406595878125 0.6761185828125
0 0.41272990781249996 0.746230871875 0.40037419218750003 0.739461975 0.39453711406249997 0.7399726531249999 0.3875641046875 0.7274995734374999 0.382813465625 0.7292235140625001 0.39327297968749997 0.7479331328125001 0.412325028125 0.7528078640625 0.41272990781249996 0.746230871875
0 0.241882221875 0.5413813796875 0.248578553125 0.5394872125 0.2559069515625 0.5336128046875 0.257398271875 0.5282490765625 0.254138953125 0.5246092890625 0.247037740625 0.533080446875 0.2412006625 0.5335911249999999 0.238800596875 0.5285678484375 0.23404995781250001 0.5302917890625001 0.241882221875 0.5413813796875
0 0.112281075 0.5278620468749999 0.11857252656249999 0.532544871875 0.1190268984375 0.537738375 0.12445909687500001 0.5438046875 0.13310112031250002 0.54174029375 0.11897740625 0.5259678812499999 0.112281075 0.5278620468749999
0 0.1095548390625 0.49670102812500005 0.115846290625 0.501383853125 0.1167550359375 0.511770859375 0.12413292499999999 0.517666946875 0.1297428171875 0.51455951875 0.1338613890625 0.5168158171874999 0.13712070781250002 0.52045560625 0.136310946875 0.5336095890625 0.1402023328125 0.5332691374999999 0.14513066562500002 0.522371453125 0.14227622812500001 0.5121546718750001 0.13317983125 0.5090255625 0.12643400625 0.49914923437500003 0.12254262187500001 0.49948968593750004 0.11602398437500001 0.4922101109375 0.11018690625000001 0.49272078906249994 0.1095548390625 0.49670102812500005
0 0.2727885046875 0.793798634375 0.279534328125 0.8036749625 0.27827019375 0.811635440625 0.280670259375 0.81665871875 0.28537140625 0.8031642828125 0.2786255828125 0.79328795625 0.275543959375 0.780474425 0.2701117609375 0.7744081109375001 0.266220375 0.7747485625 0.263642615625 0.7788990296875 0.27187975937500003 0.783411628125 0.2727885046875 0.793798634375
0 0.2698732453125 0.6148146875 0.26231766093750003 0.6180923421875 0.256026209375 0.6134095171875 0.25018913125000003 0.6139201953125 0.247611371875 0.6180706609375 0.2627720328125 0.6232858453125 0.2664362328125 0.620348640625 0.2688857890625 0.6371424125 0.2743179875 0.6432087265625 0.2809648265625 0.629544065625 0.2942292875 0.6466999703125 0.3128269625 0.646381196875 0.3197009875 0.6353132859375 0.3183873625 0.631503271875 0.31128615000000004 0.63997443125 0.29961199375 0.6409957875 0.28983403750000003 0.6300764234375 0.28937966406250004 0.6248829203125 0.2798288953125 0.6165603078124999 0.2698732453125 0.6148146875
0 0.6645113765625 0.39712438125 0.6480865812500001 0.3998696796875 0.651622578125 0.41787671406250004 0.6570547765625 0.42394302812499995 0.6715338796875 0.42136795625 0.6721164546875 0.40561722187499993 0.6645113765625 0.39712438125
0 0.7268140937500001 0.50418859375 0.7315647328125 0.502464653125 0.7375795046875 0.49278023125 0.7414708906249999 0.49243977968749997 0.750290609375 0.48120164374999996 0.7580733796875 0.48052073906250004 0.758705446875 0.4765404984375 0.7457176640625 0.47375184062500003 0.7255004671874999 0.5003785781250001 0.7268140937500001 0.50418859375
0 0.9195634937499999 0.20865435156249998 0.9230005078125 0.203120396875 0.9201460687499999 0.1929036171875 0.90887679375 0.1873479828125 0.9021309703125 0.17747165468749998 0.906299034375 0.1914984484375 0.91670905625 0.1984375734375 0.9156721093750001 0.2089948046875 0.9195634937499999 0.20865435156249998
0 0.732858084375 0.45001894374999996 0.7315444578125 0.4462089296875 0.724620940625 0.4455063453125 0.7281074453125 0.4517428859375 0.732858084375 0.45001894374999996
0 0.7379933296875001 0.3854622890625 0.743425528125 0.391528603125 0.74216139375 0.3994890828125 0.7460527796875 0.39914863125 0.7473169125 0.39118814999999996 0.7425167828125 0.381141596875 0.725588121875 0.366922896875 0.73395346875 0.3504912578125 0.7289756421875 0.349618446875 0.717350978125 0.362410296875 0.7180325375 0.3702005515625 0.7379933296875001 0.3854622890625
0 0.5949840171874999 0.8349508125 0.603448346875 0.8420601640625 0.610144678125 0.8401659968749999 0.618786703125 0.8381016046875001 0.6194187703125 0.8341213640625 0.6161594515625 0.830481575 0.6025396015625 0.8316731578125 0.5962481515625 0.8269903328125 0.582223421875 0.8347589078125001 0.5854827390625 0.8383986953125 0.5949840171874999 0.8349508125
0 0.3415603671875 0.8963719265625001 0.3400195546875 0.8899651609375001 0.33241447812499997 0.881472321875 0.32852309218750003 0.881812775 0.31608866562500004 0.9077586078125 0.316770225 0.9155488625 0.3206616109375 0.9152084109375 0.331831903125 0.89722305625 0.34052341875000003 0.9069291578125 0.346360496875 0.9064184796875001 0.349797509375 0.900884525 0.3619260390625 0.9050566718749999 0.36255810624999996 0.9010764312499999 0.3549530296875 0.8925835921875 0.3415603671875 0.8963719265625001
0 0.7703211671875 0.564489596875 0.77163479375 0.5682996109375 0.748335971875 0.58211281875 0.751595290625 0.5857526078124999 0.7643558875 0.5859445125 0.7705978453125 0.5788568421875 0.7859362015625 0.5748982828125 0.78656826875 0.5709180421875 0.778331125 0.5664054453125 0.787605215625 0.5603608109375 0.7824002046875 0.5568912484374999 0.7728989265624999 0.56033913125 0.7703211671875 0.564489596875