0 0.674601571875 0.24819081875000001 0.67164515 0.23981192343750002 0.657733234375 0.23654708281249998 0.639399171875 0.224193415625 0.6331885609375 0.22639547656249998 0.64198291875 0.23065506875000003 0.6460323921875 0.23782665625 0.6658072140625 0.243931225 0.66657753125 0.2547247359375 0.674601571875 0.24819081875000001
0 0.46860832343750003 0.33598419375 0.4744462625 0.3318648921875 0.4799364921875 0.33278738125 0.48761282812499995 0.331295253125 0.48724015468750004 0.3293780125 0.47114213437499997 0.3285277875 0.46860832343750003 0.33598419375
0 0.7869131781250001 0.1497569328125 0.7923784421875 0.143720390625 0.7905400421875 0.14109321875 0.7748396640624999 0.149119265625 0.77923684375 0.15124906093749999 0.7869131781250001 0.1497569328125
0 0.8110084109375 0.034645996875 0.8103130015625 0.044729575 0.8055681171875 0.04764156875 0.809965296875 0.049771365625 0.8158032328125 0.0456520640625 0.8143125375 0.037983101562499996 0.8212185578125 0.0256974609375 0.8110084109375 0.034645996875
0 0.4253069765625 0.29764361875 0.43628743906249995 0.2994885953125 0.441032321875 0.296576603125 0.42893383749999997 0.2889799046875 0.42016444999999997 0.291679340625 0.4253069765625 0.29764361875
0 0.6955655984375 0.07598777500000001 0.6926341468749999 0.07456791093750001 0.6827717046874999 0.07847465625 0.6765361249999999 0.07371768749999999 0.6710708624999999 0.0797542296875 0.67877216875 0.08522113125 0.6919387375 0.084651490625 0.698149346875 0.08244942968749999 0.6955655984375 0.07598777500000001
0 0.6216375328125 0.2694292296875 0.6326179953125 0.27127420625 0.6475979953125 0.2663727078125 0.6560196781250001 0.2687150609375 0.6545289828125 0.2610460984375 0.6490387531249999 0.26012361093749997 0.6340587531249999 0.2650251078125 0.6223329421875 0.2593456515625 0.6120978265625 0.26133515625000003 0.606632565625 0.267371696875 0.608470965625 0.2699988703125 0.61833340625 0.266092125 0.6216375328125 0.2694292296875
0 0.67164515 0.23981192343750002 0.6562675078125 0.2358371515625 0.64195795 0.22369603906250002 0.6331885609375 0.22639547656249998 0.6460323921875 0.23782665625 0.6661798875 0.245848465625 0.6669502046875 0.2566419765625 0.674601571875 0.24819081875000001 0.67164515 0.23981192343750002
0 0.5678513796875 0.1634878578125 0.566708390625 0.15077710625000001 0.5549825796875 0.1450976484375 0.54877196875 0.147299709375 0.55649824375 0.159725640625 0.54556771875 0.17179872499999999 0.5510829203125 0.17968024375 0.5562004765624999 0.178685490625 0.5565481812499999 0.1736437015625 0.5678513796875 0.1634878578125
0 0.4855996453125 0.27995486875000003 0.49327598281249996 0.27846273906249996 0.505324528125 0.272141378125 0.50420650625 0.26638965625 0.49469176875 0.26525461093749997 0.49464183281249996 0.2513365515625 0.48768587500000005 0.24970413125 0.48771084531250003 0.25666316093749997 0.4785937515625 0.2644043875 0.482643225 0.2715759734375 0.48120246718750004 0.277825071875 0.4855996453125 0.27995486875000003
0 0.36108967812500004 0.342955934375 0.366952584375 0.3457956640625 0.3677229 0.356589175 0.377585340625 0.3526824296875 0.395869465625 0.3511180359375 0.40242778125 0.34387418593749997 0.390354265625 0.34323651875 0.38886357031249996 0.33556755625 0.39507418125 0.3333654953125 0.3943288328125 0.32953101406249996 0.38409371875 0.33152051875 0.3753492984375 0.34117898593749996 0.3643688359375 0.339334009375 0.36108967812500004 0.342955934375
0 0.7881292156249999 0.0808765640625 0.7768260171875 0.09103240625 0.7786893859374999 0.100618609375 0.78564534375 0.1022510296875 0.7874338062499999 0.09096014218750001 0.7962031953125 0.08826070625 0.80382959375 0.07285051718749999 0.8140647078125 0.0708610109375 0.823256709375 0.083996875 0.8272812140625 0.08420943125 0.8235544765625 0.065037025 0.7909857609375 0.061419337500000004 0.788029340625 0.0530404421875 0.784004834375 0.0528278859375 0.7785395734375 0.058864428125 0.77965759375 0.06461615000000001 0.79101073125 0.0683783671875 0.78701119375 0.0751248421875 0.7881292156249999 0.0808765640625
0 0.613841934375 0.5435308437499999 0.6134942296875 0.5485726343749999 0.6252200390625 0.554252090625 0.6311079140625 0.56405085 0.6351074515625 0.5573043765625 0.632151028125 0.54892548125 0.613841934375 0.5435308437499999
0 0.67018500625 0.5465066281250001 0.6482240796875 0.542816675 0.6427588171874999 0.5488532171875 0.6438768390625 0.5546049390625 0.6391319546875 0.55751693125 0.645715240625 0.5572321109375 0.65008745 0.552402878125 0.6683715734375 0.5508384859375 0.67018500625 0.5465066281250001
0 0.8320834796875 0.505088346875 0.835735309375 0.5033836625 0.832406215625 0.49308752812499995 0.812308659375 0.49898377812500005 0.8096999421875 0.48556309375 0.7998624703125 0.49642886875 0.8009804921875 0.502180590625 0.8053776703125 0.5043103875 0.8108679015625 0.505232875 0.8258479 0.5003313781250001 0.8320834796875 0.505088346875
0 0.7724113125 0.49181642812500004 0.765828028125 0.49210124843749997 0.7611081140625 0.5019722718749999 0.7662756093749999 0.5148955796875 0.7761630203125 0.5179478640624999 0.7841870609375 0.5114139468750001 0.7819759875 0.5068695328125 0.7724113125 0.49181642812500004
0 0.8807002765625 0.49563819843749995 0.88656318125 0.49847792812499997 0.8905627171875 0.491731453125 0.8843271375 0.486974484375 0.8740920234375 0.48896398906250005 0.8646022546875001 0.49478797500000005 0.8528764453125 0.4891085171875 0.8411756046875001 0.49038809062500005 0.8507153093750001 0.4984821640625 0.863534171875 0.5029543140625 0.8807002765625 0.49563819843749995
0 0.6920710234375 0.529319490625 0.704194478125 0.54387521875 0.7100324140625001 0.5397559171874999 0.711473171875 0.5335068187500001 0.701933465625 0.5254127453125 0.7052126234375 0.52179081875 0.7125162859375 0.51838145 0.7275462218750001 0.5273980125 0.736688284375 0.526615815625 0.729334684375 0.516107125 0.735893 0.5088632750000001 0.7336819265625001 0.5043188609375 0.7303778000000001 0.5009817562500001 0.714652453125 0.5020487734375 0.7088394859375 0.5131271046875 0.7018585578125001 0.5045356546875001 0.69346184375 0.5091523312499999 0.6953252125 0.518738534375 0.6909530015625001 0.52356776875 0.6920710234375 0.529319490625
0 0.792291590625 0.8331617546875 0.795943421875 0.8314570703124999 0.7941050234375 0.8288298968750001 0.7827518859375 0.82506768125 0.7725167703125 0.8270571859375 0.7680946234375 0.8179683578124999 0.764815465625 0.8215902843749999 0.76374738125 0.8297566218749999 0.7681445609375 0.8318864187499999 0.783497234375 0.8289021625 0.792291590625 0.8331617546875
0 0.8192202609375 0.7941027734375 0.82764194375 0.7964451265625 0.8320141546875 0.7916158921875 0.8184749140625 0.7902682921874999 0.808612471875 0.7941750375 0.792887125 0.7952420546875001 0.7874218625 0.801278596875 0.788167209375 0.805113078125 0.793632471875 0.7990765359374999 0.7991227046875 0.799999025 0.8192202609375 0.7941027734375
0 0.8756132703124999 0.81099661875 0.8748679218750001 0.8071621375 0.8660735640624999 0.8029025437499999 0.86095600625 0.803897296875 0.8522115875 0.8135557640625001 0.8376042625 0.8203745015624999 0.834697778125 0.8259136671875 0.8580744921875001 0.8163954921875 0.8620740281250001 0.8096490187500001 0.8756132703124999 0.81099661875
0 0.9256957937499999 0.8022564015625001 0.9238573921875 0.7996292296874999 0.9004057734375 0.7882703140625 0.8835873718749999 0.7905446390625 0.8883572265625 0.7945916765625001 0.8985923421875001 0.792602171875 0.900803415625 0.7971465859375 0.9110635 0.8021161109375001 0.9220439609375 0.8039610875 0.9256957937499999 0.8022564015625001
0 0.8597630781250001 0.777268484375 0.8571793296875001 0.7708068296875 0.8538752046875 0.767469725 0.83852253125 0.7704539828125 0.82386526875 0.7633546609375 0.8154685531249999 0.7679713375 0.8396405515625001 0.7762057046875 0.84950299375 0.772298959375 0.8561112468750001 0.77897316875 0.8597630781250001 0.777268484375
0 0.9361056921875001 0.848980109375 0.9477815640625 0.84074150625 0.9507379859375 0.8491204 0.9551351640625001 0.8512501968749999 0.9683017328125001 0.85068055625 0.9741646375 0.8535202859375 0.9778164687500001 0.8518155999999999 0.9759780687499999 0.849188428125 0.958041646875 0.8457110312499999 0.9561782781250001 0.8361248281250001 0.9609231625 0.833212834375 0.9484769734375 0.8306579265625 0.9411733109375 0.8340672953125001 0.932428890625 0.8437257640625001 0.9185419453125 0.847419953125 0.9361056921875001 0.848980109375
0 0.5960858796874999 0.8961712953125 0.5972039 0.9019230171875 0.5837145968749999 0.9144934765625001 0.5962107234375 0.9309664453125001 0.5913909328125 0.9130013484375 0.6026941328125 0.9028455046874999 0.5997377109375 0.8944666109374999 0.5960858796874999 0.8961712953125
0 0.4988254546875 0.8056443484375 0.49661438281250003 0.8010999359375001 0.48856537187500004 0.8006748234375 0.4831001078125 0.8067113656249999 0.482032025 0.8148777046875001 0.4707038578125 0.8180745171874999 0.46779737343749994 0.8236136828125 0.487547225 0.8227592218750001 0.491894465625 0.8109709593750001 0.4988254546875 0.8056443484375
0 0.272652303125 0.4685840359375 0.27044122812500004 0.46403962343750005 0.25138678593749997 0.45481050468750006 0.248107628125 0.4584324296875 0.2547158828125 0.4651066390625 0.2660690171875 0.46886885625 0.2719568921875 0.47866761562500004 0.27523605 0.475045690625 0.272652303125 0.4685840359375
0 0.307877809375 0.39707225625000003 0.3097162109375 0.3996994296875 0.3170198734375 0.3962900609375 0.333863240625 0.400974765625 0.33311789375 0.397140284375 0.3188333046875 0.391958203125 0.307877809375 0.39707225625000003
0 0.3543834078125 0.41091381718750003 0.3682453875 0.40026059687500004 0.3675000390625 0.396426115625 0.359823703125 0.39791824375 0.350706609375 0.40565947031249994 0.332422484375 0.4072238640625 0.3291433265625 0.4108457890625 0.3302613484375 0.4165975109375 0.33428585312500003 0.4168100671875 0.33609928437500003 0.412478209375 0.3543834078125 0.41091381718750003
0 0.6144605765625 0.41010196250000003 0.606461503125 0.4235949109375 0.58380516875 0.4299885375 0.5790852531249999 0.43985956093749995 0.5864138859375 0.443409221875 0.589668075 0.432828265625 0.6101383046875 0.42884925625000003 0.6174169984375 0.41848085625 0.6144605765625 0.41010196250000003
0 0.8741132703125001 0.29098659531250004 0.8821872515625 0.2983707375 0.8810442593750001 0.2856599859375 0.8923474578124999 0.2755041421875 0.8941359203125 0.2642132546875 0.8729952484375 0.2852348734375 0.8741132703125001 0.29098659531250004
0 0.8401037984374999 0.2936180046875 0.8412218203125 0.2993697265625 0.8569721359375 0.305261740625 0.864623503125 0.29681058125000004 0.860921734375 0.2845972046875 0.8525499890624999 0.2961729125 0.8401037984374999 0.2936180046875
0 0.65294585625 0.6354138640625 0.6463875406249999 0.6426577140624999 0.631755246875 0.6425174234375 0.639083878125 0.646067084375 0.6496916671874999 0.64599481875 0.6602744875 0.6389635250000001 0.6580634125 0.6344191109375 0.65294585625 0.6354138640625
0 0.699453315625 0.7517236359374999 0.7071296515625 0.75023150625 0.706384303125 0.746397025 0.6917270421875 0.739297703125 0.6796535265625 0.7386600359375 0.699453315625 0.7517236359374999
0 0.7113520484375 0.7036480921875 0.7150038796875 0.7019434078125 0.7127928046875 0.69739899375 0.7017873734375 0.6885949874999999 0.7024827828125 0.6785114078125 0.6951541515625 0.674961746875 0.69003659375 0.6759565000000001 0.694806446875 0.6800035375 0.6937383640625 0.688169875 0.6974151640625 0.693424221875 0.7113520484375 0.7036480921875
0 0.6640030875 0.7606041421875 0.6632577390625001 0.7567696609375 0.6489731484375 0.75158758125 0.6288755921875 0.75748383125 0.6197085609374999 0.751306996875 0.6164294031249999 0.754928921875 0.62487605625 0.7642303046875 0.63766995 0.7617434234375 0.6446009390625 0.7564168140625 0.6640030875 0.7606041421875
0 0.6543385359375 0.7177149171874999 0.6565496109375 0.72225933125 0.6620148734375 0.7162227890625 0.6601764718750001 0.713595615625 0.6279304921875 0.6979771078125 0.6173476734375 0.705008403125 0.62251516875 0.7179317109375 0.6302164734375 0.7233986125 0.6338683046875 0.721693928125 0.629073484375 0.710687859375 0.6323526421875 0.707065934375 0.6543385359375 0.7177149171874999
0 0.47728341875 0.6128532734375 0.47395432499999995 0.6025571375000001 0.4611604296875 0.6050440187499999 0.45681318906249996 0.6168322828125 0.44476464218749995 0.6231536453125 0.44916182187500003 0.625283440625 0.45939693750000005 0.6232939359375 0.46851403124999996 0.615552709375 0.47181815625 0.618889815625 0.47728341875 0.6128532734375