0 0.7028996656250001 0.3144829046875 0.6976990234375 0.314119240625 0.696194496875 0.31695087499999997 0.7026271796875 0.3183796390625 0.7028996656250001 0.3144829046875
0 0.483133678125 0.3930942984375 0.478069278125 0.390782265625 0.4764285109375 0.39556226875 0.4828611921875 0.39699103281250003 0.483133678125 0.3930942984375
0 0.6864802796875 0.325082115625 0.6841524453125001 0.3210035484375 0.6823754359375 0.32773191874999996 0.6859353078125 0.33287558437500003 0.6864802796875 0.325082115625
0 0.5258287562499999 0.38041667343749996 0.5310294 0.38078033906250003 0.5313018859375 0.376883603125 0.52897405 0.3728050375 0.5250054484375 0.37350647187499997 0.5258287562499999 0.38041667343749996
0 0.7453999921875 0.1177495953125 0.7548417234375 0.1135150890625 0.7566187359375001 0.1067867203125 0.745808721875 0.11190449375 0.7326708749999999 0.11294370000000001 0.7258294640625 0.11736003749999999 0.720907159375 0.13170004375 0.730348890625 0.1274655390625 0.73075761875 0.12162043593750001 0.73759903125 0.11720409843749999 0.7453999921875 0.1177495953125
0 0.6622716343749999 0.372336640625 0.652829903125 0.37657114687500004 0.6484525718749999 0.38311768281249997 0.635723453125 0.3783117875 0.6251859265624999 0.3795328265625 0.6236813999999999 0.3823644609375 0.6480438421875 0.3889627859375 0.6576218171875 0.3827799125 0.6622716343749999 0.372336640625
0 0.4943056125 0.23332818125000002 0.5073072171875 0.234237340625 0.5114120640625 0.23158753906250001 0.510588753125 0.22467733750000002 0.5051156265625 0.22821040781250002 0.4962188671875 0.22465144375 0.49416351875000003 0.2166761421875 0.49963664531249996 0.21314307187499998 0.49867709375 0.2081812375 0.483898478125 0.214000446875 0.4856813390625 0.2258724828125 0.4943056125 0.23332818125000002
0 0.699956646875 0.09499294375 0.684360571875 0.11250235625 0.6959938953125 0.114294784375 0.7033802765625 0.10208497812499999 0.7178864078125 0.100162503125 0.72746438125 0.0939796296875 0.7265048281250001 0.089017796875 0.699956646875 0.09499294375
0 0.20204408125 0.433154375 0.19876254375 0.4427143796875 0.2024586609375 0.44590967968750006 0.2117641484375 0.443623540625 0.2109408390625 0.4367133390625 0.2061489265625 0.4305045734375 0.20204408125 0.433154375
0 0.26175617500000004 0.56948771875 0.248618328125 0.5705269265624999 0.24765877656250002 0.5655650921875 0.2414985796875 0.56023959375 0.23752997812499999 0.560941028125 0.2394490828125 0.570864696875 0.24820959843749998 0.576372028125 0.2561468046875 0.5749691578125 0.26175617500000004 0.56948771875
0 0.009655434374999999 0.531301228125 0.0217033375 0.545848959375 0.021981675 0.56055263125 0.0285506 0.5600330265625 0.031008825 0.5435628218749999 0.0140327671875 0.524754690625 0.009655434374999999 0.531301228125
0 0.2665363859375 0.538495675 0.281320853125 0.5512768718750001 0.281593340625 0.5473801375 0.2807700296875 0.5404699359375 0.266808871875 0.534598940625 0.2522968921875 0.517921009375 0.235190440625 0.5196616515625 0.2412143921875 0.5269355171875 0.254079753125 0.5297930453124999 0.2613357453125 0.5381320109375001 0.2665363859375 0.538495675
0 0 0.6510232328125001 0.01215461875 0.645033859375 0.011467553125 0.636175290625 0.00557984375 0.6269530578125 0.011189215625 0.6214716203124999 0.0105021484375 0.61261305 0 0.61939250625 0 0.6345261718749999 0.0047623843749999995 0.6386432609375 0 0.644801625 0 0.6510232328125001
0 0.15363849062499998 0.5648642359375 0.152548546875 0.580451175 0.16213237187500001 0.59286870625 0.1583058625 0.6102221796875 0.162001978125 0.6134174796874999 0.1698029421875 0.613962975 0.1728119921875 0.60829970625 0.16486893593750002 0.591102171875 0.168014228125 0.583490534375 0.1632223171875 0.57728176875 0.16417601875 0.563643196875 0.15992907812499998 0.5496409625 0.15363264062499998 0.54626383125 0.14898282031250001 0.556707103125 0.15363849062499998 0.5648642359375
0 0.0796852296875 0.837713915625 0.08063893125 0.82407534375 0.07434249375 0.8206982125 0.0743483453125 0.83929861875 0.080236053125 0.8485208515625 0.087900771875 0.851014715625 0.0881732578125 0.84711798125 0.0796852296875 0.837713915625
0 0.0880253140625 0.8118655374999999 0.0848741703125 0.80087676875 0.0787139765625 0.7955512703125 0.07118549843750001 0.7911090390625 0.061880009375 0.793395178125 0.0627033203125 0.8003053796874999 0.07556868125 0.8031629078125 0.0826884296875 0.813450240625 0.0880253140625 0.8118655374999999
0 0.0717070671875 0.7089139484375 0.0771801953125 0.7053808796875 0.084981159375 0.705926375 0.0853898890625 0.7000812734374999 0.07238828281250001 0.6991721125 0.06431483437499999 0.7025233515625 0.043512265625000004 0.70106869375 0.036807099999999995 0.7035366640625 0.036125884375 0.7132785 0.0399582421875 0.7145254328124999 0.0457038578125 0.707095628125 0.0717070671875 0.7089139484375
0 0.031795359375 0.8686282796875 0.015233879687499998 0.862575453125 0.0148251515625 0.8684205546875001 0.0261859859375 0.8741097171875 0.0357698125 0.88652725 0.046034853125000004 0.8892029453125 0.0463073390625 0.8853062109375 0.031795359375 0.8686282796875
0 0.373741325 0.6869605671875 0.377846171875 0.6843107640625 0.3770228625 0.6774005625 0.3582697921875 0.6653208015625001 0.3563506875 0.6553971328125 0.3475901703125 0.6498898015625 0.3510138015625 0.6569818359374999 0.34773226562500004 0.6665418390625 0.3563565375 0.6739975375 0.366621578125 0.676673234375 0.373741325 0.6869605671875
0 0.539167209375 0.5820335578125 0.538752628125 0.5692782546874999 0.535328996875 0.562186221875 0.5375147375 0.54961275 0.5276642781249999 0.5596923578124999 0.5343752937499999 0.5758247921875 0.5282209531250001 0.5890996984375 0.5342449031250001 0.5963735640625 0.5335578359375 0.5875149953125 0.539167209375 0.5820335578125
0 0.5955743625000001 0.6535252859375 0.588869196875 0.65599325625 0.58982875 0.660955090625 0.593797353125 0.6602536546875 0.5955743625000001 0.6535252859375
0 0.7417607140625 0.7303160375 0.7458655578125 0.7276662359375 0.74490600625 0.7227044015625 0.74011409375 0.716495634375 0.7383370828125 0.7232240046875 0.7417607140625 0.7303160375
0 0.7194009609375 0.56428936875 0.71776019375 0.5690693703124999 0.7266569515625 0.5726283343749999 0.7334983625 0.5682119953125 0.7325388109375 0.5632501609375 0.7243291171874999 0.5685497671874999 0.7194009609375 0.56428936875
0 0.62550521875 0.524439334375 0.6189362953125 0.5249589375 0.6200320921875 0.5279724046875 0.627833053125 0.5285179015625 0.6327612109375 0.5327783 0.6431624921875 0.533505628125 0.6432987359375 0.5315572609375 0.62550521875 0.524439334375
0 0.6338979609375001 0.6659946046874999 0.6404668859375 0.6654750015625 0.6395073328125 0.6605131671875 0.6269144578125 0.6537589046875001 0.6229458546875 0.6544603390625 0.6338979609375001 0.6659946046874999
0 0.6178756046875 0.633547903125 0.6169160515625001 0.62858606875 0.6130836937499999 0.6273391359375 0.6108979515625 0.6399126078124999 0.602688259375 0.6452122124999999 0.6085759671875001 0.6544344468750001 0.6104892234375 0.645757709375 0.618698915625 0.6404581046875 0.6178756046875 0.633547903125
0 0.6953110078125 0.553794309375 0.6946297921875 0.563536146875 0.68121945625 0.5684720875 0.679306203125 0.5771488234375 0.6903887015625 0.5681343156249999 0.6969576265625 0.5676147125 0.7046164953125 0.551508171875 0.6953110078125 0.553794309375
0 0.6918213453125001 0.77185550625 0.6812838171875 0.7730765453124999 0.667600996875 0.781909221875 0.6576084421874999 0.775336790625 0.6561039156249999 0.7781684249999999 0.659663790625 0.7833120921875001 0.667328509375 0.78580595625 0.6780022796875 0.78263655 0.6918213453125001 0.77185550625
0 0.7614733359375 0.7473576343749999 0.754626075 0.733173565625 0.7468251109375 0.7326280703125 0.742720265625 0.7352778718749999 0.7423115359375 0.741122975 0.7549044109375 0.7478772375 0.755591478125 0.75673580625 0.7624328874999999 0.7523194671875 0.7614733359375 0.7473576343749999
0 0.8046782828125 0.615284109375 0.7997501265625 0.6110237093750001 0.7919491640625 0.6104782140625 0.77976501875 0.5978788484375 0.7655313734375 0.5959045890625 0.7838757140625 0.6138294515625 0.7993413984375 0.6168688125 0.8039970671875001 0.6250259453125 0.8046782828125 0.615284109375
0 0.64400335625 0.596217046875 0.65180431875 0.5967625421875 0.657277446875 0.593229471875 0.6496127265625 0.590735609375 0.6398926578124999 0.58026644375 0.6270272984374999 0.577408915625 0.6171709859375001 0.5688881171875 0.6132023828125 0.5695895531249999 0.61525773125 0.5775648546875 0.6342832875 0.58574788125 0.64400335625 0.596217046875
0 0.75842918125 0.641418471875 0.75665216875 0.648146840625 0.765140196875 0.65755090625 0.778005559375 0.6604084343750001 0.7782780453125 0.6565117 0.7669172093750001 0.6508225375000001 0.7678709109375 0.637183965625 0.76417479375 0.6339886671875 0.7591103968749999 0.6316766359375 0.74706834375 0.635729309375 0.74405929375 0.641392578125 0.7477554109375 0.6445878781250001 0.75842918125 0.641418471875
0 0.6596520890625001 0.7461112812499999 0.667316809375 0.7486051453125 0.6675892953125 0.7447084109375 0.65950999375 0.72945924375 0.64732585 0.7168598796875 0.648007065625 0.7071180421875 0.6417106265625 0.7037409109375 0.637060809375 0.7141841828125 0.63911615625 0.722159484375 0.6491087109375 0.728731915625 0.6596520890625001 0.7461112812499999
0 0.7094669171875 0.743720990625 0.7235643171875 0.74764361875 0.7248022078125 0.7673091234375 0.728498325 0.770504421875 0.7439640062499999 0.7735437828125 0.748068853125 0.7708939796875 0.7473817859375 0.7620354109374999 0.7391720937499999 0.7673350171875 0.735339734375 0.766088084375 0.7364296796875001 0.750501146875 0.7289012015624999 0.746058915625 0.72930993125 0.7402138140625001 0.7256138140624999 0.7370185140625 0.7083711203124999 0.7407075234375 0.7094669171875 0.743720990625
0 0.8088650421875 0.8730399796875 0.8084563125 0.8788850828125 0.817080584375 0.8863407796875 0.8210491875000001 0.8856393453125 0.8206346078125 0.8728840421875 0.8129698875000001 0.870390178125 0.8088650421875 0.8730399796875
0 0.8649646046875 0.836826009375 0.8615409734374999 0.8297339765625 0.8514121765624999 0.8251099125 0.8593552343749999 0.8423074484375 0.86975651875 0.8430347765624999 0.8738613624999999 0.8403849734375 0.8730380546875001 0.833474771875 0.8649646046875 0.836826009375
0 0.6876095078125 0.869455703125 0.6844583656250001 0.8584669343750001 0.678025684375 0.8570381703125 0.6762486734375 0.8637665406249999 0.68364090625 0.8701571390625 0.6778952921875 0.8775869437500001 0.6772140765625 0.8873287796874999 0.6807739500000001 0.892472446875 0.6876095078125 0.869455703125
0 0.716639321875 0.9214119703125 0.7203354390625 0.9246072703125 0.7334732859375 0.9235680640625 0.7377143765625 0.9189698937499999 0.7367548234375 0.914008059375 0.73278621875 0.9147094953125 0.7311454515625 0.919489496875 0.7259448093749999 0.9191258328125 0.7233386375 0.9003435953125001 0.719642521875 0.897148296875 0.7130735984375 0.8976679000000001 0.718001753125 0.9019282984375 0.716639321875 0.9214119703125
0 0.9454383109375 0.8444111734374999 0.9302451156249999 0.8374750796875 0.9224441515624999 0.8369295828125001 0.8939827156250001 0.8515814671875 0.908216359375 0.853555728125 0.92463574375 0.8429565171875 0.9373648625 0.8477624125000001 0.9425655046875001 0.8481260765625 0.9454383109375 0.8444111734374999
0 0.78972079375 0.9226065374999999 0.7875292046875 0.916579603125 0.7958751390625001 0.9093316296875 0.7947793421875 0.9063181625000001 0.7938197890625001 0.9013563281250001 0.7899874296875 0.900109396875 0.7882104203125 0.9068377671875 0.7813690078125 0.9112541046875 0.76138975 0.9167096484374999 0.775078421875 0.926477378125 0.7828793843749999 0.9270228749999999 0.78972079375 0.9226065374999999
0 0.7904137109375 0.9500655109375 0.776043825 0.9500396171875 0.7666020953125 0.9542741234375001 0.7637292875 0.9579890265625 0.76564839375 0.96791269375 0.7548383796875 0.9730304671875001 0.75442965 0.9788755703125 0.7716723437499999 0.9751865609375001 0.7757771906250001 0.9725367578125 0.7793312109375 0.9590800187499999 0.78877294375 0.9548455125 0.7990379843750001 0.9575212093750001 0.7993104703125 0.953624475 0.798623403125 0.94476590625 0.7924632093749999 0.9394404062499999 0.77439720625 0.9362192140625 0.7645408953125 0.9276984171875 0.7653642046875 0.9346086187499999 0.7765887984375001 0.9422461484375001 0.78699008125 0.9429734765625 0.7904137109375 0.9500655109375