0 0.2344187609375 0.9199549875 0.2404642828125 0.9161468656249999 0.23849407656250002 0.9114929609375 0.2302065234375 0.9087130625000001 0.22157969687499998 0.9128839624999999 0.2344187609375 0.9199549875
0 0.5521908203125 0.87726735625 0.5484547765625 0.8787785828124999 0.548998421875 0.8826468171874999 0.55925618125 0.890080621875 0.5675437359375 0.8928605203125001 0.57100795625 0.8894151765625 0.5693095703125 0.886695390625 0.5521908203125 0.87726735625
0 0.2742889984375 0.838417290625 0.265051078125 0.847604875 0.2683803984375 0.8619293656250001 0.2843423875 0.8350320609375 0.28440983750000004 0.8261471421875 0.2780924921875 0.8280211484375 0.2742889984375 0.838417290625
0 0.27245975625 0.9284149109375001 0.2856380921875 0.9285351359374999 0.2950129359375 0.9390515046875001 0.2970505921875 0.9348204921875001 0.294536740625 0.9262983531250001 0.287403928125 0.9223700062500001 0.2742255921875 0.9222497796875 0.26627731093749996 0.9125190812499999 0.25941632187499997 0.9105248515625 0.2559521 0.9139701953125 0.26247381718749996 0.922915225 0.27245975625 0.9284149109375001
0 0.4479883421875 0.9037459765625 0.4270660984375 0.9047140875 0.4148381296875 0.8926263796875 0.40077687656250005 0.8955887203125 0.4132766671875 0.9096105437500001 0.425572084375 0.9128133343749999 0.4464943296875 0.9118452250000001 0.44995855 0.90839988125 0.4479883421875 0.9037459765625
0 0.5675396921875 0.8179129484375001 0.5752836 0.8168246140625 0.5869679234375 0.8250440859375001 0.5904321453125 0.8215987421875001 0.5879182921874999 0.813076603125 0.5793589171875 0.8083625874999999 0.56618058125 0.8082423625 0.5544962578125 0.8000228890625 0.5436274015625 0.79760576875 0.5373100562500001 0.7994797734375 0.540706825 0.804919346875 0.5592521390625 0.8151330484375 0.5675396921875 0.8179129484375001
0 0.25316036249999996 0.79109258125 0.25519801875 0.7868615671875 0.249152496875 0.7906696906249999 0.25316036249999996 0.79109258125
0 0.24514463125 0.7902467984375 0.2443291640625 0.784444446875 0.2403212984375 0.78402155625 0.24514463125 0.7902467984375
0 0.39370545 0.770354096875 0.3942490953125 0.7742223312500001 0.398189509375 0.783530140625 0.40532232187500006 0.7874584875 0.4036913875 0.7758537828125001 0.39975097187499997 0.766545975 0.39370545 0.770354096875
0 0.30587370625 0.79157348125 0.2926279203125 0.8003381734374999 0.322176990625 0.7951991625 0.32964907499999996 0.792176709375 0.3291054296875 0.788308475 0.3216333453125 0.791330928125 0.30587370625 0.79157348125
0 0.48364252343749997 1 0.4793767625 0.9959782765625 0.46850790625 0.99356115625 0.4621905609375 0.9954351609375 0.4692615578125 1 0.48364252343749997 1
0 0.46414459687500004 0.7002987765625 0.47705111093749997 0.698484884375 0.4790887671875 0.694253871875 0.46618225625000004 0.6960677640624999 0.45449793281249995 0.6878482906250001 0.44390089843749997 0.6873652875 0.43792282499999996 0.6822884921875 0.434186784375 0.68379971875 0.437855375 0.6911734093749999 0.44987897187500003 0.6924420828125 0.46414459687500004 0.7002987765625
0 0.41482398125 0.6303098781250001 0.412175228125 0.6395575734375 0.4163874640625 0.6507994984375001 0.41428235625000004 0.6639154296875 0.4226373609375 0.6578104109375 0.426440853125 0.6474142671875 0.42365517812500003 0.6369580109374999 0.41482398125 0.6303098781250001
0 0.32625028437500003 0.74926335 0.3326350796875 0.738504428125 0.350976021875 0.737899096875 0.35301367968749997 0.733668084375 0.34445430312499997 0.7289540671875 0.3318196125 0.7327020765625 0.3232602375 0.727988059375 0.31809763125 0.7287136171874999 0.3283553921875 0.7361474203125 0.3242800765625 0.744609446875 0.3144985109375 0.7499287953125 0.32625028437500003 0.74926335
0 0.5683430328125 0.598872584375 0.5766305843749999 0.601652484375 0.5758151171875 0.59585013125 0.5677993875 0.59500435 0.5646069875 0.6003838109374999 0.5683430328125 0.598872584375
0 0.6119513343749999 0.5532974484375 0.6226158171875 0.5448955343749999 0.6209174328125 0.542175746875 0.6059732609374999 0.548220653125 0.6050903437499999 0.5513032171875001 0.6119513343749999 0.5532974484375
0 0.5480298609375 0.5573502265625 0.5668469984375 0.5694980468749999 0.569767571875 0.56218446875 0.5578114265624999 0.552030878125 0.5713290375 0.545200303125 0.5581507 0.545080078125 0.5480298609375 0.5573502265625
0 0.6236356578125 0.5615169203125 0.6178619578125 0.567259159375 0.6228896625 0.5843034375 0.62716935 0.5866604453125001 0.63090539375 0.58514921875 0.6321275828124999 0.5751158546874999 0.6287982624999999 0.5607913640625 0.6236356578125 0.5615169203125
0 0.64231789375 0.591434575 0.64945070625 0.595362921875 0.6654821671875 0.5970544859375 0.6804263390624999 0.59100958125 0.6824639968749999 0.5867785671875 0.679610871875 0.5852072296874999 0.64231789375 0.591434575
0 0.731232884375 0.5030040875 0.726070278125 0.5037296453125 0.720840221875 0.51334011875 0.7058286015624999 0.528269940625 0.69808469375 0.5293582765625 0.6948922953125 0.5347377375 0.714116153125 0.5310498406249999 0.73143725625 0.513823121875 0.731232884375 0.5030040875
0 0.7272310828124999 0.6150025546875 0.725260875 0.6103486515625 0.717788790625 0.613371103125 0.6968665453125 0.6143392140625 0.6838925812500001 0.6250380234375 0.6821267468750001 0.631203153125 0.6887159140625 0.631263265625 0.6979538359374999 0.6220756828125 0.7188760796875 0.6211075734375 0.7272310828124999 0.6150025546875
0 0.6186160390625 0.6943677874999999 0.642593759375 0.6683162640625 0.644970690625 0.6571344515625 0.6398080828125 0.6578600078125 0.6065924421875 0.6930991140625 0.6186160390625 0.6943677874999999
0 0.7059635015625 0.5105001078125 0.7028385546875 0.5069946515625 0.7041976671875 0.5166652375 0.7079337078125 0.5151540109375 0.7059635015625 0.5105001078125
0 0.7439984328125 0.40653867187500003 0.7405342125 0.409984015625 0.745085721875 0.41427514218750006 0.7588077046875 0.41826360156250003 0.7579922375 0.4124612484375 0.74997650625 0.4116154671875 0.7439984328125 0.40653867187500003
0 0.7346235906249999 0.396022303125 0.7232110890625 0.3897369484375 0.7117311374999999 0.39233650937500003 0.72117343125 0.39396796093750003 0.7354390578125 0.40182465624999997 0.7406016625 0.40109909843749997 0.7449488015625 0.3945711890625 0.7346235906249999 0.396022303125
0 0.792640503125 0.4904291703125 0.781160553125 0.4930287328125 0.7819760203125 0.498831084375 0.7773570609375 0.5034248765625 0.7829958609375 0.5154524703125001 0.78646008125 0.5120071265624999 0.7856446125 0.5062047749999999 0.794882534375 0.4970171921875 0.792640503125 0.4904291703125
0 0.7058286015624999 0.528269940625 0.69808469375 0.5293582765625 0.692310990625 0.535100515625 0.7115348515625 0.53141261875 0.723354075 0.5218622578125001 0.7311654328125 0.5118890046875 0.7286515812500001 0.5033668671875 0.7058286015624999 0.528269940625
0 0.7442722765625 0.44594657499999996 0.743456809375 0.4401442234375 0.7314332125 0.43887555 0.7318399375 0.4230398328125 0.7112569640624999 0.41705714374999997 0.7106458703125 0.42207382656250003 0.7220583703125001 0.42835918125 0.72423295 0.44383212031249997 0.7285126375 0.44618912968749996 0.7442722765625 0.44594657499999996
0 0.790670296875 0.48577526718749997 0.7980749328125001 0.49163773125 0.803509359375 0.4928462921875 0.8161440515624999 0.4890982828125 0.8267410859375 0.4895812859375 0.8264692640625 0.48764716874999997 0.818181709375 0.48486726874999997 0.805275196875 0.48668116093749997 0.792164309375 0.47767601875 0.7916206640625 0.47380778437500004 0.7676409234375 0.46238552187500004 0.759014096875 0.466556421875 0.7898548296875 0.4799729140625 0.790670296875 0.48577526718749997
0 0.7759224125 0.3527440625 0.7793866328125 0.34929871874999996 0.777144603125 0.342710696875 0.7705554343750001 0.34265058437499996 0.771642725 0.3503870546875 0.7759224125 0.3527440625
0 0.8043106796874999 0.23633214218749998 0.783455884375 0.228415334375 0.80254484375 0.24249727187499998 0.8062808859375 0.24098604531249998 0.8043106796874999 0.23633214218749998
0 0.8079833140625 0.3186534046875 0.801937790625 0.3224615265625 0.82306440625 0.3323124515625 0.8282270109375001 0.33158689375 0.8302646703125 0.32735588125000004 0.8251020656250001 0.32808143749999996 0.8079833140625 0.3186534046875
0 0.9337724312500001 0.0149885734375 0.9151596671875 0.013659787500000001 0.9068046640625 0.019764804687500002 0.9345879 0.020790925 0.9337724312500001 0.0149885734375
0 0.9095903406250001 0.0302210609375 0.8983822109374999 0.034754740625 0.914346221875 0.045331221875 0.9220901312500001 0.0442428859375 0.9212746624999999 0.038440534375 0.9164513281250001 0.032215290625 0.9095903406250001 0.0302210609375
0 0.8161278812500001 0.18930799375000001 0.8009118875000001 0.1934187828125 0.797786940625 0.18991332656249998 0.789771209375 0.18906754374999998 0.7819598484375 0.199040796875 0.8197964734375001 0.1966816859375 0.8189810046874999 0.1908793328125 0.8161278812500001 0.18930799375000001
0 0.9088483843749999 0.12795515 0.90715 0.1252353625 0.8968247890625 0.1266864765625 0.8910510890625 0.132428715625 0.8867039515625 0.138956625 0.88894598125 0.145544646875 0.8995430140625 0.14602765 0.9076261953125 0.137988515625 0.901648121875 0.1329117203125 0.9088483843749999 0.12795515
0 0.8233342078125 0.2967727828125 0.8147748328125 0.292058765625 0.804449621875 0.29350987968750003 0.8009854015625001 0.2969552234375 0.8023445140625001 0.306625809375 0.8203461828125 0.312971278125 0.817288684375 0.3005809046875 0.8212965515624999 0.3010037953125 0.8233342078125 0.2967727828125
0 0.9508972468750001 0.13683796406249998 0.9515757921875 0.1229363640625 0.9487226671875 0.12136502499999999 0.9311971921875 0.12777270937500002 0.913128075 0.1303121578125 0.9102074968749999 0.1376257359375 0.9170684890624999 0.139619965625 0.9216874484375 0.135026175 0.9394847468749999 0.1305526078125 0.9508972468750001 0.13683796406249998
0 0.744538034375 0.335459334375 0.7499724640625 0.3366678953125 0.7677697593749999 0.33219432968749996 0.773815284375 0.32838620625 0.7721168984375 0.32566642031250004 0.7517382984375 0.33050276562500003 0.741208715625 0.32113484375 0.748408978125 0.316178275 0.7473216890625001 0.30844180468750004 0.743313825 0.3080189140625 0.7375401218750001 0.313761153125 0.7399865250000001 0.331168209375 0.744538034375 0.335459334375
0 0.8340621 0.2045383796875 0.858924759375 0.212878078125 0.86666866875 0.2117897421875 0.871287628125 0.20719595000000002 0.8795751796875001 0.20997585000000002 0.8873190890625 0.2088875140625 0.8867754437500001 0.20501927968749997 0.8730534625 0.20103082031250002 0.8630000750000001 0.20441605156249998 0.857293825 0.20127337343749999 0.8469686140625001 0.2027244875 0.8412623625 0.199581809375 0.82461980625 0.202906928125 0.8263181906250001 0.20562671406250002 0.8340621 0.2045383796875
0 0.8011938171875 0.3827218296875 0.8058127765625 0.3781280375 0.8161379875 0.376676925 0.822522784375 0.3659180015625 0.8302666921874999 0.3648296671875 0.8337309125000001 0.3613843234375 0.8320325265624999 0.3586645359375 0.8260544546874999 0.3535877421875 0.816001065625 0.356972971875 0.8054040312499999 0.35648996875 0.8024834562500001 0.363803546875 0.8087333515624999 0.370814459375 0.7998347046875 0.37305124218749997 0.792023346875 0.3830244953125 0.8011938171875 0.3827218296875
0 0.925028896875 0.37419338125 0.9355584796875 0.3835613015625 0.939294525 0.382050075 0.9393619734374999 0.373165159375 0.9365762999999999 0.36270890312500004 0.9248919765625001 0.35448942968749997 0.920407915625 0.3413133875 0.91640005 0.340890496875 0.910898171875 0.348566853125 0.912257284375 0.3582374390625 0.9239416078125 0.3664569125 0.925028896875 0.37419338125
0 0.771097059375 0.3090450328125 0.7625376828125 0.3043310171875 0.7619940390625 0.3004627828125 0.7689224796875 0.2935720953125 0.7634880515625 0.292363534375 0.7626725828125 0.2865611828125 0.779315140625 0.2832360640625 0.7842733734375 0.2716914734375 0.782303165625 0.26703756875 0.775985821875 0.2689115734375 0.7710275859375 0.28045616406249996 0.7653213375 0.2773134875 0.754996125 0.27876460000000003 0.7492224249999999 0.284506840625 0.7545219515625 0.30348523437499997 0.7676328375 0.312490378125 0.771097059375 0.3090450328125
0 0.887253659375 0.25524621718749996 0.8960848578125 0.26189435156249996 0.9005689171875 0.2750703953125 0.92196735625 0.2868554359375 0.9320207453125 0.2834702046875 0.9403082984375001 0.2862501046875 0.9440443421875001 0.284738878125 0.93378658125 0.277305075 0.9234613703125 0.2787561890625 0.921762984375 0.2760364015625 0.928691425 0.2691457140625 0.9319512734375 0.2548813359375 0.940306278125 0.24877631875 0.9248184609375001 0.2509529890625 0.9193165828125001 0.25862934531250004 0.92013205 0.26443169843750003 0.9112334015625001 0.26666848125 0.9087195484375 0.2581463421875 0.8901742359375 0.2479326390625 0.8864381921875 0.24944386562499998 0.887253659375 0.25524621718749996
0 0.8459528171875 0.2610506734375 0.831619740625 0.2620788953125 0.822109996875 0.2693323609375 0.8192568703124999 0.267761021875 0.8143660875000001 0.270420696875 0.8100864 0.2680636890625 0.80451505 0.2471511765625 0.800507184375 0.2467282859375 0.7973147875000001 0.25210774687500004 0.8000330109375 0.27144891875 0.7968406156250001 0.2768283796875 0.7844777453125 0.2825105078125 0.7838666484375 0.287527190625 0.790727640625 0.2895214203125 0.7948029562500001 0.28105939375 0.8128720749999999 0.27851994375 0.8174910375 0.273926153125 0.8278162468750001 0.27247503906250004 0.8350165109375001 0.26751846874999996 0.8430322406249999 0.2683642515625 0.8539685468749999 0.2618964546875 0.8514546953125001 0.253374315625 0.8469031843750001 0.249083190625 0.8473099078124999 0.2332474734375 0.8375957921875001 0.2296819046875 0.8298518828124999 0.23077024062499998 0.8289689656249999 0.2338528046875 0.84010964375 0.23820404375 0.83997474375 0.255973878125 0.8459528171875 0.2610506734375
0 0.7943206968750001 0.155884884375 0.8030169953125 0.1803028515625 0.8204750187500001 0.1827800859375 0.82903439375 0.1874941015625 0.8324986140625 0.18404875781250002 0.814564396875 0.1688183734375 0.8206099203124999 0.1650102515625 0.822580128125 0.1696641546875 0.8265879921874999 0.170087046875 0.8318180484375001 0.160476571875 0.828421278125 0.15503699843750002 0.8419388874999999 0.14820642343749998 0.8462860265625001 0.141678515625 0.823326121875 0.1468776390625 0.8135445562499999 0.1521969875 0.8129334625 0.15721366875 0.80919741875 0.1587248953125 0.80491773125 0.1563678875 0.8061399203124999 0.146334521875 0.8021320546874999 0.14591163125 0.7943206968750001 0.155884884375
0 0.30951399999999996 0.27431416875000003 0.2919210765625 0.28960676875 0.293619459375 0.29232655625000004 0.311212384375 0.2770339546875 0.30951399999999996 0.27431416875000003
0 0.21814654375 0.232916240625 0.225074984375 0.2260255546875 0.22337659843750002 0.2233057671875 0.2129839390625 0.23364179843750002 0.2143430515625 0.24331238437499997 0.2097240890625 0.2479061765625 0.210267734375 0.2517744109375 0.22025367187499997 0.25727409687499997 0.223989715625 0.2557628703125 0.21801164375 0.250686075 0.21814654375 0.232916240625
0 0.2877068171875 0.2408910578125 0.284310046875 0.23545148437500002 0.28030218125 0.23502859375 0.2815938421875 0.253584096875 0.28981394531250004 0.2652489140625 0.2935499890625 0.26373768750000004 0.2907643125 0.25328143125 0.2877068171875 0.2408910578125
0 0.3290690453125 0.11378032812500001 0.328253578125 0.10797797499999999 0.31969420312499996 0.10326395937499999 0.298771959375 0.10423206874999999 0.29272643593750003 0.108040190625 0.293541903125 0.11384254375 0.2978215921875 0.11619955156249999 0.3047500328125 0.1093088640625 0.3179283671875 0.1094290890625 0.3290690453125 0.11378032812500001
0 0.3883020875 0.08573247187500001 0.392649225 0.07920456249999999 0.3823240140625 0.0806556765625 0.37036786875 0.0705020859375 0.355151875 0.074612875 0.34570958125 0.0729814234375 0.3531142171875 0.0788438875 0.36602073125 0.0770299953125 0.377705053125 0.08524946875 0.3883020875 0.08573247187500001
0 0.4050120953125 0.07352243593749999 0.38592515625 0.096914284375 0.392514325 0.09697439687500001 0.4046053703125 0.08935815312499999 0.41071834375 0.0766651140625 0.42620616250000004 0.07448844375 0.4259343390625 0.072554325 0.4050120953125 0.07352243593749999
0 0.306994084375 0.153370671875 0.3159601828125 0.14224897187500002 0.31344632968749997 0.1337268328125 0.3103213828125 0.1302213765625 0.3065853390625 0.131732603125 0.3076726296875 0.139469071875 0.29639705 0.15288766874999998 0.2972125171875 0.15869002031249999 0.3069266328125 0.16225558906249998 0.3181347625 0.157721909375 0.306994084375 0.153370671875
0 0.2047618140625 0.18450319531249998 0.21284499375000002 0.1764640609375 0.21433900781249998 0.1683648125 0.2215392703125 0.1634082421875 0.219840884375 0.16068845625 0.20720619375 0.164436465625 0.2010932203125 0.1771295046875 0.1858772265625 0.18124029218749999 0.18241300625 0.1846856359375 0.18377211875 0.1943562234375 0.188662903125 0.1916965484375 0.19158347656250002 0.1843829703125 0.2047618140625 0.18450319531249998
0 0.3887924328125 0.36080212500000003 0.39592524375 0.3647304734375 0.398234725 0.3624335765625 0.39001462187499997 0.3507687609375 0.37887394375 0.34641752187499997 0.382949259375 0.337955496875 0.378669571875 0.3355984875 0.370586390625 0.3436376234375 0.3714018578125 0.349439975 0.38824878749999997 0.356933890625 0.3887924328125 0.36080212500000003
0 0.47818159531250004 0.2476510046875 0.47621138749999997 0.24299710000000002 0.4724753453125 0.24450832656250002 0.46432471406250003 0.2614323796875 0.46853695 0.2726743046875 0.48137601406249997 0.2797453296875 0.48198711093749996 0.274728646875 0.4728840890625 0.2661463953125 0.472068621875 0.26034404375000003 0.47818159531250004 0.2476510046875
0 0.42139495625 0.293105915625 0.44415048749999997 0.2770877578125 0.43613475625 0.2762419765625 0.42689683437500003 0.285429559375 0.4165716234375 0.2868806734375 0.4107979234375 0.2926229125 0.410119378125 0.3065245125 0.4167085453125 0.306584625 0.42221042343750004 0.29890826875 0.42139495625 0.293105915625
0 0.257495371875 0.55972195625 0.25144984843749996 0.563530078125 0.264560734375 0.5725352203125 0.2682967765625 0.57102399375 0.266598390625 0.5683042078125 0.2629297984375 0.5609305171875001 0.257495371875 0.55972195625
0 0.2497534828125 0.5982840781250001 0.2555271859375 0.5925418375 0.2527415109375 0.58208558125 0.24873364531250003 0.581662690625 0.244590878125 0.599009634375 0.2497534828125 0.5982840781250001
0 0.245267403125 0.5476342484375001 0.2373191234375 0.53790355 0.2333112578125 0.5374806578125 0.232971984375 0.5444314578125 0.2392218796875 0.5514423703125 0.23202161718749997 0.5563989406250001 0.2414639109375 0.5580303921875001 0.2472376109375 0.552288153125 0.245267403125 0.5476342484375001
0 0.2670091578125 0.6274160625 0.256479575 0.6180481421875 0.25369389999999997 0.6075918859375 0.244388528125 0.6256643859375 0.253287175 0.623427603125 0.2601481671875 0.6254218328125 0.2603525390625 0.6362408671875001 0.26870754375 0.6301358484375 0.2670091578125 0.6274160625
0 0.26767961875 0.46361931875 0.25219179999999997 0.4657959890625 0.23493814999999998 0.47413779062500006 0.22916445 0.4798800296875 0.23052356093749998 0.48955061562499996 0.238063096875 0.47764324687500004 0.25531675 0.46930144531250007 0.2682232625 0.46748755312499995 0.26767961875 0.46361931875
0 0.21748821093749998 0.6215557015625001 0.2397021171875 0.6391430953125 0.247446025 0.638054759375 0.25321972656249997 0.6323125203125 0.2515213421875 0.6295927328124999 0.2463587359375 0.630318290625 0.24432107812499998 0.634549303125 0.240041390625 0.6321922953125 0.23093836875 0.6236100437500001 0.2310058203125 0.6147251265625 0.22638685937499997 0.6193189171875 0.22095243125000003 0.6181103578125 0.21748821093749998 0.6215557015625001
0 0.2233293625 0.6069285437499999 0.2302578015625 0.6000378578125 0.22523009843750003 0.5829935796875 0.22842249531249997 0.57761411875 0.22006749218750002 0.5837191359375 0.218029834375 0.58795015 0.22197024999999998 0.5972579578125 0.2130041515625 0.6083796578125 0.21640092187499999 0.61381923125 0.22326191093749997 0.6158134609375 0.2269979546875 0.6143022359375 0.2233293625 0.6069285437499999
0 0.293625525 0.4047479140625 0.29138349375 0.3981598921875 0.28737562968749997 0.3977370015625 0.2839114078125 0.4011823453125 0.28839546875 0.4143583875 0.281467028125 0.421249075 0.2831654140625 0.42396886250000004 0.2964111984375 0.41520417031249995 0.293625525 0.4047479140625
0 0.273383846875 0.4292882109375 0.2656399390625 0.4303765453125 0.26217571875 0.43382188906249997 0.2631955578125 0.45044327656250005 0.2715505609375 0.4443382578125 0.278207178125 0.435513453125 0.27650879375000004 0.4327936671875 0.273383846875 0.4292882109375
0 0.3466127125 0.4446367171875 0.32290479375 0.435148571875 0.3218175046875 0.427412103125 0.314684690625 0.42348375625 0.3060578640625 0.42765465625 0.31169666406249996 0.43968225156249996 0.3445750546875 0.44886773125 0.3483110984375 0.4473565046875 0.3466127125 0.4446367171875
0 0.495514825 0.4552670015625 0.493000971875 0.4467448640625 0.48783836718750007 0.44747042031250006 0.4891974796875 0.45714100625 0.49347716718749995 0.45949801562500003 0.5012210765625 0.4584096796875 0.51073081875 0.4511562140625 0.495514825 0.4552670015625
0 0.459783309375 0.4445101828125 0.466372478125 0.44457029531250003 0.46555701093749996 0.43876794375 0.473096546875 0.42686057499999996 0.47825915312499995 0.42613501718749996 0.48994347656250004 0.434354490625 0.5057031140625 0.4341119375 0.50515946875 0.4302437015625 0.49741556249999996 0.4313320375 0.48002498750000006 0.4199698875 0.4671184734375 0.4217837796875 0.46086857812500004 0.4147728671875 0.45482305468749995 0.4185809890625 0.45957893906249997 0.4336911484375 0.455503621875 0.44215317499999995 0.459783309375 0.4445101828125
0 0.4831479140625 0.38600155625 0.49347312343749994 0.38455044374999997 0.5123577109374999 0.387813346875 0.5120184390625 0.39476414531250004 0.5217325546875 0.3983297140625 0.5275062546875 0.392587475 0.5269626093750001 0.388719240625 0.5184032359375 0.3840052234375 0.517859590625 0.38013698906250004 0.52621459375 0.374031971875 0.5368116265625 0.37451497499999997 0.5411587640625 0.367987065625 0.5205083421875 0.37088929375 0.506107815625 0.380802434375 0.482332446875 0.3801992046875 0.47397744218750004 0.3863042234375 0.4745210875 0.3901724578125 0.465283165625 0.399360040625 0.474181815625 0.3971232578125 0.4831479140625 0.38600155625
0 0.37209253124999997 0.560381090625 0.3714814359375 0.5653977734375 0.3781380546875 0.5565729687500001 0.3864256078125 0.55935286875 0.3887350875 0.5570559734375 0.37243180468750003 0.5534302906249999 0.356739615625 0.544787928125 0.35395394062499996 0.534331671875 0.3513051875 0.5435793671875 0.3374483046875 0.5573607421875 0.3440374734375 0.5574208546875 0.35327539375 0.548233271875 0.37209253124999997 0.560381090625
0 0.41543103437499995 0.5503456234375 0.4162465015625 0.556147975 0.4067367578125 0.5634014406250001 0.40870696406249996 0.5680553453125 0.42195275 0.5592906531249999 0.4254844203125 0.5469603921874999 0.4235142140625 0.5423064875 0.41543103437499995 0.5503456234375
0 0.36333282499999997 0.6197956125 0.36272173125 0.62481229375 0.34628354687499996 0.638956446875 0.35070015625 0.6610174078125 0.3584440640625 0.6599290718749999 0.361908284375 0.656483728125 0.357152403125 0.64137356875 0.3663903234375 0.6321859859375001 0.36333282499999997 0.6197956125
0 0.4364227484375 0.57796638125 0.43064904843749996 0.5837086218749999 0.432756178125 0.6080664765625 0.4364922203125 0.60655525 0.441517903125 0.5861257421875 0.44871816718749996 0.581169171875 0.44647613750000004 0.57458115 0.4364227484375 0.57796638125
0 0.44287499375 0.5583225421875 0.45061890312499997 0.5572342078125 0.44735703281249994 0.5340248 0.45285891093749997 0.5263484421875 0.46033099687499995 0.523325990625 0.47092803125 0.52380899375 0.49653870624999996 0.5468359609375 0.5033996984375 0.548830190625 0.50971704375 0.5469561859375001 0.5061159015625 0.5306975781250001 0.4981001703125 0.5298517953124999 0.490151890625 0.520121096875 0.480709596875 0.5184896453125 0.47473152343749997 0.51341285 0.4649499578125 0.5187321984375 0.45204344374999994 0.520546090625 0.439613125 0.535113134375 0.44287499375 0.5583225421875
0 0.432613190625 0.4759411671875 0.43696032812499996 0.4694132578125 0.45557309375 0.47074204374999995 0.4578825734375 0.46844514843749996 0.43845434218749996 0.4613140109375 0.43220444843749994 0.4543030984375 0.42874022656250005 0.4577484421875 0.43295246406250004 0.46899036718750003 0.42004595 0.47080425937500003 0.4205895953125 0.47467249375 0.4274505859375 0.47666672343750005 0.432613190625 0.4759411671875
0 0.555156609375 0.44885721562500003 0.5709162484375 0.4486146625 0.5701007812500001 0.4428123109375 0.551759840625 0.44341764218749996 0.5410953562499999 0.45181955625 0.53817478125 0.45913313437500003 0.5278495703125 0.460584246875 0.526966653125 0.46366681249999997 0.5364089453124999 0.46529826406249997 0.5461905109375 0.459978915625 0.555156609375 0.44885721562500003
0 0.6880090703125 0.1205318625 0.704312353125 0.12415754375000002 0.70981423125 0.11648118593750001 0.707844025 0.11182728281250001 0.7034968859374999 0.118355190625 0.687193603125 0.114729509375 0.67944969375 0.11581784531249999 0.669668128125 0.12113719375000001 0.6664757296875 0.1265166546875 0.6730648968749999 0.1265767671875 0.6802651609375 0.121620196875 0.6880090703125 0.1205318625
0 0.6028894874999999 0.048671060937499996 0.6120599578125 0.0483683953125 0.6163396453125001 0.050725403125 0.6210955296875 0.06583556406249999 0.6299267265624999 0.0724836984375 0.63074219375 0.07828605 0.6226590125 0.086325184375 0.6120619796875 0.08584218125000001 0.6111790609375001 0.088924746875 0.6194666140625 0.09170464687499999 0.6187880703124999 0.1056062453125 0.6381488515625 0.1216223 0.6413412484375 0.11624283906249999 0.6291132796875 0.10415513125 0.6282978124999999 0.0983527796875 0.6315576609375 0.0840884015625 0.6387579234375 0.07913183124999999 0.636244071875 0.07060969375000001 0.6251708421875 0.0573735375 0.6261212125 0.0454060546875 0.616407096875 0.0418404859375 0.5980661546875 0.042445818749999996 0.592292453125 0.048188057812500004 0.5956892234375 0.053627631249999995 0.608256465625 0.058764539062499996 0.6028894874999999 0.048671060937499996
0 0.4995759921875 0.1844884734375 0.49067734375 0.1867252578125 0.495500675 0.1929505 0.5075242703125 0.1942191734375 0.5083397374999999 0.200021525 0.5154725531250001 0.203949871875 0.5138416171875 0.19234516875000002 0.4995759921875 0.1844884734375
0 0.49407209218750003 0.1546910453125 0.5009330828125 0.156685275 0.5067067828125 0.1509430359375 0.5001850640625001 0.14199800625 0.5045322031249999 0.135470096875 0.502561996875 0.1308161921875 0.49801048437500006 0.1265250671875 0.49610772656249996 0.11298624531250001 0.486665434375 0.11135479374999999 0.49148876875 0.11758003749999998 0.4891792875 0.1198769328125 0.49447881562499996 0.138855328125 0.48958803125 0.14151500156250002 0.49407209218750003 0.1546910453125
0 0.4020301328125 0.20214228906249998 0.39632388281250003 0.19899961093750002 0.38396101250000003 0.20468173906249998 0.3722766890625 0.196462265625 0.36595934531249996 0.1983362703125 0.387357784375 0.21012131250000002 0.39197674375 0.2055275203125 0.402573778125 0.20601052343749998 0.4020301328125 0.20214228906249998
0 0.6768784984375 0.303549553125 0.67001750625 0.3015553234375 0.6753844859375 0.31164880156249997 0.679120528125 0.310137575 0.6768784984375 0.303549553125
0 0.6468532328125 0.2959354125 0.6465139609375 0.3028862125 0.65704354375 0.31225413281250003 0.6605077625 0.30880878906250003 0.65853755625 0.3041548859375 0.653714225 0.2979296421875 0.6468532328125 0.2959354125
0 0.6230104140625 0.30421710156250004 0.621244578125 0.31038223125000003 0.625524265625 0.31273924062499997 0.6318416109375 0.310865234375 0.63102614375 0.3050628828125 0.642573546875 0.29357840468749996 0.6395160484375 0.28118803125 0.6331987031249999 0.2830620359375 0.634692715625 0.27496278749999997 0.6272880796875 0.2691003234375 0.6298019328125 0.2776224625 0.62545479375 0.2841503703125 0.6262702609375 0.2899527234375 0.6322483359375 0.29502951718750003 0.6230104140625 0.30421710156250004
0 0.6392422046874999 0.241780128125 0.64501590625 0.2360378875 0.6442004390625 0.23023553593749999 0.6476646578125 0.22679019218750002 0.65798986875 0.22533907812499998 0.667703984375 0.2289046484375 0.669606740625 0.24244346874999997 0.6764677328124999 0.2444376984375 0.6794557578125 0.228239203125 0.664918309375 0.2184483921875 0.6491586703125 0.21869094531250002 0.6416865859375 0.22171339687499997 0.6359128843749999 0.2274556375 0.634418871875 0.235554884375 0.628101525 0.23742888906249998 0.622599646875 0.245105246875 0.6392422046874999 0.241780128125