0 0.462890625 0.37666391250000003 0.46875 0.3662372296875 0.4677734375 0.359720553125 0.458984375 0.37145057187499997 0.462890625 0.37666391250000003
0 0.1953125 0.506997446875 0.2021484375 0.5109074515625001 0.2041015625 0.5161207937500001 0.20703125 0.5148174578125 0.197265625 0.5017841046875 0.197265625 0.491357421875 0.1923828125 0.487447415625 0.1953125 0.506997446875
0 0.4443359375 0.5838942312500001 0.447265625 0.5825908953125001 0.45703125 0.574770884375 0.4521484375 0.56825420625 0.44140625 0.579984225 0.4443359375 0.5838942312500001
0 0.4541015625 0.38578725937499997 0.45703125 0.38448392343750004 0.4609375 0.381877253125 0.4482421875 0.37275390625 0.44140625 0.37666391250000003 0.4541015625 0.38578725937499997
0 0.421875 0.3662372296875 0.419921875 0.374057240625 0.4228515625 0.37796724843749996 0.4296875 0.37666391250000003 0.431640625 0.3688439 0.4189453125 0.3571138828125 0.41796875 0.3610238890625 0.421875 0.3662372296875
0 0.3154296875 0.5708608765625 0.310546875 0.5878042359375 0.318359375 0.5878042359375 0.322265625 0.5851975656249999 0.32421875 0.577377553125 0.3193359375 0.5708608765625 0.3154296875 0.5708608765625
0 0.3603515625 0.5135141234375 0.359375 0.53827749375 0.36328125 0.5408841640625 0.36328125 0.533064153125 0.369140625 0.5278508109375 0.369140625 0.5200307984375 0.3603515625 0.5135141234375
0 0.291015625 0.506997446875 0.2958984375 0.5161207937500001 0.3046875 0.5148174578125 0.314453125 0.506997446875 0.3095703125 0.5004807687499999 0.2998046875 0.50830078125 0.291015625 0.506997446875
0 0.337890625 0.5878042359375 0.33203125 0.5956242484375001 0.3349609375 0.5995342546875 0.337890625 0.59823091875 0.345703125 0.5825908953125001 0.3427734375 0.5708608765625 0.337890625 0.5721642124999999 0.337890625 0.5878042359375
0 0.265625 0.931884765625 0.26171875 0.931884765625 0.26171875 0.9475247890625 0.2685546875 0.9566481359375001 0.28515625 0.957951471875 0.2822265625 0.948828125 0.2705078125 0.948828125 0.265625 0.9423114484375 0.265625 0.931884765625
0 0.3837890625 0.3701472359375 0.380859375 0.381877253125 0.3828125 0.3870905953125 0.3916015625 0.3910006015625 0.3974609375 0.3988206140625 0.404296875 0.4001239484375 0.40625 0.397517278125 0.3935546875 0.38057391875 0.3896484375 0.38057391875 0.3837890625 0.3701472359375
0 0.265625 0.6138709437500001 0.265625 0.6295109671875 0.267578125 0.642544321875 0.26953125 0.642544321875 0.275390625 0.6321176390625001 0.275390625 0.6138709437500001 0.2724609375 0.6073542671875 0.265625 0.6138709437500001
0 0.294921875 0.788517878125 0.2919921875 0.7846078734375 0.279296875 0.804157903125 0.275390625 0.8197979265625 0.27734375 0.822404596875 0.283203125 0.8171912562499999 0.2861328125 0.808067909375 0.29296875 0.804157903125 0.294921875 0.788517878125
0 0.3720703125 0.7637545078125 0.3642578125 0.7637545078125 0.361328125 0.7728778546874999 0.341796875 0.7937312203125 0.3427734375 0.7976412265625 0.345703125 0.796337890625 0.3583984375 0.792427884375 0.36328125 0.775484525 0.375 0.7676645140625 0.3720703125 0.7637545078125
0 0.21484375 0.5825908953125001 0.21875 0.5721642124999999 0.2177734375 0.5656475359375001 0.2138671875 0.5656475359375001 0.205078125 0.5825908953125001 0.205078125 0.5956242484375001 0.208984375 0.60605093125 0.201171875 0.6138709437500001 0.208984375 0.6138709437500001 0.2119140625 0.6099609375 0.21875 0.6112642734375 0.20703125 0.593017578125 0.21484375 0.5825908953125001
0 0.2744140625 0.3701472359375 0.2734375 0.381877253125 0.2685546875 0.3831805890625 0.265625 0.3923039359375 0.28125 0.39491060624999996 0.291015625 0.3870905953125 0.291015625 0.3792705828125 0.2880859375 0.37275390625 0.2744140625 0.3701472359375
0 0.32421875 0.9214580828125 0.3154296875 0.9123347359375 0.310546875 0.9162447406249999 0.3125 0.9240647531249999 0.306640625 0.93709810625 0.3017578125 0.943614784375 0.2978515625 0.943614784375 0.296875 0.9501314609374999 0.3095703125 0.948828125 0.3154296875 0.9592548078125 0.318359375 0.957951471875 0.3203125 0.9501314609374999 0.314453125 0.93709810625 0.322265625 0.9292780953124999 0.32421875 0.9214580828125
0 0.12890625 0.5487041765625 0.12890625 0.5408841640625 0.1240234375 0.5317608171875 0.12109375 0.533064153125 0.125 0.5408841640625 0.125 0.5487041765625 0.1220703125 0.5526141828125 0.1162109375 0.555220853125 0.1083984375 0.544794171875 0.1025390625 0.544794171875 0.091796875 0.55391751875 0.0927734375 0.5578275234375 0.1064453125 0.5578275234375 0.1142578125 0.5656475359375001 0.123046875 0.5643442015625 0.1259765625 0.56043419375 0.1357421875 0.56043419375 0.140625 0.5565241890625 0.12890625 0.5487041765625
0 0.2705078125 0.81328125 0.2666015625 0.81328125 0.2568359375 0.826314603125 0.2490234375 0.826314603125 0.23828125 0.8432579625000001 0.2412109375 0.84716796875 0.2490234375 0.8445612984374999 0.25390625 0.848471303125 0.2568359375 0.8445612984374999 0.2626953125 0.8445612984374999 0.267578125 0.8380446218750001 0.2705078125 0.81328125
0 0.4111328125 0.555220853125 0.4169921875 0.563040865625 0.416015625 0.5434908359375 0.4189453125 0.539580828125 0.4306640625 0.5421875 0.4375 0.533064153125 0.4306640625 0.5291541468750001 0.4189453125 0.5109074515625001 0.416015625 0.5148174578125 0.419921875 0.5226374703125 0.4150390625 0.52394080625 0.39453125 0.5565241890625 0.39453125 0.577377553125 0.3837890625 0.5943209140625 0.376953125 0.5956242484375001 0.3818359375 0.6021409249999999 0.38671875 0.6008375906250001 0.390625 0.5904109078124999 0.400390625 0.5825908953125001 0.40234375 0.5617375296875 0.4111328125 0.555220853125
0 0.296875 0.871931340625 0.296875 0.8667179984375 0.29296875 0.864111328125 0.298828125 0.8588979859375 0.298828125 0.8536846453125 0.2958984375 0.8497746390625001 0.2900390625 0.8497746390625001 0.283203125 0.8562913156249999 0.28125 0.8667179984375 0.2763671875 0.873234675 0.265625 0.8797513515625001 0.263671875 0.897998046875 0.2685546875 0.8993013828124999 0.2724609375 0.8914813703125001 0.2744140625 0.8966947109375001 0.283203125 0.897998046875 0.2861328125 0.9123347359375 0.294921875 0.9110314 0.29296875 0.897998046875 0.3046875 0.88496469375 0.29296875 0.8771446812500001 0.296875 0.871931340625
0 0.796875 0.5851975656249999 0.7900390625 0.57607421875 0.7841796875 0.57607421875 0.78125 0.579984225 0.796875 0.5851975656249999
0 0.740234375 0.4209773140625 0.740234375 0.4287973265625 0.7421875 0.4287973265625 0.744140625 0.41837064375 0.7373046875 0.41185396562500004 0.734375 0.41576397187499997 0.740234375 0.4209773140625
0 0.7587890625 0.44834735625000005 0.76171875 0.465290715625 0.7734375 0.4731107265625 0.7587890625 0.44834735625000005
0 0.75390625 0.60605093125 0.75 0.6112642734375 0.7529296875 0.61778095 0.755859375 0.6164776140625 0.75390625 0.6112642734375 0.7626953125 0.5917142421875 0.75390625 0.59823091875 0.75390625 0.60605093125
0 0.783203125 0.4131573015625 0.7880859375 0.4222806484375 0.796875 0.4209773140625 0.802734375 0.41576397187499997 0.8017578125 0.41185396562500004 0.7939453125 0.41706730781249995 0.783203125 0.4131573015625
0 0.68359375 0.5565241890625 0.6865234375 0.56043419375 0.69140625 0.559130859375 0.6953125 0.55391751875 0.6787109375 0.5369741593749999 0.677734375 0.5408841640625 0.68359375 0.5565241890625
0 0.8037109375 0.4978740984375 0.794921875 0.5174241281249999 0.794921875 0.525244140625 0.798828125 0.533064153125 0.798828125 0.5200307984375 0.80859375 0.509604115625 0.80859375 0.5017841046875 0.8037109375 0.4978740984375
0 0.7451171875 0.36493389375 0.732421875 0.363630559375 0.7353515625 0.3701472359375 0.7431640625 0.37275390625 0.7529296875 0.38578725937499997 0.76171875 0.38448392343750004 0.765625 0.3792705828125 0.7646484375 0.3753605765625 0.7568359375 0.38057391875 0.7451171875 0.36493389375
0 0.75 0.6477576625 0.751953125 0.66600435625 0.74609375 0.6790377109375 0.744140625 0.6920710640625 0.744140625 0.6972844046875 0.748046875 0.6998910765625 0.75 0.6868577218749999 0.7578125 0.6712176984375 0.7548828125 0.64384765625 0.75 0.6477576625
0 0.8212890625 0.70380108125 0.8115234375 0.690767728125 0.80078125 0.68946439375 0.8173828125 0.71162109375 0.828125 0.710317759375 0.8388671875 0.7090144234375 0.83984375 0.7051044171874999 0.8330078125 0.7011944109375 0.8212890625 0.70380108125
0 0.7666015625 0.4978740984375 0.7626953125 0.5056941109374999 0.7587890625 0.5056941109374999 0.748046875 0.5174241281249999 0.7509765625 0.52394080625 0.7646484375 0.52394080625 0.7802734375 0.539580828125 0.783203125 0.53827749375 0.7744140625 0.52394080625 0.76171875 0.5148174578125 0.767578125 0.506997446875 0.7666015625 0.4978740984375
0 0.6884765625 0.521334134375 0.685546875 0.53045748125 0.697265625 0.54609750625 0.697265625 0.5721642124999999 0.69921875 0.5721642124999999 0.7041015625 0.555220853125 0.7138671875 0.56043419375 0.71484375 0.5565241890625 0.6884765625 0.521334134375
0 0.7216796875 0.46659405 0.73828125 0.49396409218750004 0.740234375 0.509604115625 0.748046875 0.5122107875 0.744140625 0.504390775 0.74609375 0.47832406875 0.7275390625 0.46398737968750003 0.7216796875 0.46659405
0 0.837890625 0.54609750625 0.8798828125 0.604747596875 0.8828125 0.6034442609374999 0.880859375 0.5904109078124999 0.8642578125 0.5734675484375 0.8505859375 0.5500075109375 0.837890625 0.54609750625
0 0.8056640625 0.4353140015625 0.8017578125 0.4222806484375 0.798828125 0.4287973265625 0.802734375 0.441830678125 0.7978515625 0.453560696875 0.7919921875 0.453560696875 0.7841796875 0.44052734375 0.783203125 0.44443735 0.7919921875 0.46138070937500003 0.802734375 0.46268404375000005 0.8154296875 0.4587740390625 0.822265625 0.4470440203125 0.8134765625 0.4353140015625 0.8056640625 0.4353140015625
0 0.62890625 0.7337777937500001 0.62890625 0.7259577828125 0.6259765625 0.724654446875 0.625 0.7337777937500001 0.62890625 0.7337777937500001
0 0.677734375 0.9423114484375 0.68359375 0.9423114484375 0.6875 0.93709810625 0.6845703125 0.93058143125 0.68359375 0.93709810625 0.677734375 0.9423114484375
0 0.63671875 0.80155123125 0.6416015625 0.808067909375 0.646484375 0.8067645734375001 0.65234375 0.7989445609375 0.6455078125 0.792427884375 0.6396484375 0.792427884375 0.63671875 0.80155123125
0 0.6357421875 0.886268028125 0.63671875 0.8823580234374999 0.6318359375 0.8784480171875 0.6279296875 0.8810546875 0.61328125 0.897998046875 0.6142578125 0.9019080531249999 0.6171875 0.9006047171875 0.6220703125 0.894088040625 0.6279296875 0.894088040625 0.62890625 0.8875713640624999 0.6357421875 0.886268028125
0 0.7275390625 0.8419546265625 0.7236328125 0.8393479562499999 0.720703125 0.8432579625000001 0.7265625 0.848471303125 0.728515625 0.864111328125 0.7333984375 0.873234675 0.75 0.8771446812500001 0.7490234375 0.8706280046874999 0.7392578125 0.868021334375 0.734375 0.8615046578125 0.7275390625 0.8419546265625
0 0.599609375 0.9475247890625 0.6015625 0.9553448015624999 0.6064453125 0.9592548078125 0.6220703125 0.9592548078125 0.6279296875 0.9670748187499999 0.6328125 0.965771484375 0.6201171875 0.948828125 0.6064453125 0.951434796875 0.6025390625 0.943614784375 0.599609375 0.9475247890625
0 0.7275390625 0.7846078734375 0.7236328125 0.78721454375 0.7138671875 0.77939453125 0.7060546875 0.7846078734375 0.6875 0.7859112078125 0.6884765625 0.7898212140624999 0.6982421875 0.792427884375 0.7158203125 0.7898212140624999 0.7216796875 0.79503455625 0.724609375 0.7937312203125 0.7275390625 0.7898212140624999 0.7333984375 0.792427884375 0.734375 0.788517878125 0.7275390625 0.7846078734375
0 0.583984375 0.8119779140625001 0.5791015625 0.808067909375 0.5712890625 0.810674578125 0.5703125 0.8328312796875 0.5888671875 0.8367412859375 0.591796875 0.845864634375 0.595703125 0.845864634375 0.59375 0.8406512921875 0.595703125 0.8328312796875 0.58203125 0.82501126875 0.583984375 0.8119779140625001
0 0.607421875 0.7650578421875001 0.61328125 0.7546311593749999 0.61328125 0.7468111484375 0.6083984375 0.7376878 0.607421875 0.7520244890625001 0.603515625 0.7546311593749999 0.599609375 0.7728778546874999 0.5908203125 0.7767878609375 0.58203125 0.796337890625 0.5830078125 0.800247896875 0.5859375 0.7989445609375 0.5947265625 0.7846078734375 0.6025390625 0.7820012015625 0.607421875 0.775484525 0.607421875 0.7650578421875001
0 0.52734375 0.720744440625 0.5224609375 0.7064077515625 0.521484375 0.7181377703125 0.5244140625 0.7220477765625 0.52734375 0.720744440625
0 0.521484375 0.7051044171874999 0.5205078125 0.7011944109375 0.5078125 0.6998910765625 0.5126953125 0.7064077515625 0.521484375 0.7051044171874999
0 0.5439453125 0.6855543859375001 0.5322265625 0.680341046875 0.53125 0.694677734375 0.5341796875 0.69598106875 0.5400390625 0.690767728125 0.54296875 0.694677734375 0.544921875 0.710317759375 0.55859375 0.7181377703125 0.5625 0.712924428125 0.55078125 0.702497746875 0.548828125 0.6920710640625 0.5439453125 0.6855543859375001
0 0.8408203125 0.8237079328125001 0.84375 0.8328312796875 0.84765625 0.8354379515625 0.845703125 0.8197979265625 0.8369140625 0.815887921875 0.833984375 0.8197979265625 0.8408203125 0.8237079328125001
0 0.7939453125 0.8184945906250001 0.78515625 0.8197979265625 0.7880859375 0.8237079328125001 0.796875 0.822404596875 0.8095703125 0.8184945906250001 0.810546875 0.8145845859374999 0.7978515625 0.81328125 0.7939453125 0.8184945906250001
0 0.849609375 0.8406512921875 0.8505859375 0.8445612984374999 0.853515625 0.8432579625000001 0.8603515625 0.8393479562499999 0.873046875 0.822404596875 0.8642578125 0.8237079328125001 0.849609375 0.8406512921875
0 0.7978515625 0.7846078734375 0.7880859375 0.800247896875 0.7822265625 0.792427884375 0.77734375 0.7937312203125 0.7841796875 0.8054612390625 0.79296875 0.804157903125 0.7998046875 0.792427884375 0.806640625 0.7911245484375 0.8037109375 0.7846078734375 0.7978515625 0.7846078734375
0 0.8642578125 0.8784480171875 0.857421875 0.8875713640624999 0.85546875 0.897998046875 0.859375 0.905818059375 0.857421875 0.9162447406249999 0.86328125 0.9162447406249999 0.861328125 0.8953913765625 0.873046875 0.8797513515625001 0.8720703125 0.8758413468749999 0.8642578125 0.8784480171875
0 0.8828125 0.905818059375 0.88671875 0.9006047171875 0.8857421875 0.8914813703125001 0.876953125 0.905818059375 0.876953125 0.9162447406249999 0.890625 0.931884765625 0.890625 0.9397047781250001 0.89453125 0.9449181187500001 0.896484375 0.9397047781250001 0.89453125 0.9266714234375 0.8828125 0.9136380718750001 0.8828125 0.905818059375
0 0.8388671875 0.79503455625 0.8212890625 0.8184945906250001 0.810546875 0.8276179390625 0.80859375 0.8354379515625 0.814453125 0.8432579625000001 0.814453125 0.8328312796875 0.83203125 0.8171912562499999 0.83984375 0.80155123125 0.8388671875 0.79503455625
0 0.953125 0.3792705828125 0.955078125 0.381877253125 0.943359375 0.39491060624999996 0.943359375 0.40273061875 0.9453125 0.40273061875 0.947265625 0.39491060624999996 0.95703125 0.3870905953125 0.9560546875 0.3753605765625 0.953125 0.3792705828125
0 0.9296875 0.4001239484375 0.9296875 0.41055063125 0.9375 0.4209773140625 0.931640625 0.3923039359375 0.9169921875 0.3910006015625 0.9208984375 0.3988206140625 0.9296875 0.4001239484375
0 0.9599609375 0.344080528125 0.9560546875 0.3545072109375 0.9462890625 0.3571138828125 0.9375 0.3662372296875 0.9375 0.3792705828125 0.939453125 0.3792705828125 0.9423828125 0.36754056562500004 0.9521484375 0.36493389375 0.9609375 0.355810546875 0.9599609375 0.344080528125
0 0.9150390625 0.5917142421875 0.9091796875 0.5865009015625 0.9033203125 0.5865009015625 0.888671875 0.6008375906250001 0.8896484375 0.604747596875 0.89453125 0.6034442609374999 0.9033203125 0.5943209140625 0.9208984375 0.596927584375 0.923828125 0.5904109078124999 0.9150390625 0.5917142421875
0 0.9345703125 0.5109074515625001 0.9248046875 0.5161207937500001 0.9228515625 0.521334134375 0.9326171875 0.5187274640624999 0.935546875 0.5226374703125 0.935546875 0.53827749375 0.943359375 0.54609750625 0.9443359375 0.5526141828125 0.947265625 0.551310846875 0.947265625 0.5434908359375 0.939453125 0.53045748125 0.939453125 0.5174241281249999 0.9345703125 0.5109074515625001