0 0.6942461375 0.21402517968749998 0.687404728125 0.21844151875 0.6885005234375 0.2214549859375 0.6952056890625 0.2189870140625 0.6942461375 0.21402517968749998
0 0.2497743046875 0.32978675625 0.245533215625 0.33438492656249996 0.24594779687499999 0.3471402296875 0.250461371875 0.3386453265625 0.2497743046875 0.32978675625
0 0.42617569843750003 0.310795634375 0.4301443015625 0.3100942 0.429593478125 0.2992872625 0.425624875 0.2999886984375 0.4226158265625 0.30565196875 0.42617569843750003 0.310795634375
0 0.4092522984375 0.4593911515625 0.41554873593749997 0.4627682828125 0.42375842812500003 0.457468678125 0.42868658281250005 0.46172907656250006 0.42895907031249997 0.4578323421875 0.418830271875 0.453208278125 0.4092522984375 0.4593911515625
0 0.5200480375 0.276244046875 0.52798524375 0.27484117656249996 0.5338670999999999 0.2654630046875 0.5181289328124999 0.266320378125 0.5163519203125 0.27304874843750004 0.5200480375 0.276244046875
0 0.305659890625 0.483473575 0.30456409687499997 0.4804601078125 0.29073917968749996 0.4726407453125 0.289915871875 0.46573054375 0.285811025 0.4683803453125 0.28280197500000004 0.474043615625 0.2889621703125 0.47936911406249993 0.2941628125 0.479732778125 0.3015550453125 0.48612337656250004 0.305659890625 0.483473575
0 0.287695025 0.3667015828125 0.28687171562499997 0.35979138125 0.2783836859375 0.35038731562500003 0.283993059375 0.344905878125 0.280296940625 0.3417105796875 0.27085520937499996 0.345945084375 0.2703102375 0.3537385546875 0.2803027921875 0.360310984375 0.2811261015625 0.36722118593749997 0.287695025 0.3667015828125
0 0.5336121671875 0.3251609546875 0.53333968125 0.3290576890625 0.5526377234375001 0.33334398125 0.5567425703125 0.330694178125 0.5559192609375 0.3237839765625 0.5457904625000001 0.3191599140625 0.5336121671875 0.3251609546875
0 0.40539068437500003 0.36514219375 0.41072757031249996 0.363557490625 0.4096317734375 0.3605440234375 0.40443112968749995 0.36018035937500004 0.38910754375 0.3737930375 0.3885625703125 0.38158650625 0.3922586859375 0.3847818046875 0.396227290625 0.38408037031250003 0.3966360203125 0.37823526875 0.4049819546875 0.3709872953125 0.40539068437500003 0.36514219375
0 0.2639477671875 0.575514653125 0.2651739546875 0.5579793484375 0.2628461203125 0.5539007812500001 0.24724419531250003 0.5528097890625 0.237666221875 0.5589926609375 0.2440989 0.560421425 0.2547726703125 0.5572520187500001 0.25846878906250004 0.56044731875 0.25765133125 0.572137521875 0.2639477671875 0.575514653125
0 0.3239281703125 0.25959316875 0.3228323734375 0.2565797015625 0.3114715375 0.2508905390625 0.30982491875 0.23707013593749998 0.303664725 0.2317446375 0.29846408125 0.231380971875 0.3018877125 0.23847300625 0.301070253125 0.25016320937500003 0.31995956875 0.2602946046875 0.3239281703125 0.25959316875
0 0.678951803125 0.320639884375 0.676221090625 0.341006825 0.6877181703125 0.3447476203125 0.6919592609375 0.34014945 0.6909997078125001 0.335187615625 0.690176396875 0.3282774140625 0.678951803125 0.320639884375
0 0.45749239062499997 0.23662763281250002 0.45325129999999997 0.2412258015625 0.45448919062500004 0.26089130781250003 0.45818530625 0.26408660625 0.4651629609375 0.25772190156249997 0.463516340625 0.2439014984375 0.47049399375 0.2375367921875 0.45749239062499997 0.23662763281250002
0 0.393745659375 0.3261489546875 0.40318739062500003 0.3219144484375 0.40250032343750003 0.3130558796875 0.397435925 0.31074384843749997 0.3933310796875 0.3133936515625 0.3941543875 0.320303853125 0.37061525624999997 0.32061573125 0.3663741671875 0.3252139 0.37513468437499997 0.33072123124999997 0.3886812609375 0.3238369234375 0.393745659375 0.3261489546875
0 0.7221801546875 0.26296798125 0.71711575625 0.26065594999999997 0.7023371390625 0.26647515781250003 0.701792165625 0.2742686265625 0.7079523625 0.2795941265625 0.7197219265625 0.2794381875 0.7173940921875 0.2753596203125 0.7230034640625 0.2698781828125 0.7221801546875 0.26296798125
0 0.7417331296875 0.207556321875 0.7339321671875 0.2070108265625 0.72709075625 0.2114271640625 0.72914610625 0.219402465625 0.7353063015625 0.2247279640625 0.75104446875 0.2238705890625 0.7514531984375 0.2180254875 0.7417331296875 0.207556321875
0 0.32396912499999997 0.38979600625 0.3340979234375 0.39442006875 0.3346428953125 0.3866266 0.329714740625 0.3823662 0.31931345625 0.381638871875 0.312472046875 0.386055209375 0.309326753125 0.39366684687500003 0.298652984375 0.396836253125 0.3023491 0.40003155156250003 0.3127503828125 0.40075888125 0.32396912499999997 0.38979600625
0 0.49162170625 0.4024983625 0.5038000031250001 0.396497321875 0.5088644 0.3988093546875 0.5142012859375 0.39722465156250003 0.5278841046875 0.388391975 0.5329485046875 0.39070400625 0.53568506875 0.388937471875 0.54047698125 0.3951462375 0.5456776234375 0.3955099015625 0.5497824687499999 0.3928601 0.5486866734375 0.3898466328125 0.5462225953125001 0.3877164328125 0.5408857109375 0.3893011359375 0.5284290781250001 0.38059850625 0.51529123125 0.3816377125 0.5046174609375 0.38480711875 0.5055770125 0.38976895312500004 0.4921666796875 0.39470489375 0.49162170625 0.4024983625
0 0.780345096875 0.7016878125 0.773776171875 0.702207415625 0.7773360453125 0.70735108125 0.7813046499999999 0.7066496453125 0.780345096875 0.7016878125
0 0.7707788234375 0.7450714953124999 0.77693901875 0.75039699375 0.7776202343749999 0.7406551578125 0.7751561546875 0.7385249578125 0.7710513109375 0.7411747609375 0.7707788234375 0.7450714953124999
0 0.601775515625 0.789053621875 0.6058803593750001 0.78640381875 0.6047845656249999 0.7833903515625 0.5945195234375 0.78071465625 0.5904146781249999 0.7833644578125 0.601775515625 0.789053621875
0 0.5581150296875 0.7781690046875 0.55305063125 0.7758569734375 0.5433364140625 0.7839882140625 0.5549697375 0.7857806421875 0.5581150296875 0.7781690046875
0 0.7200336984375 0.835501978125 0.7162013375 0.834255046875 0.71661591875 0.84701035 0.7282492406250001 0.848802778125 0.7283854843750001 0.8468544109374999 0.7220890468750001 0.8434772796875001 0.7200336984375 0.835501978125
0 0.5467658953125001 0.8096806531249999 0.5504620124999999 0.8128759515624999 0.5540160359375 0.7994192140624999 0.5371820703125 0.7972631203125 0.5473108671875 0.8018871843750001 0.5467658953125001 0.8096806531249999
0 0.7439581546875 0.754943378125 0.7460076531250001 0.7443182734375 0.7364296796875001 0.750501146875 0.7361571921875 0.75439788125 0.7498458640625 0.7641656109375 0.7564147890624999 0.7636460078125 0.755591478125 0.75673580625 0.7439581546875 0.754943378125
0 0.7100294421875 0.7917287375 0.715372178125 0.8087444390625 0.7222135875 0.8043281015625 0.72056696875 0.7905076984375 0.7248080578125 0.785909528125 0.7200161453125 0.7797007625 0.7100294421875 0.7917287375
0 0.751469078125 0.7035843921875 0.7391545421875 0.7115338 0.73354516875 0.7170152375 0.7369688 0.724107271875 0.7453147359375001 0.7168593000000001 0.759820865625 0.714936825 0.7592700421874999 0.7041298890625 0.751469078125 0.7035843921875
0 0.6771731203125 0.75712594375 0.6774456062499999 0.7532292078125 0.67716726875 0.7385255374999999 0.6634785984375 0.7287578078125 0.6618378296875 0.7335378109375 0.6692300625 0.7399284078125 0.6611566140625 0.743279646875 0.660747884375 0.7491247484375 0.66937215625 0.7565804468749999 0.6771731203125 0.75712594375
0 0.6355913890625 0.8286182500000001 0.64845675 0.831475778125 0.6488654796875 0.8256306765625 0.6439373234375 0.8213702765625 0.6335360390625 0.8206429484375001 0.6169804125 0.8331905265625 0.606579128125 0.8324631984374999 0.6050746046875 0.8352948328125 0.61383511875 0.8408021640625 0.6216360812499999 0.841347659375 0.6355913890625 0.8286182500000001
0 0.575902696875 0.7666865265625 0.5895913671875 0.77645425625 0.59739233125 0.7769997531249999 0.6014971765625 0.7743499500000001 0.6006738671875 0.7674397484375 0.59260041875 0.7707909875000001 0.5808250015625 0.7523465203125 0.5704237171875 0.7516191921875001 0.5609819859375 0.755853696875 0.5605732578125 0.7616988 0.5642693734375 0.7648940984375 0.57494314375 0.7617246921875 0.575902696875 0.7666865265625
0 0.3323309421875 0.8681069375 0.3364357875 0.8654571343749999 0.33533999375 0.8624436687499999 0.3252111953125 0.8578196046875 0.323161696875 0.8684447093750001 0.3323309421875 0.8681069375
0 0.47341778906250004 0.8309832265624999 0.45631133593750006 0.8327238687499999 0.46000745312499997 0.8359191687499999 0.467808415625 0.8364646640625001 0.4726003296875 0.84267343125 0.47656893125 0.8419719953125 0.47834594375000006 0.8352436265625001 0.47341778906250004 0.8309832265624999
0 0.48287122031249996 0.86394953125 0.48191166875 0.8589876984375 0.47424694843750004 0.856493834375 0.46480521562500005 0.8607283390625 0.46316444843750004 0.8655083421875001 0.4582362921875 0.8612479421874999 0.456595525 0.8660279453124999 0.4627557203125 0.87135344375 0.47315700312500003 0.8720807718750001 0.48287122031249996 0.86394953125
0 0.4174544671875 0.8652488296874999 0.42716868437500005 0.8571175890625 0.41663115624999997 0.8583386281250001 0.40705318281249997 0.8645215015625001 0.4086998015625 0.8783419046875001 0.4021308796875 0.8788615078124999 0.40185839375 0.8827582421875 0.414723753125 0.8856157703124999 0.4188286 0.8829659671875 0.4174544671875 0.8652488296874999
0 0.3533825921875 0.7912632390625001 0.336134046875 0.77635184375 0.328196840625 0.7777547140625 0.3212191875 0.78411941875 0.3272431390625 0.791393284375 0.342845065625 0.792484278125 0.3499648140625 0.8027716109374999 0.35393341562499997 0.8020701750000001 0.3533825921875 0.7912632390625001
0 0.4864076921875 0.794691578125 0.4742293953125 0.80069261875 0.4849090171875 0.8161236171875 0.4979106203125 0.817032778125 0.5063927984375 0.8078364375 0.49680897343749997 0.79541890625 0.4864076921875 0.794691578125
0 0.33779821875 0.8459734624999999 0.34409465625 0.84935059375 0.3651697109375 0.8469085156249999 0.36927455781249996 0.8442587140625 0.3681787609375 0.841245246875 0.365442196875 0.8430117812500001 0.360377796875 0.84069975 0.340392690625 0.8275548890625 0.33259172656249997 0.8270093921875 0.323013753125 0.833192265625 0.3241095484375 0.8362057328124999 0.3320467546875 0.8348028624999999 0.33779821875 0.8459734624999999
0 0.4201149703125 0.6216770265625 0.4135460453125 0.6221966296875 0.41313731562499995 0.62804173125 0.4192975109375 0.6333672296875 0.4201149703125 0.6216770265625
0 0.3872586484375 0.58707423125 0.39068227968749997 0.594166265625 0.4036838828125 0.5950754265625 0.40395637031250003 0.5911786921875 0.3987557265625 0.590815028125 0.38506705625 0.5810472984375 0.3919084671875 0.576630959375 0.384243746875 0.574137096875 0.3801389 0.5767868984375 0.38246673593749997 0.580865465625 0.379730171875 0.582632 0.3872586484375 0.58707423125
0 0.3508951109375 0.71473141875 0.33570191562499996 0.7077953234375001 0.3279009515625 0.7072498281249999 0.3154501703125 0.717147603125 0.3216103640625 0.7224731015625 0.3232511328125 0.7176931 0.3326928640625 0.71345859375 0.34815854687500003 0.716497953125 0.3508951109375 0.71473141875
0 0.3244656203125 0.6629569828124999 0.3233698234375 0.659943515625 0.310231975 0.660982721875 0.3068083453125 0.6538906890625 0.29325591875 0.6421745921875 0.2892873125 0.6428760265625 0.29147890625 0.6489029609375 0.3074954125 0.6627492578124999 0.32036077343749997 0.6656067859375 0.3244656203125 0.6629569828124999
0 0.430924984375 0.6165592531249999 0.43489358593749994 0.6158578171875 0.43447900468749995 0.6031025140625 0.4233906546875 0.5935166171875 0.426672190625 0.5839566125 0.4235210484375 0.57296784375 0.4168158796875 0.5754358140625 0.42147155 0.5835929484375 0.41518096250000003 0.598816221875 0.42763759375 0.6075188515625001 0.430924984375 0.6165592531249999
0 0.385919621875 0.6809595265625 0.3834555421875 0.6788293265625 0.3970021203125 0.67194501875 0.39877913125000003 0.6652166484375 0.39781957968750004 0.6602548140625 0.39398721875 0.6590078828125 0.3868733234375 0.6673209546875001 0.370726425 0.67402343125 0.37018145156250004 0.6818169000000001 0.376341646875 0.6871423984375 0.38291057031250003 0.6866227953124999 0.385919621875 0.6809595265625
0 0.33498559375000003 0.605934728125 0.340186234375 0.6062983921875 0.34702764531249997 0.6018820546875 0.34798134687500004 0.588243484375 0.3533182328125 0.5866587812499999 0.3523586796875 0.581696946875 0.3498946015625 0.579566746875 0.334156434375 0.5804241218749999 0.3292282765625 0.5761637234375 0.3252596734375 0.5768651578124999 0.3326519078125 0.58325575625 0.33197069218749997 0.59299759375 0.326225078125 0.6004273984374999 0.33498559375000003 0.605934728125
0 0.3527557078125 0.5386510343750001 0.3487871046875 0.5393524703125 0.3508424515625 0.5473277703125 0.359466725 0.55478346875 0.3723320875 0.557640996875 0.387116553125 0.57042219375 0.39478127343749997 0.5729160578125 0.399981915625 0.573279721875 0.410928171875 0.56621358125 0.423793534375 0.569071109375 0.4403491609375 0.55652353125 0.46087924375 0.5618749234375 0.46128797187500004 0.5560298218749999 0.44089413437499997 0.5487300625 0.42885208124999996 0.5527827359375 0.42433850624999997 0.561277640625 0.4060000171875 0.5619531828125 0.39792656718749997 0.5653044203125 0.3834145859375 0.5486264890625 0.3678126609375 0.5475354968749999 0.3527557078125 0.5386510343750001