0 0.496076825 0.37126187499999996 0.5044351703125 0.362706990625 0.5051785234375 0.3561596109375 0.4936529890625 0.3652151625 0.496076825 0.37126187499999996
0 0.2071192890625 0.42336989062499997 0.2098179125 0.4132984890625 0.2061134625 0.40825794843749996 0.2038834015625 0.4279000875 0.2094744265625 0.4334461328125 0.21001168906249998 0.43898734062500006 0.213178878125 0.4384866734375 0.2071192890625 0.42336989062499997
0 0.4227013421875 0.56209365 0.4245192203125 0.566628684375 0.427686409375 0.56612801875 0.4391432453125 0.561101996875 0.43611345156250003 0.5535436046875 0.4227013421875 0.56209365
0 0.4753245125 0.365701309375 0.485225946875 0.377799575 0.48839313593749994 0.37729890781250003 0.49284093906250004 0.37579206875 0.48293950468749997 0.3636938046875 0.4753245125 0.365701309375
0 0.46791561093749995 0.355620228125 0.4586888328125 0.34100411249999996 0.4567335609375 0.3445281359375 0.45915739687499996 0.35057484843750003 0.45524685624999994 0.3576228921875 0.45706473125 0.362157928125 0.46400506874999997 0.3626682734375 0.46791561093749995 0.355620228125
0 0.3101815671875 0.5292454421875 0.307151771875 0.5216870499999999 0.3033786234375 0.5206760390625 0.294276925 0.5357783015625001 0.30182322031250003 0.5378003265625 0.306271025 0.5362934874999999 0.3101815671875 0.5292454421875
0 0.3663912296875 0.49303291875 0.36841519843750004 0.4854793671875 0.36161225468749997 0.476909965625 0.35425973593750004 0.5005767921875 0.357358228125 0.504105653125 0.3593821953125 0.496552103125 0.3663912296875 0.49303291875
0 0.3159346140625 0.4511775578125 0.3044777765625 0.45620357968749997 0.296325521875 0.45266987812500004 0.2986806609375 0.46274611875 0.307507571875 0.4637619703125 0.31896440937500004 0.45873595 0.3159346140625 0.4511775578125
0 0.3295845671875 0.539841709375 0.3297906578125 0.527753121875 0.3247368953125 0.5277482828125 0.320688959375 0.5428553859374999 0.31300527031250003 0.5488924203125001 0.314823146875 0.5534274546875 0.3179903359375 0.5529267875 0.3295845671875 0.539841709375
0 0.1739503109375 0.8867415 0.1734817453125 0.8771707640624999 0.162162303125 0.8741377281249999 0.1591325078125 0.8665793374999999 0.16183113124999998 0.8565079359375 0.15805798437500002 0.8554969234375 0.1540100484375 0.8706040265625001 0.15825176093749999 0.8811857734374999 0.1739503109375 0.8867415
0 0.4271420234375 0.37572915625 0.43340770468749995 0.3787573515625 0.43596893437500006 0.37674500625 0.4280914671875 0.3570931890625 0.42431832031249994 0.356082178125 0.421357221875 0.3444942578125 0.41549140937500006 0.355066325 0.41602867187500003 0.3606075328125 0.4235062703125 0.36665908593749996 0.4271420234375 0.37572915625
0 0.2488494421875 0.56948265625 0.253572034375 0.5518577015624999 0.2524288140625 0.5448048156249999 0.244139165625 0.549330171875 0.24009122968750002 0.564437275 0.2386045234375 0.577532034375 0.24049109687499998 0.578037540625 0.2488494421875 0.56948265625
0 0.201486128125 0.7537912484375 0.2084951609375 0.750272065625 0.21368631875 0.7422178484375 0.2213013109375 0.74021034375 0.2272358203125 0.7256087453125 0.22541794375 0.7210737125 0.20809529375000002 0.7366718015625 0.20027420937499998 0.7507678921875 0.201486128125 0.7537912484375
0 0.271095584375 0.74680611875 0.2742627734375 0.7463054515625 0.28753748749999997 0.7458144640625 0.29663918749999996 0.7307122015624999 0.3099825984375 0.7261916859374999 0.30816472031250003 0.7216566515625 0.300618425 0.719634628125 0.29542726875 0.7276888453125 0.27116428125 0.742776590625 0.271095584375 0.74680611875
0 0.193751246875 0.50344528125 0.1903779671875 0.5160345328125 0.191452490625 0.527116946875 0.181882228125 0.532648475 0.1894285234375 0.5346705 0.1932703671875 0.5316519828125 0.1995360484375 0.534680178125 0.192939196875 0.5140221890625 0.2031841171875 0.5059728109375 0.2096558890625 0.49691242031250005 0.2103992421875 0.49036504062499997 0.20662609375000002 0.48935402968749997 0.193751246875 0.50344528125
0 0.3159028625 0.341874775 0.3273596984375 0.336848753125 0.3293836671875 0.32929520156250003 0.328240446875 0.3222423171875 0.31570908593749997 0.316185925 0.311729846875 0.32726349843749997 0.306676084375 0.327258659375 0.30148492656250003 0.33531287656250003 0.3159028625 0.341874775
0 0.200099871875 0.8721592609375 0.19369679687500002 0.8771901234374999 0.1899236484375 0.8761791109375 0.18729372187499999 0.8822209843750001 0.1998937796875 0.884247846875 0.202854878125 0.8958357671874999 0.2060220671875 0.8953350999999999 0.20993260781249998 0.88828705625 0.2076461671875 0.8741812843749999 0.21721642968750002 0.8686497578125 0.22112697187500002 0.8616017109375 0.2149986859375 0.8505144578125 0.20927026718750003 0.85302746875 0.20913287343750003 0.8610865265625 0.200099871875 0.8721592609375
0 0.12719621406249998 0.442433928125 0.125172246875 0.44998747968749997 0.1213304015625 0.453005996875 0.1149960234375 0.45400732968749996 0.110148353125 0.4419139046875 0.10448863125 0.4403973875 0.091751178125 0.44642958125 0.09168248125 0.45045910781250004 0.1048884984375 0.45399765 0.11041082656250001 0.46357322500000003 0.1192377359375 0.46458907812500005 0.12307958125 0.46157055937499997 0.1325124515625 0.46409808906250005 0.1382408703125 0.46158507968749996 0.12894539375 0.4509984921875 0.1309693625 0.44344494062499995 0.1286142234375 0.43336869843750003 0.125447034375 0.433869365625 0.12719621406249998 0.442433928125
0 0.1583574015625 0.763823934375 0.16017527812500001 0.76835896875 0.1683962296875 0.7678631421875 0.17210068125 0.7729036812500001 0.17594252500000002 0.7698851671875 0.18160224687499998 0.771401684375 0.18800532187500002 0.7663708234375 0.197244415625 0.7432095015625 0.19347126718750002 0.7421984890625 0.18066511875 0.7522602125 0.173118821875 0.7502381890625001 0.1583574015625 0.763823934375
0 0.4221076984375 0.522804534375 0.431072003125 0.5157613296875 0.42548097812499996 0.5102152828125 0.41888412812500003 0.4895572921875 0.41504228281250005 0.492575809375 0.4167914625 0.5011403734375001 0.41173770000000004 0.501135534375 0.3834954734375 0.5273008531250001 0.37809822656250003 0.54744365625 0.36333680468749996 0.5610294031249999 0.35639646875 0.56051905625 0.3594262640625 0.5680774468750001 0.3644800265625 0.5680822875 0.37095179843750004 0.5590218984375 0.38240863593749996 0.553995875 0.3896924578125 0.5343585765625 0.3998686796875 0.530338728125 0.40350443281250004 0.539408796875 0.40762106718749996 0.520272165625 0.41146291250000006 0.517253646875 0.4221076984375 0.522804534375
0 0.21414256874999998 0.7895660203125 0.2123246921875 0.7850309859375 0.2066649703125 0.7835144671875 0.198375321875 0.7880398234375 0.1937901234375 0.7976057203125 0.1873870484375 0.80263658125 0.1753242515625 0.8061509250000001 0.1687150859375 0.8232703718750001 0.1730941921875 0.8257930640625 0.178891309375 0.8192505234375 0.17942857031249998 0.8247917296875 0.187580825 0.8283254328125 0.186700078125 0.84293186875 0.1955269875 0.8439477203125 0.19701369375 0.8308529625000001 0.2117064171875 0.8212967453125 0.2024109421875 0.8107101578125 0.20753340156250003 0.8066854687499999 0.20888271406249997 0.8016497671874999 0.20578422187499998 0.7981209046875 0.21279325624999998 0.7946017203125 0.21414256874999998 0.7895660203125
0 0.7647084765625001 0.6591314328125 0.7604667640625 0.6485496859375 0.7548070421874999 0.6470331671875 0.7509651984375 0.6500516843749999 0.7647084765625001 0.6591314328125
0 0.7520325984375 0.4762764421875 0.748190753125 0.47929495937500005 0.7525011640625 0.48584717812499995 0.7504771953125 0.49340072968750004 0.75236376875 0.4939062359375 0.7569489671875 0.48434034062500003 0.7520325984375 0.4762764421875
0 0.7617843234375 0.534211203125 0.7710797984375 0.5447977890625 0.7633397265624999 0.517086915625 0.7617843234375 0.534211203125
0 0.716457290625 0.6731888078125 0.73000679375 0.6565797046874999 0.719830571875 0.6605995546875 0.717806603125 0.66815310625 0.71268414375 0.672177796875 0.7138273640625 0.67923068125 0.7169945531249999 0.6787300140625 0.716457290625 0.6731888078125
0 0.8142895375 0.49295813749999995 0.8053939296875001 0.49597181562500003 0.79602975625 0.4894147578125 0.7983848953125 0.4994909984375 0.80721180625 0.5005068515625 0.8142208390624999 0.49698766718750004 0.8142895375 0.49295813749999995
0 0.66305189375 0.5819680890625001 0.6610966234375 0.5854921109375 0.6627084078125 0.6021157328125 0.6645262859375001 0.6066507671875 0.669580046875 0.6066556078125 0.6747025078125 0.60263091875 0.66305189375 0.5819680890625001
0 0.7834614515625 0.596690675 0.7955929453125 0.589146803125 0.7976169125 0.581593253125 0.7939124625 0.5765527109375 0.780362959375 0.5931618140625 0.7783389921875 0.6007153656249999 0.7800881703125 0.6092799296875 0.7834614515625 0.596690675
0 0.77387175 0.455141984375 0.7826986609375 0.4561578359375 0.7878211203125 0.45213314687499995 0.7878898171875 0.4481036171875 0.778994209375 0.45111729531250006 0.771722703125 0.43297715625000005 0.7597973 0.42843244374999995 0.7609405203125 0.43548532812499996 0.7678121609375 0.4400252015625 0.77387175 0.455141984375
0 0.6847607734375 0.7537503453125 0.687859265625 0.757279209375 0.69311911875 0.7451954609375 0.7047133515625 0.7321103812499999 0.708967378125 0.7049146921875 0.7032389593749999 0.707427703125 0.7004029421875 0.7255581624999999 0.6913699390625 0.7366308984375001 0.6861100859375 0.7487146453125 0.6847607734375 0.7537503453125
0 0.7625101703125 0.7880763546875 0.7732236546875 0.7895977109375 0.775178925 0.7860736890625 0.7695879015625 0.7805276421875 0.7575938015625 0.7800124562499999 0.7515342125 0.7648956734375 0.7414953843750001 0.7608564671875 0.7517966859375 0.786554996875 0.7625101703125 0.7880763546875
0 0.73622840625 0.5880825578125 0.7494344234375 0.5916210984375 0.7604790796875001 0.610772246875 0.76364626875 0.6102715828124999 0.7588672937500001 0.5941486281249999 0.7489658593749999 0.5820503625 0.7566495484375 0.5760133296875 0.7580675578125 0.5669480984375 0.7522704421874999 0.5734906390625001 0.7484972953125 0.5724796265625 0.7350851859375 0.5810296703125 0.73622840625 0.5880825578125
0 0.6737530625 0.6212668828125001 0.6828547625 0.6061646203125 0.69093831875 0.61372785 0.692893590625 0.610203828125 0.6765326984375 0.569388515625 0.6713415421875 0.5774427328125 0.6786130499999999 0.595582871875 0.6718664890625 0.6207613765625 0.6737530625 0.6212668828125001
0 0.73468531875 0.5674294062499999 0.743318453125 0.5427564078125 0.7291066093749999 0.5241059234375001 0.72277223125 0.5251072546875 0.731724221875 0.5558414859374999 0.729562859375 0.5714540953125 0.7364344984375 0.5759939703125 0.73468531875 0.5674294062499999
0 0.832831228125 0.6652410609375 0.8256971156249999 0.6390418640625 0.81444636875 0.6319793 0.839827946875 0.699499315625 0.8429951359375 0.6989986484374999 0.8444818421875 0.685903890625 0.832831228125 0.6652410609375
0 0.7997218921875 0.532232734375 0.7940621703125 0.5307162171875001 0.78988915625 0.516104940625 0.787933884375 0.5196289640625 0.792038203125 0.53826976875 0.80207703125 0.5423089765625 0.8153517453125 0.541817990625 0.82499070625 0.5322569328125 0.8195370765625001 0.518651828125 0.8119907812499999 0.5166298046875 0.8115909125 0.5030295406249999 0.8070744109374999 0.508565909375 0.8074742796875001 0.522166171875 0.7997218921875 0.532232734375
0 0.56400773125 0.7591754015625 0.5660316984375 0.75162185 0.5635391656250001 0.7496046656249999 0.5602345828125 0.7581643890625 0.56400773125 0.7591754015625
0 0.5642086296875 0.9697219078125 0.557199596875 0.9732410921874999 0.5628593171875 0.9747576109375 0.567981778125 0.9707329203124999 0.56683855625 0.9636800375 0.5642086296875 0.9697219078125
0 0.5648638484374999 0.8201238390625001 0.5592041265625001 0.8186073203124999 0.5540129703125001 0.8266615390625001 0.5570427640625 0.83421993125 0.5620965265625 0.8342247703125001 0.5697802171874999 0.8281877359375001 0.5648638484374999 0.8201238390625001
0 0.5064118109375 0.9137559375000001 0.5063431140625 0.917785465625 0.509510303125 0.9172848 0.5159133765624999 0.9122539375000001 0.5215730984375 0.91377045625 0.524203025 0.9077285828124999 0.5311433625 0.9082389281250001 0.5330986328125 0.9047149062500001 0.5293941828125 0.899674365625 0.524946378125 0.901181203125 0.5064118109375 0.9137559375000001
0 0.6264901968750001 0.91084873125 0.6288453359374999 0.920924971875 0.6438692296874999 0.9289985484375001 0.6446125828125 0.9224511703125 0.6358543703125 0.917405790625 0.632824575 0.9098473984375 0.6312814875 0.8891942484375001 0.6281829953125 0.8856653859374999 0.62434115 0.888683903125 0.628651559375 0.8952361218749999 0.6264901968750001 0.91084873125
0 0.50268273125 0.9842702703124999 0.50773649375 0.9842751109375 0.49985902656250003 0.9646232937500001 0.485978353125 0.9636026031249999 0.48422917343750005 0.9550380390625 0.48038732968750003 0.9580565546875001 0.480249934375 0.9661156125 0.48395438593750006 0.971156153125 0.49904697656249997 0.9752002015624999 0.50268273125 0.9842702703124999
0 0.6071118265625 0.824697590625 0.6070431296875001 0.8287271203125 0.6158013437500001 0.8337725 0.6334551640625 0.8358042031249999 0.6377655734375 0.842356421875 0.6409327625000001 0.84185575625 0.6447746078125001 0.8388372390625 0.6497596734375 0.8428716062499999 0.6517149437499999 0.8393475828125 0.6461239187500001 0.8338015375 0.6416761156249999 0.8353083765625 0.6342672140625 0.8252272953125 0.62537160625 0.8282409734374999 0.6071118265625 0.824697590625
0 0.498684053125 0.8482676250000001 0.4991526171875 0.8578383625000001 0.502925765625 0.8588493734375 0.5023885046875 0.8533081656249999 0.5062990468749999 0.8462601203125001 0.49511699687500005 0.8351680281249999 0.5003768515625 0.8230842796875001 0.4966724 0.8180437406250001 0.4884514484375 0.818539565625 0.4817735859375 0.8396885421875 0.498684053125 0.8482676250000001
0 0.538532825 0.7712397906249999 0.534085021875 0.772746628125 0.5255892828125 0.7893605703125 0.516087715625 0.7908625703125 0.5025382125 0.807471671875 0.502469515625 0.8115012 0.5056367046875 0.811000534375 0.5178368953125 0.799427134375 0.526057846875 0.79893130625 0.532460921875 0.7939004453125 0.5351595453125 0.7838290421874999 0.5435178921875 0.7752741578125 0.545541859375 0.7677206078125 0.5431867203125 0.7576443640625 0.538532825 0.7712397906249999
0 0.46927916875 0.7202998390625 0.46827334218749994 0.7051878968749999 0.464294103125 0.716265471875 0.4661119796875 0.72080050625 0.46927916875 0.7202998390625
0 0.4676673828125 0.70367621875 0.4677360796875 0.6996466906250001 0.45581067812500003 0.6951019765625001 0.45884047343749995 0.7026603671875 0.4676673828125 0.70367621875
0 0.48930044375000004 0.694630346875 0.49111832031249997 0.6991653828125 0.48895695781250004 0.7147779921875 0.50013900625 0.725870084375 0.5052614671875 0.72184539375 0.496640646875 0.7087409578125 0.49745269687500004 0.69816405 0.494422903125 0.6906056578124999 0.484452771875 0.6825369234374999 0.4797988765625 0.696132346875 0.482291409375 0.6981495296875 0.48930044375000004 0.694630346875
0 0.743676184375 0.8923240781249999 0.7398343390625 0.89534259375 0.7454253640624999 0.900888640625 0.745893928125 0.910459375 0.7489924203125 0.9139882390625 0.7511537828125 0.8983756296875001 0.743676184375 0.8923240781249999
0 0.71658949375 0.88776484375 0.7185447640625 0.884240821875 0.7066193625 0.8796961078125 0.701496903125 0.8837207953125 0.6926699921874999 0.8827049453125 0.69448786875 0.8872399796874999 0.7033147796875 0.8882558312500001 0.71658949375 0.88776484375
0 0.7768911609375 0.9079705625000001 0.76806425 0.9069547109375 0.7495296828125 0.9195294453124999 0.749460984375 0.9235589750000001 0.7526281734375 0.9230583078124999 0.7602431671875001 0.9210508031250001 0.7768911609375 0.9079705625000001
0 0.6954373125 0.868604015625 0.7042642234375001 0.869619865625 0.713903184375 0.860058809375 0.720843521875 0.860569153125 0.7197003 0.8535162703125 0.714040578125 0.8519997515625001 0.7005597734375 0.864579325 0.6969240203125 0.8555092546875 0.69187025625 0.855504415625 0.6954373125 0.868604015625
0 0.7375109531249999 0.9945691328124999 0.743170675 0.9960856515625001 0.7466813484375 0.9754373421875 0.762048728125 0.9633632734375001 0.762117425 0.9593337468750001 0.7538964734375 0.9598295734375 0.7449321703125 0.966872778125 0.740346971875 0.976438675 0.7420961515625 0.9850032390625 0.7375109531249999 0.9945691328124999
0 0.763411540625 1 0.7627110703125 0.9986228625000001 0.7647350375 0.991069309375 0.7698574984375 0.9870446203125001 0.7712755062500001 0.977979390625 0.759075315625 0.9895527921875 0.7563766921874999 0.9996241921875001 0.7565612749999999 1 0.763411540625 1
0 0.714896696875 0.9129481890625 0.7175953203125001 0.9028767859375 0.7386224218749999 0.8923192375 0.7502166531250001 0.8792341578125 0.7509600062499999 0.8726867796875 0.7279089375 0.8907978796875 0.715171484375 0.8968300734374999 0.7112609421875 0.9038781203124999 0.714896696875 0.9129481890625
0 0.9553140125 0.5213003484375001 0.9592245546875 0.5142523031249999 0.9706813921874999 0.5092262812499999 0.9727740578124999 0.4976432 0.9689322125000001 0.5006617171875 0.9701441296875 0.5036850734375 0.9554514078125 0.513241290625 0.9534274390625 0.5207948421874999 0.9553140125 0.5213003484375001
0 0.9309946437500001 0.5026401859375 0.9327438234375001 0.51120475 0.940896078125 0.5147384515625 0.938197453125 0.5248098531250001 0.943045125 0.5369032796875 0.9448066203125001 0.5076904046874999 0.9309946437500001 0.5026401859375
0 0.953839621875 0.4966176703125 0.9557261953125 0.49712317656250005 0.9615920078125001 0.48655110781250005 0.971699534375 0.4865607859375 0.9825504125 0.48002308749999995 0.984643078125 0.46844000625 0.9781713062499999 0.477500396875 0.9680637796875 0.47749071875000004 0.9572129015625 0.4840284171875 0.953839621875 0.4966176703125
0 0.849260815625 0.7020268453125 0.8543145781250001 0.702031684375 0.8651654578124999 0.695493984375 0.8814699656249999 0.7025613890625 0.8859864671875 0.697025021875 0.87715955625 0.6960091687500001 0.872849146875 0.6894569515625 0.867189425 0.6879404328125001 0.8493295125 0.6979973171875 0.849260815625 0.7020268453125
0 0.9148469671875 0.63459394375 0.9107990312500001 0.6497010453125001 0.9163213578124999 0.6592766218749999 0.9155780046875 0.6658240015625 0.9187451937500001 0.665323334375 0.9207691625000001 0.657769784375 0.916596146875 0.64315850625 0.9199694265625 0.630569253125 0.91693963125 0.6230108624999999 0.90615745 0.625519034375 0.9029215640625001 0.6300492296875 0.913029090625 0.6300589078125001 0.9148469671875 0.63459394375