0 0.69921875 0.68946439375 0.69921875 0.6842510515625 0.6962890625 0.682947715625 0.6953125 0.68946439375 0.69921875 0.68946439375
0 0.60546875 0.4757173984375 0.607421875 0.47050405624999997 0.6025390625 0.46920072187499995 0.6015625 0.4757173984375 0.60546875 0.4757173984375
0 0.6875 0.67382436875 0.69140625 0.6712176984375 0.6845703125 0.6699143640624999 0.6796875 0.67382436875 0.6875 0.67382436875
0 0.62109375 0.5226374703125 0.625 0.5226374703125 0.62890625 0.5200307984375 0.6279296875 0.5161207937500001 0.62109375 0.5174241281249999 0.62109375 0.5226374703125
0 0.8828125 0.694677734375 0.8876953125 0.70380108125 0.8935546875 0.70380108125 0.8984375 0.710317759375 0.8984375 0.7181377703125 0.9033203125 0.7272611171875 0.91015625 0.728564453125 0.904296875 0.7181377703125 0.90234375 0.7051044171874999 0.8974609375 0.6985877406250001 0.8828125 0.694677734375
0 0.62890625 0.6164776140625 0.6259765625 0.615174278125 0.62109375 0.63993765 0.6279296875 0.6490609984375 0.638671875 0.652971003125 0.6337890625 0.64384765625 0.626953125 0.63993765 0.630859375 0.626904296875 0.62890625 0.6164776140625
0 0.7861328125 0.479627403125 0.791015625 0.47832406875 0.7841796875 0.46398737968750003 0.7724609375 0.46659405 0.765625 0.4757173984375 0.765625 0.4887507515625 0.7685546875 0.4926607578125 0.775390625 0.491357421875 0.771484375 0.48614408124999997 0.7744140625 0.4770207328125 0.7822265625 0.4744140625 0.7861328125 0.479627403125
0 0.9111328125 0.675127703125 0.9140625 0.68946439375 0.9208984375 0.6985877406250001 0.92578125 0.6972844046875 0.91796875 0.6712176984375 0.8994140625 0.6568810093749999 0.8984375 0.6686110281250001 0.9111328125 0.675127703125
0 0.533203125 0.19941030625 0.5361328125 0.208533653125 0.54296875 0.20723031875000003 0.548828125 0.2020169765625 0.5458984375 0.19810697187499998 0.5361328125 0.19550030000000002 0.533203125 0.19941030625
0 0.4208984375 0.24242037343749998 0.4111328125 0.24502704375 0.40625 0.254150390625 0.408203125 0.261970403125 0.4140625 0.26718374375 0.412109375 0.254150390625 0.4169921875 0.25284705625 0.421875 0.246330378125 0.4208984375 0.24242037343749998
0 0.40625 0.0273700421875 0.4072265625 0.03388671875 0.423828125 0.035190053124999995 0.44140625 0.016943359375 0.4345703125 0.013033353125 0.4208984375 0.02606670625 0.40625 0.0273700421875
0 0.4619140625 0.23720703125 0.455078125 0.2437237078125 0.453125 0.2567570609375 0.4453125 0.26457707343750003 0.4453125 0.2697904140625 0.43359375 0.2854304390625 0.4375 0.2854304390625 0.4443359375 0.284127103125 0.44921875 0.2697904140625 0.46484375 0.254150390625 0.4619140625 0.23720703125
0 0.3408203125 0.002606671875 0.3349609375 0.005213340625 0.3271484375 0.0156400234375 0.3193359375 0.010426682812500001 0.314453125 0.01173001875 0.3212890625 0.023460035937500002 0.330078125 0.0221567015625 0.3388671875 0.0156400234375 0.3447265625 0.020853365625000002 0.353515625 0.0195500296875 0.3408203125 0.002606671875
0 0.4130859375 0.16943359375 0.4267578125 0.1642202515625 0.4296875 0.1577035765625 0.4189453125 0.15379356875 0.4111328125 0.1590069109375 0.3955078125 0.1590069109375 0.3837890625 0.16943359375 0.3662109375 0.1668269234375 0.36328125 0.17073692812500002 0.36328125 0.178556940625 0.369140625 0.1811636109375 0.3857421875 0.1720402640625 0.3935546875 0.174646934375 0.3994140625 0.16943359375 0.4130859375 0.16943359375
0 0.1611328125 0 0.158203125 0.0065166765625 0.15625 0.0195500296875 0.16015625 0.0195500296875 0.166015625 0.00391000625 0.1650390625 0 0.1611328125 0
0 0.1318359375 0.09905348593749999 0.123046875 0.1055701625 0.12109375 0.11339017343749999 0.125 0.11339017343749999 0.1337890625 0.1042668265625 0.1474609375 0.1042668265625 0.150390625 0.09775015000000001 0.1318359375 0.09905348593749999
0 0.1767578125 0.08341346093749999 0.169921875 0.084716796875 0.16796875 0.09775015000000001 0.158203125 0.1055701625 0.16015625 0.110783503125 0.1708984375 0.1068734984375 0.17578125 0.10035682187499999 0.1796875 0.092536809375 0.1767578125 0.08341346093749999
0 0.2646484375 0.05213341406250001 0.2548828125 0.05213341406250001 0.25390625 0.05604341875 0.26171875 0.0612567609375 0.26171875 0.0873234671875 0.265625 0.092536809375 0.265625 0.10035682187499999 0.271484375 0.10035682187499999 0.271484375 0.0873234671875 0.267578125 0.07950345625 0.267578125 0.058650090625 0.2646484375 0.05213341406250001
0 0.09375 0.0534367484375 0.08203125 0.06386343125 0.080078125 0.0742901140625 0.083984375 0.0742901140625 0.099609375 0.058650090625 0.1044921875 0.041706731250000004 0.0986328125 0.041706731250000004 0.09375 0.0534367484375
0 0.3330078125 0.3623272234375 0.3232421875 0.359720553125 0.31640625 0.3688439 0.314453125 0.3792705828125 0.3046875 0.3870905953125 0.3076171875 0.3910006015625 0.314453125 0.389697265625 0.3251953125 0.3701472359375 0.3349609375 0.36754056562500004 0.33984375 0.3584172171875 0.3330078125 0.3623272234375
0 0.4267578125 0.539580828125 0.4130859375 0.5343674890625 0.40625 0.5408841640625 0.4150390625 0.539580828125 0.4208984375 0.544794171875 0.43359375 0.5434908359375 0.4404296875 0.539580828125 0.453125 0.5408841640625 0.4423828125 0.5317608171875 0.4267578125 0.539580828125
0 0.353515625 0.60605093125 0.3505859375 0.5995342546875 0.345703125 0.6008375906250001 0.3466796875 0.604747596875 0.353515625 0.60605093125
0 0.2900390625 0.7611478359375 0.294921875 0.7598445015624999 0.30078125 0.7546311593749999 0.2939453125 0.7533278250000001 0.287109375 0.75723783125 0.2900390625 0.7611478359375
0 0.443359375 0.7311711234375 0.4482421875 0.7376878 0.453125 0.736384465625 0.447265625 0.728564453125 0.451171875 0.7233511109374999 0.4462890625 0.7220477765625 0.443359375 0.7311711234375
0 0.48046875 0.6295109671875 0.4765625 0.634724309375 0.4765625 0.645150990625 0.478515625 0.645150990625 0.484375 0.626904296875 0.4833984375 0.6203876203124999 0.48046875 0.6216909562499999 0.48046875 0.6295109671875
0 0.3447265625 0.65166766875 0.349609375 0.6503643328125001 0.35546875 0.6373309796875 0.3544921875 0.6334209734375 0.34375 0.645150990625 0.3447265625 0.65166766875
0 0.3623046875 0.6125676078125 0.353515625 0.619084284375 0.3623046875 0.6203876203124999 0.3681640625 0.6282076328125 0.375 0.626904296875 0.3798828125 0.6256009609375 0.380859375 0.6216909562499999 0.3681640625 0.6203876203124999 0.3623046875 0.6125676078125
0 0.435546875 0.6842510515625 0.4453125 0.694677734375 0.4462890625 0.7011944109375 0.462890625 0.7077110875 0.4599609375 0.6985877406250001 0.4501953125 0.6985877406250001 0.4443359375 0.6855543859375001 0.435546875 0.6842510515625
0 0.2333984375 0.675127703125 0.228515625 0.6790377109375 0.2265625 0.6868577218749999 0.23046875 0.6972844046875 0.2421875 0.710317759375 0.240234375 0.6998910765625 0.23046875 0.6868577218749999 0.236328125 0.6764310390625 0.2333984375 0.675127703125
0 0.2763671875 0.758541165625 0.2705078125 0.7715745187499999 0.26171875 0.7728778546874999 0.2666015625 0.77939453125 0.271484375 0.778091196875 0.28515625 0.7702711843750001 0.28515625 0.762451171875 0.2822265625 0.758541165625 0.2763671875 0.758541165625
0 0.4228515625 0.7715745187499999 0.40625 0.7911245484375 0.404296875 0.8067645734375001 0.396484375 0.8119779140625001 0.40625 0.8119779140625001 0.41015625 0.8067645734375001 0.41015625 0.7989445609375 0.421875 0.7859112078125 0.4228515625 0.7715745187499999
0 0.439453125 0.6216909562499999 0.4384765625 0.61778095 0.4306640625 0.6203876203124999 0.423828125 0.63993765 0.4140625 0.6503643328125001 0.4140625 0.6581843453125 0.41796875 0.6633976859375 0.419921875 0.6555776734375 0.4296875 0.645150990625 0.431640625 0.6321176390625001 0.439453125 0.6216909562499999
0 0.38671875 0.7676645140625 0.3818359375 0.7559344953125 0.3759765625 0.7533278250000001 0.373046875 0.75723783125 0.376953125 0.7676645140625 0.3701171875 0.766361178125 0.361328125 0.775484525 0.359375 0.788517878125 0.36328125 0.788517878125 0.3681640625 0.7767878609375 0.3818359375 0.7767878609375 0.384765625 0.7728778546874999 0.38671875 0.7676645140625
0 0.306640625 0.6555776734375 0.2958984375 0.65166766875 0.2880859375 0.6542743390625 0.2822265625 0.664701021875 0.265625 0.6764310390625 0.263671875 0.6842510515625 0.267578125 0.6842510515625 0.2822265625 0.675127703125 0.2939453125 0.6620943515625 0.3037109375 0.6620943515625 0.306640625 0.6555776734375
0 0.2705078125 0.7455078125 0.2763671875 0.7455078125 0.279296875 0.7415978062499999 0.2744140625 0.724654446875 0.271484375 0.7259577828125 0.2685546875 0.740294471875 0.2490234375 0.7429011421875 0.24609375 0.7468111484375 0.244140625 0.762451171875 0.2470703125 0.766361178125 0.255859375 0.7650578421875001 0.25 0.75723783125 0.2509765625 0.7533278250000001 0.2666015625 0.7533278250000001 0.2705078125 0.7455078125
0 0.13671875 0.8432579625000001 0.1376953125 0.84716796875 0.150390625 0.845864634375 0.15234375 0.8380446218750001 0.1494140625 0.8341346156249999 0.1435546875 0.8341346156249999 0.13671875 0.8432579625000001
0 0.18359375 0.8823580234374999 0.18359375 0.89278470625 0.1865234375 0.8966947109375001 0.193359375 0.8953913765625 0.189453125 0.8875713640624999 0.1962890625 0.8836613578125 0.2001953125 0.873234675 0.18359375 0.8823580234374999
0 0.1435546875 0.7090144234375 0.1357421875 0.70380108125 0.1259765625 0.70380108125 0.12109375 0.7077110875 0.14453125 0.712924428125 0.1552734375 0.7090144234375 0.15625 0.702497746875 0.1494140625 0.7011944109375 0.1435546875 0.7090144234375
0 0.1162109375 0.750721153125 0.119140625 0.7468111484375 0.1181640625 0.740294471875 0.1142578125 0.7455078125 0.0947265625 0.7455078125 0.091796875 0.74941781875 0.09375 0.762451171875 0.0986328125 0.766361178125 0.103515625 0.7650578421875001 0.1025390625 0.7611478359375 0.09765625 0.7598445015624999 0.09765625 0.7546311593749999 0.1162109375 0.750721153125
0 0.17578125 0.931884765625 0.1875 0.9475247890625 0.18359375 0.9605581437499999 0.18359375 0.965771484375 0.1875 0.9683781546875 0.193359375 0.95273813125 0.193359375 0.9449181187500001 0.1767578125 0.9175480765625 0.17578125 0.931884765625
0 0.109375 0.80937124375 0.1025390625 0.7898212140624999 0.09375 0.804157903125 0.09375 0.8119779140625001 0.0986328125 0.8184945906250001 0.1044921875 0.815887921875 0.1123046875 0.8237079328125001 0.115234375 0.822404596875 0.1201171875 0.8211012609375 0.12109375 0.8171912562499999 0.1142578125 0.815887921875 0.109375 0.80937124375
0 0.091796875 0.7937312203125 0.0849609375 0.79503455625 0.078125 0.8067645734375001 0.078125 0.8171912562499999 0.0712890625 0.8211012609375 0.0703125 0.8067645734375001 0.0654296875 0.7976412265625 0.0615234375 0.79503455625 0.0517578125 0.7976412265625 0.0458984375 0.78721454375 0.0400390625 0.78721454375 0.044921875 0.804157903125 0.0478515625 0.808067909375 0.0615234375 0.810674578125 0.06640625 0.8197979265625 0.064453125 0.830224609375 0.068359375 0.830224609375 0.0771484375 0.8289212734375001 0.08203125 0.822404596875 0.083984375 0.804157903125 0.091796875 0.7937312203125