0 0.641919228125 0.1855008859375 0.627755515625 0.1891768828125 0.6318134921875 0.19189792187500002 0.642225884375 0.19135223125 0.641919228125 0.1855008859375
0 0.318538584375 0.066520075 0.318845240625 0.0723714203125 0.32290321718750004 0.0750924578125 0.329359853125 0.07377617812500001 0.33020141875000003 0.0649309484375 0.324893003125 0.0632533453125 0.318538584375 0.066520075
0 0.69392660625 0.13192435625 0.6846624359375 0.1294761625 0.683003121875 0.1227178046875 0.6791495828125 0.1238976625 0.6795584578125 0.13169945624999999 0.6875721890625 0.135191084375 0.692039040625 0.145713915625 0.6958925781249999 0.1445340578125 0.69392660625 0.13192435625
0 0.4266321859375 0.2613251796875 0.4163220109375 0.2638213171875 0.4100698109375 0.2690384953125 0.4052724890625 0.277113134375 0.409432684375 0.28178462031249996 0.4306901609375 0.2640462171875 0.4290308453125 0.257287859375 0.4266321859375 0.2613251796875
0 0.6817764984375 0.09931242500000001 0.6607472734375001 0.096502909375 0.6518919765625 0.10185650937499999 0.649799971875 0.11174517343749998 0.656358825 0.11237934062499999 0.663759246875 0.1041682796875 0.6690676625 0.1058458828125 0.6819809359375 0.10321332187500001 0.6817764984375 0.09931242500000001
0 0.49119855 0.24816237187499998 0.48254769062499997 0.25741686874999997 0.48992429531250004 0.2736546234375 0.4962787125 0.27038789375 0.49306230156249997 0.25882162656249996 0.5105684609375001 0.24421353125 0.5090113640625 0.23940562187499997 0.49119855 0.24816237187499998
0 0.38002152968749997 0.11903834375 0.3796126546875 0.11123654999999999 0.3676431671875 0.10697433125 0.3674387296875 0.10307343437500001 0.3578679 0.0947738953125 0.3515134828125 0.098040625 0.3536838890625 0.11455122499999999 0.3643007203125 0.11790643125 0.37461089531249997 0.11541029218750001 0.38002152968749997 0.11903834375
0 0.3387163390625 0.302115053125 0.363190225 0.2959429171875 0.366941546875 0.2928126109375 0.36538444999999997 0.2880047015625 0.35872337656250003 0.2854200859375 0.35716627968750003 0.2806121765625 0.35196008437500004 0.280885021875 0.3510163 0.2877798015625 0.330804825 0.300573871875 0.33111148125 0.30642521718750004 0.340375653125 0.3088734109375 0.3387163390625 0.302115053125
0 0.6022763015625 0.051650010937500004 0.6039594328125 0.0339595546875 0.5893868453125 0.0298337578125 0.5893630296875 0.0542825734375 0.6068453703125 0.0641232921875 0.610596690625 0.060992984375 0.6091418140625 0.0581355234375 0.6022763015625 0.051650010937500004
0 0.4544485171875 0.24422094374999997 0.47027154375 0.2473033046875 0.4753755234375 0.24508001093749998 0.46861223125 0.240544946875 0.4614400640625 0.2282080890625 0.444366596875 0.2261691640625 0.4499816671875 0.2336981125 0.44038702343749997 0.2498473890625 0.4419441203125 0.2546552984375 0.44715031562499996 0.25438245312499996 0.4544485171875 0.24422094374999997
0 0.7106388328125 0.0772638578125 0.7144923703125 0.076084 0.7226083203125 0.08152607656250001 0.7289627375000001 0.0782593484375 0.73125918125 0.0722715796875 0.7203356953125 0.0630650296875 0.7201312578125 0.059164132812500006 0.735136534375 0.04664290625 0.733375003125 0.0379341015625 0.7280665875000001 0.0362564984375 0.723269265625 0.0443311359375 0.7077528937500001 0.0471001203125 0.6917016125 0.064565678125 0.6931564906250001 0.0674231390625 0.70617198125 0.0667410265625 0.712935275 0.071276090625 0.7106388328125 0.0772638578125
0 0.719392965625 0.817077403125 0.715539428125 0.8182572609375001 0.725212475 0.828507246875 0.7330217703125 0.8280979796875 0.7354204296875 0.8240606609375 0.7276111359375 0.824469928125 0.719392965625 0.817077403125
0 0.7121423953125 0.77834128125 0.7057879781249999 0.7816080109375 0.705992415625 0.7855089078125 0.7113008296875 0.7871865109375 0.71556324375 0.7938084453124999 0.71941678125 0.7926285875 0.7175530296875 0.7819693328125 0.7121423953125 0.77834128125
0 0.5847642453125 0.7136299921875 0.5857080296875 0.7067352125 0.5841509328125001 0.7019273015625 0.572079225 0.695714634375 0.570931003125 0.69870851875 0.5791491734374999 0.70610104375 0.579353609375 0.710001940625 0.5717487515624999 0.7143121046875 0.5733058484375 0.7191200140625 0.5847642453125 0.7136299921875
0 0.575656878125 0.7639803265625 0.5625391671875 0.762711990625 0.5523312109375 0.767158578125 0.544317478125 0.7636669484375 0.5404639421875 0.76484680625 0.5526378671875001 0.7730099218750001 0.5654489218750001 0.7684269125000001 0.5760657515625 0.77178211875 0.575656878125 0.7639803265625
0 0.767121071875 0.8810734609375 0.773475490625 0.8778067328124999 0.77191839375 0.8729988234375 0.7571413687499999 0.8649721296875 0.7568347125 0.8591207843750001 0.7642351328125 0.8509097234375 0.76257581875 0.844151365625 0.7514240796875 0.8554927328125 0.749332075 0.865381396875 0.7654617578125 0.8743151031249999 0.767121071875 0.8810734609375
0 0.5522766234375001 0.7163104984374999 0.557380603125 0.7140872046875 0.5533226265625 0.7113661671875 0.5555168515625 0.7034279515625 0.552607096875 0.697713028125 0.5325216562499999 0.6880087328125 0.52887255625 0.6930894875 0.544900021875 0.7000727453125 0.5455133328125 0.711775434375 0.5522766234375001 0.7163104984374999
0 0.575145784375 0.754228084375 0.5913776859375 0.7651122390625 0.6041887406249999 0.760529228125 0.6116913796875 0.754268615625 0.5936741296875 0.7591244703125 0.5870130546875 0.7565398546875 0.58680861875 0.7526389578125 0.5800453250000001 0.74810389375 0.5696329328124999 0.7486495843750001 0.56338073125 0.7538667625000001 0.564835609375 0.7567242234375 0.575145784375 0.754228084375
0 0.719999321875 0.729034384375 0.7016754171875 0.72803889375 0.693559465625 0.7225968171875 0.6805439734375 0.7232789296875 0.6767926546874999 0.7264092359375 0.702084290625 0.7358406875 0.7149975640624999 0.733208125 0.720408196875 0.7368361765625 0.719999321875 0.729034384375
0 0.7540440375 0.7311617859374999 0.7577953578125001 0.7280314796875 0.7563404796875 0.72517401875 0.750929846875 0.7215459671875 0.7327081578125 0.7225009265625 0.7191815734375 0.713430796875 0.70231254375 0.71529276875 0.7038696390625 0.720100678125 0.7169873499999999 0.7213690125000001 0.7331170328125001 0.73030271875 0.7540440375 0.7311617859374999
0 0.7149191593750001 0.7068088625 0.7188749171875 0.7075794515625 0.7226262375 0.7044491453124999 0.7285717796875 0.6933806234375 0.7389841734375 0.6928349328125 0.7387797359375 0.6889340374999999 0.7294133453125 0.6845353953125 0.7313009125 0.670745834375 0.713920790625 0.6628555640625 0.7129770046874999 0.66975034375 0.7210929562499999 0.6751924218750001 0.7213996125000001 0.681043765625 0.7142036296875001 0.6931557234375 0.7149191593750001 0.7068088625
0 0.6130370843749999 0.6554299203125 0.61645793125 0.6708970843750001 0.6258243218749999 0.675295725 0.6336336171875 0.6748864578125 0.63914646875 0.6804649578124999 0.65165086875 0.6700306031250001 0.641238475 0.67057629375 0.63447518125 0.6660412296875 0.63626053125 0.6503012203125 0.63324855625 0.64263585 0.6292928015625 0.641865259375 0.6230406015625001 0.6470824359375 0.6261547937499999 0.6566982546875 0.6130370843749999 0.6554299203125
0 0.790582678125 0.631456609375 0.7722587703125 0.63046111875 0.7685074515625 0.633591425 0.7883884531249999 0.639394825 0.803904825 0.636625840625 0.8108725546875 0.6450618015625 0.8089849875 0.6588513625 0.8211589140625 0.667014478125 0.825012453125 0.6658346203125001 0.8235575765625001 0.662977159375 0.8193973796874999 0.658305671875 0.8210805109375 0.640615215625 0.8127601249999999 0.631272240625 0.814954346875 0.623334025 0.808191053125 0.6187989609375 0.79507334375 0.6175306265625 0.7968348765625 0.6262394328124999 0.790582678125 0.631456609375
0 0.4077912859375 0.8979493312500001 0.40393774687499995 0.899129190625 0.413508575 0.907428728125 0.418816990625 0.90910633125 0.42121565156249996 0.9050690124999999 0.41330413750000006 0.9035278312499999 0.4077912859375 0.8979493312500001
0 0.406683740625 0.7522998765625 0.408547490625 0.7629591312499999 0.41043506093750004 0.7491695703125 0.40471776875 0.7396901734375 0.3985677890625 0.7468578 0.406683740625 0.7522998765625
0 0.431920790625 0.7108832484375001 0.42640793749999994 0.7053047484375 0.41859864375000005 0.7057140171875 0.4049460234375 0.7191422546874999 0.4090039984375 0.72186329375 0.4168132921875 0.7214540265625 0.4241114953125 0.7112925171875 0.4294199109375 0.7129701203125001 0.431920790625 0.7108832484375001
0 0.36787247500000003 0.83354400625 0.35952826875 0.848649846875 0.37711282968750004 0.8604410140625 0.386070346875 0.8570378625 0.38451325000000003 0.852229953125 0.367235346875 0.84629013125 0.36787247500000003 0.83354400625
0 0.4280980234375 0.78736 0.4318493421875 0.78422969375 0.4303944640625 0.7813722328125 0.41487809374999995 0.7841412171875 0.40862589531250004 0.7893583937499999 0.4089325515625 0.7952097390625 0.4144454046875 0.8007882390625 0.4135016203125 0.80768301875 0.4223569171875 0.80232941875 0.41914050625000004 0.7907631515625 0.4280980234375 0.78736
0 0.4939217828125 0.8728994671875 0.4883067125 0.86537051875 0.4984124484375 0.858973484375 0.49665091562499997 0.8502646781250001 0.4886371828125 0.84677305 0.49039871718750006 0.8554818546874999 0.4814412 0.8588850062500001 0.4777921 0.8639657609375 0.47809875625 0.86981710625 0.49037490000000006 0.8799306703124999 0.49422843906249997 0.8787508125000001 0.4939217828125 0.8728994671875
0 0.360802525 0.823157596875 0.37746711875 0.8173947296874999 0.386220196875 0.8100906812499999 0.3846631 0.8052827718750001 0.372056484375 0.8137666781249999 0.36164409062499997 0.8143123687499999 0.35028791406250004 0.8217528390625001 0.3509012265625 0.8334555281249999 0.35506141874999997 0.838127015625 0.36141583593750004 0.8348602859375 0.3584038640625 0.827194915625 0.360802525 0.823157596875
0 0.4692126859375 0.7998738125 0.46755337187499996 0.7931154546875 0.4459892390625 0.8050025125 0.4465003328125 0.8147547546875 0.45471850312499995 0.8221472796875 0.45127383906249996 0.83112893125 0.45908313281249996 0.8307196625 0.4653353328125 0.8255024859375 0.4566060703125 0.80835771875 0.4692126859375 0.7998738125
0 0.35960667343749997 0.8750491109375 0.3674159671875 0.87463984375 0.391252728125 0.8812138328125 0.4039615625 0.874680375 0.42208103125 0.8717749687499999 0.42447969218750004 0.8677376484374999 0.40365490625 0.8688290296875 0.38563765625 0.873684884375 0.3723155078125 0.868515653125 0.362005334375 0.8710117921875 0.3485809671875 0.8638921109375 0.3373270078125 0.8732830312500001 0.35149072187499997 0.869607034375 0.35960667343749997 0.8750491109375
0 0.7101654640625 0.24255421875 0.703708828125 0.24387050000000002 0.70516370625 0.2467279609375 0.7117225609375 0.24736212812499997 0.7132796578125 0.2521700375 0.7171331953125 0.2509901796875 0.7155760984375 0.2461822703125 0.7101654640625 0.24255421875
0 0.69444465625 0.24142230625 0.68393004375 0.2400175484375 0.6776778453125 0.245234725 0.6946490937500001 0.24532320312499997 0.69444465625 0.24142230625
0 0.637898978125 0.35782245 0.6340454421875 0.359002309375 0.6437184874999999 0.36925229531250003 0.6540286625 0.36675615625 0.6614290828125 0.3585450953125 0.6461171484375 0.3652149765625 0.637898978125 0.35782245
0 0.6828671828124999 0.3691564046875 0.68672071875 0.367976546875 0.6874600656250001 0.35718086875 0.6782981109375 0.356683125 0.6761038875 0.36462134062499996 0.6828671828124999 0.3691564046875
0 0.6553029171875 0.34126390624999997 0.6465498390625 0.3485679546875 0.6480047156250001 0.35142541562499996 0.6556095734375 0.3471152515625 0.66382774375 0.3545077765625 0.669033940625 0.35423493125 0.668829503125 0.350334034375 0.6553029171875 0.34126390624999997
0 0.6659267046874999 0.444364821875 0.6796815421875 0.43288703125000005 0.678124446875 0.428079121875 0.6729182484375 0.4283519671875 0.6566625328125 0.441916628125 0.6659267046874999 0.444364821875
0 0.6294356953125 0.49517236875000004 0.6217286203125 0.49753208437499996 0.6060078109375 0.49640017187499996 0.6022564906250001 0.49953047812499995 0.6117251015625 0.5058795671875 0.616931296875 0.505606721875 0.6219330578125 0.50143298125 0.6298445703125 0.5029741609375 0.6294356953125 0.49517236875000004
0 0.7112184234375001 0.3373555953125 0.7095591078125 0.33059723750000003 0.7042506921875 0.328919634375 0.703306909375 0.335814415625 0.6905980734375 0.3423478734375 0.6884038484375 0.35028608906250003 0.6925640453125 0.35495757656250004 0.69641758125 0.35377771875 0.6959064890625 0.34402547656250004 0.7112184234375001 0.3373555953125
0 0.71242123125 0.385209790625 0.71617255 0.382079484375 0.7146154546875 0.377271575 0.7091026015625 0.371693075 0.70129330625 0.37210234375 0.692438009375 0.3774559421875 0.6901415656250001 0.3834437109375 0.697007078125 0.38992922343749997 0.702213275 0.389656378125 0.7046119375 0.3856190578125 0.71242123125 0.385209790625
0 0.7040532109375001 0.424764446875 0.6916510312499999 0.43714924999999993 0.6813408562500001 0.43964538906249995 0.6725877765625 0.4469494375 0.674758184375 0.46346003593749996 0.6861143625 0.456019565625 0.6857054890625001 0.448217771875 0.7059169625 0.43542370156250004 0.7040532109375001 0.424764446875
0 0.6048119578125 0.5482916859375 0.616883665625 0.554504353125 0.6206349859375 0.551374046875 0.6152243515625 0.5477459953125 0.62147655 0.5425288171875 0.63428760625 0.5379458078125 0.642505775 0.545338334375 0.6420969000000001 0.537536540625 0.632730509375 0.5331378984375 0.6216025859375 0.5200304515624999 0.626502125 0.5139062609375 0.6199432703125 0.51327209375 0.613691071875 0.5184892703124999 0.6197150171875 0.5338200109375 0.6070061828125 0.5403534703124999 0.6048119578125 0.5482916859375
0 0.663040765625 0.414201084375 0.6607443234375 0.42018885156249997 0.6480354875 0.426722309375 0.6484443625 0.43452410312499995 0.6551054359374999 0.43710871874999996 0.6599027578125 0.4290340796875 0.6701107140625 0.4245874921875 0.6754191296875 0.4262650953125 0.6857293046875 0.4237689578125 0.687719090625 0.41192984531250004 0.6824106750000001 0.4102522421875 0.6749080375000001 0.4165128546875 0.670441184375 0.4059900234375 0.6663832109375 0.40326898437500003 0.6559708171875 0.403814675 0.654822596875 0.4068085578125 0.6601310109375 0.4084861609375 0.663040765625 0.414201084375