0 0.3617119984375 0.7955598375 0.355666475 0.7993679609375001 0.363954028125 0.802147859375 0.3644976734375 0.8060160937499999 0.37163048593750003 0.809944440625 0.376793090625 0.809218884375 0.376249446875 0.80535065 0.3617119984375 0.7955598375
0 0.8221160609375 0.38175371875 0.8189236609374999 0.3871331796875 0.8317627249999999 0.3942042046875 0.8380800718750001 0.3923302 0.8295206953125 0.387616184375 0.82897705 0.38374795 0.8347507500000001 0.378005709375 0.8221160609375 0.38175371875
0 0.9230627312499999 0.44448705000000005 0.91735648125 0.441344371875 0.9110391359375001 0.4432183765625 0.92578095625 0.46382822343749996 0.9230627312499999 0.44448705000000005
0 0.7203721125 0.6504821109375001 0.7107254484375 0.638031625 0.7086203390625 0.65114755625 0.721731225 0.6601526984375 0.7203721125 0.6504821109375001
0 0.837133746875 0.4792452546875 0.8304771265625 0.48807005937500003 0.8399194218750001 0.48970151093750003 0.8474589578125 0.47779414062500003 0.8457605734375001 0.47507435468750003 0.8369293750000001 0.4684262203125 0.837133746875 0.4792452546875
0 0.9529632015624999 0.6572399546875001 0.9635602359375 0.6577229578125 0.9630165906249999 0.6538547234375 0.9558837796875 0.6499263765625 0.950788621875 0.6417670156249999 0.9404634109375 0.6432181296875 0.9342135171875 0.6362072171875 0.92816799375 0.6400153390625001 0.9329913265625001 0.6462405828125 0.9478680484374999 0.64908059375 0.9529632015624999 0.6572399546875001
0 0.8967161671874999 0.6316155296875 0.8901944484375001 0.6226705 0.8723971531249999 0.627144065625 0.8609846515624999 0.6208587109375 0.854939128125 0.6246668328125 0.868050015625 0.633671975 0.8858473109375 0.6291984078125 0.8944066875000001 0.633912425 0.8967161671874999 0.6316155296875
0 0.642536415625 0.8645701109375 0.6606055328125 0.8620306624999999 0.65951824375 0.85429419375 0.65666511875 0.8527228546875 0.652046159375 0.8573166453125 0.6342488625 0.8617902125000001 0.6210705265625001 0.8616699875 0.6201876078125 0.8647525515625001 0.62473911875 0.8690436781249999 0.6353361515625 0.86952668125 0.642536415625 0.8645701109375
0 0.63091145625 0.697570578125 0.6312507296875001 0.6906197781250001 0.6237786437499999 0.6936422296875 0.6126379656250001 0.6892909921875 0.61229869375 0.6962417921874999 0.597898165625 0.7061549312500001 0.6050309796875 0.710083278125 0.6148125453125 0.70476393125 0.62513775625 0.7033128171875 0.63091145625 0.697570578125
0 0.9823672671875 0.4825018484375 0.979581590625 0.4720455921875 0.96932383125 0.4646117890625 0.9705460203125 0.4545784234375 0.9671492515625 0.44913885000000003 0.9605600828125 0.4490787375 0.9589986203124999 0.466062903125 0.9740797125 0.4797219484375 0.9765935656250001 0.48824408750000003 0.9823672671875 0.4825018484375
0 0.8575838375 0.540471565625 0.8633575390624999 0.534729325 0.8605718640625 0.52427306875 0.851605765625 0.5353947703124999 0.8412805546875 0.5368458828125 0.8331973734375 0.54488501875 0.8325188265625 0.55878661875 0.8367985171875001 0.5611436265624999 0.842572215625 0.5554013875 0.8437944078124999 0.545368021875 0.8575838375 0.540471565625
0 0.8768690843750001 0.4154773921875 0.8760536171875 0.409675040625 0.87150210625 0.405383915625 0.8721806515624999 0.391482315625 0.842494659375 0.376917375 0.8421553875000001 0.38386817500000003 0.8621272624999999 0.394867546875 0.8603614281249999 0.40103267656249997 0.8671549687500001 0.4119118234375 0.8768690843750001 0.4154773921875
0 0.768260103125 0.6072639828125 0.7717243234375 0.6038186390625 0.782049534375 0.602367525 0.78408719375 0.5981365125 0.76316495 0.599104621875 0.7559646859375 0.6040611921875 0.74047686875 0.6062378625 0.7370126484374999 0.6096832062499999 0.7524330140625 0.616391453125 0.7656113515625 0.616511678125 0.7690755703125001 0.613066334375 0.768260103125 0.6072639828125
0 0.36311632656250004 0.3841338609375 0.36488216093750003 0.37796873125 0.36264013125 0.371380709375 0.357410075 0.380991184375 0.3593802828125 0.38564508750000004 0.36311632656250004 0.3841338609375
0 0.1831711296875 0.3867418359375 0.1702646171875 0.388555728125 0.1624532578125 0.3985289796875 0.183714775 0.3906100703125 0.1831711296875 0.3867418359375
0 0.2248051828125 0.2615652234375 0.22514445625 0.25461442343749996 0.21536289062499997 0.259933771875 0.20734715937499998 0.2590879890625 0.2015734578125 0.264830228125 0.2069404359375 0.27492370625 0.21067647968749997 0.27341247968750004 0.2098610125 0.26761012812499996 0.21332523124999997 0.264164784375 0.2248051828125 0.2615652234375
0 0.35658652343749997 0.2252936875 0.3546163140625 0.220639784375 0.3468724078125 0.22172811874999998 0.3413705296875 0.2294044765625 0.3427296421875 0.2390750625 0.34728115000000004 0.2433661875 0.3510171953125 0.24185496093749997 0.3476204234375 0.23641538906249998 0.3496580828125 0.23218437500000003 0.35658652343749997 0.2252936875
0 0.3187559640625 0.3400741578125 0.3101291390625 0.3442450578125 0.3106727828125 0.3481132921875 0.3161072109375 0.349321853125 0.31712704999999997 0.36594323906250004 0.3254820546875 0.359838221875 0.32446221406250003 0.343216834375 0.3187559640625 0.3400741578125
0 0.22582704374999998 0.3156603953125 0.21285307968749997 0.3263592046875 0.213396725 0.3302274390625 0.22052953749999998 0.3341557859375 0.2291563640625 0.32998488593749997 0.23295985625 0.3195887421875 0.23098964843749997 0.3149348390625 0.22582704374999998 0.3156603953125
0 0.289681065625 0.32049253437499997 0.28512955624999997 0.3162014078125 0.2832268 0.3026625875 0.2789471109375 0.30030557812500003 0.2660405984375 0.30211947031249997 0.2731734109375 0.30604781718749996 0.2776574703125 0.3192238609375 0.29076835624999997 0.32822900312500003 0.289681065625 0.32049253437499997
0 0.15667349375 0.2918498625 0.1421360453125 0.28205905 0.1384000015625 0.2835702765625 0.13921546875 0.28937262812500003 0.1506279703125 0.295657984375 0.150221246875 0.3114937 0.15735406093749998 0.3154220484375 0.161090103125 0.313910821875 0.15667349375 0.2918498625
0 0.3754751515625 0.3035041625 0.3726894765625 0.29304790625 0.3629753609375 0.2894823375 0.3595785921875 0.2840427640625 0.36052895937499996 0.27207528124999997 0.356249271875 0.2697182734375 0.35074739374999997 0.2773946296875 0.3497970265625 0.2893621125 0.36942962968750004 0.307312284375 0.3754751515625 0.3035041625
0 0.19248054375 0.4436169078125 0.18826830781249998 0.43237498125 0.1977780515625 0.425121515625 0.19872841875 0.41315403437500003 0.207083421875 0.407049015625 0.21482732968749998 0.40596068125 0.2168649875 0.40172966718750003 0.1939050859375 0.406928790625 0.18813138437500002 0.4126710296875 0.189218675 0.42040749999999993 0.1776712734375 0.431891978125 0.184192990625 0.4408370078125 0.18555210312499998 0.4505075953125 0.189831790625 0.452864603125 0.19248054375 0.4436169078125
0 0.24186456875 0.42977331718749995 0.24818191406249998 0.4278993125 0.2551778046875 0.41212370781249996 0.2712767171875 0.40493035468749994 0.2710723453125 0.3941113203125 0.2682192203125 0.39253998125 0.25898129999999997 0.4017275640625 0.24675333125 0.38963985624999997 0.2407078078125 0.3934479796875 0.246414059375 0.39659065625 0.24777317187499998 0.40626124375000006 0.241116553125 0.4150860484375 0.24186456875 0.42977331718749995
0 0.284442925 0.1802078640625 0.2809112546875 0.192538125 0.283085834375 0.2080110625 0.30733739843749996 0.22136744375 0.31080161875 0.2179221 0.3088314125 0.21326819531250002 0.2905579203125 0.2049886109375 0.29164318906250003 0.17525129374999998 0.2845103765625 0.171322946875 0.2770382890625 0.1743454 0.26644125625 0.1738623953125 0.2655583390625 0.1769449609375 0.272691153125 0.1808733078125 0.284442925 0.1802078640625
0 0.1907659890625 0.1411068328125 0.1993253640625 0.14582085 0.19878172031250002 0.14195261406249998 0.19307546874999998 0.13880993749999998 0.18159551875 0.1414094984375 0.1907659890625 0.1411068328125
0 0.180714621875 0.18196585 0.18676014531250001 0.178157728125 0.18451811406250002 0.17156970625 0.1731056140625 0.16528435 0.16964139375 0.16872969375 0.180714621875 0.18196585
0 0.2782564375 0.08936446249999999 0.2840301375 0.0836222234375 0.282331753125 0.08090243593749999 0.2777127921875 0.08549622812499999 0.2699688859375 0.08658456249999999 0.25882820624999997 0.082233325 0.2510842984375 0.083321659375 0.2435447625 0.0952290296875 0.24755262656250002 0.0956519203125 0.251899765625 0.0891240125 0.2782564375 0.08936446249999999
0 0.2320668328125 0.13530237812499998 0.2403543859375 0.1380822765625 0.23981074218749998 0.1342140421875 0.2366857921875 0.1307085859375 0.2289418859375 0.131796921875 0.21494808124999998 0.12587434375 0.198033703125 0.1272653453125 0.2054383375 0.133127809375 0.2131822453125 0.132039475 0.22432292343750002 0.1363907125 0.2320668328125 0.13530237812499998
0 0.3546163140625 0.220639784375 0.3491818875 0.2194312234375 0.34109870625 0.2274703578125 0.3427296421875 0.2390750625 0.34755297343749997 0.24530030625000002 0.3512890171875 0.24378907968750002 0.34992990625 0.2341184921875 0.3568583453125 0.22722780468749998 0.3546163140625 0.220639784375
0 0.1343840515625 0.13325224062500002 0.1447092625 0.131801128125 0.15449082812499998 0.12648177968750002 0.1565284859375 0.122250765625 0.151094059375 0.12104220624999999 0.1438937953125 0.125998775 0.1361498859375 0.1270871109375 0.131598378125 0.1227959859375 0.130239265625 0.1131253984375 0.125076659375 0.11385095625 0.1272512390625 0.12932389375 0.1343840515625 0.13325224062500002
0 0.16148874062500002 0.14817996093750002 0.16067327343749999 0.142377609375 0.1699111953125 0.133190025 0.1699786453125 0.1243051078125 0.1645442171875 0.1230965484375 0.164476765625 0.131981465625 0.1526575421875 0.14153182656250002 0.1540166546875 0.15120241406249998 0.1642744171875 0.1586362171875 0.16801045781249999 0.15712499062500002 0.1674668140625 0.15325675625 0.16148874062500002 0.14817996093750002
0 0.375203328125 0.3015700453125 0.3729613 0.2949820234375 0.3595785921875 0.2840427640625 0.359102396875 0.2712896125 0.35360051875 0.27896596875 0.35237832812500003 0.288999334375 0.3640626515625 0.2972188078125 0.3622968171875 0.3033839375 0.366576503125 0.3057409453125 0.375203328125 0.3015700453125
0 0.4387160578125 0.27587919843750003 0.455291165625 0.281438996875 0.45902720625000004 0.2799277703125 0.45732882343750003 0.2772079828125 0.448497625 0.27055985 0.43620220625000006 0.267357059375 0.4325336125 0.25998336875 0.42540079999999997 0.256055021875 0.4190834546875 0.2579290265625 0.42791465312500004 0.26457715937500004 0.42873012031249996 0.27037951250000003 0.4387160578125 0.27587919843750003
0 0.5170994453125 0.1406070046875 0.511665015625 0.13939844375 0.49210188437499996 0.150037140625 0.48429052656250005 0.16001039374999998 0.48829839062499997 0.16043328437499998 0.4929173515625 0.15583949218749998 0.5135677734375 0.152937265625 0.5193414734374999 0.1471950265625 0.5170994453125 0.1406070046875
0 0.442515509375 0.1905354828125 0.45025941718749996 0.189447146875 0.44998759374999997 0.1875130296875 0.426212225 0.1869098015625 0.417109203125 0.17832755 0.40562925312500003 0.1809271109375 0.4173135765625 0.189146584375 0.419216334375 0.20268540625 0.423496021875 0.2050424140625 0.43354941093750005 0.2016571828125 0.442515509375 0.1905354828125
0 0.5844217296875 0.216941371875 0.573485425 0.22340916718749998 0.5677791734375 0.22026649062499998 0.5671680796875 0.225283171875 0.571447765625 0.22764018125000002 0.5866637609375001 0.22352939218749998 0.5923700109375 0.22667207031249997 0.602695221875 0.22522095625 0.6061594421875001 0.22177561250000002 0.6041892359375 0.21712170937500003 0.5893799625 0.20539677968749998 0.5813642328124999 0.20455099843750002 0.5715826671875 0.209870346875 0.5696124593749999 0.20521644218750001 0.5644498546875 0.2059419984375 0.568118446875 0.213315690625 0.5772889171875 0.2130130234375 0.5844217296875 0.216941371875
0 0.284442925 0.1802078640625 0.2809112546875 0.192538125 0.2862107828125 0.21151651875000002 0.298234378125 0.2127851921875 0.30733739843749996 0.22136744375 0.3110734421875 0.21985621718749998 0.308559590625 0.211334078125 0.2905579203125 0.2049886109375 0.29164318906250003 0.17525129374999998 0.2845103765625 0.171322946875 0.27445698749999997 0.174708178125 0.263316309375 0.1703569390625 0.2629770359375 0.1773077390625 0.2672567234375 0.1796647484375 0.284442925 0.1802078640625
0 0.6050168296875 0.4477667765625 0.5998542234375 0.448492334375 0.5940805234375001 0.4542345734375 0.59605073125 0.4588884765625 0.6050168296875 0.4477667765625
0 0.73571088125 0.4037587734375 0.732246659375 0.4072041171875 0.7330621265625 0.41300646875 0.743048065625 0.41850615468749996 0.7425044203125 0.4146379203125 0.7353716078125 0.41070957343750003 0.73571088125 0.4037587734375
0 0.6423118296875 0.4790132171875 0.637421046875 0.48167289062499996 0.6391194312499999 0.48439267812500003 0.6500557375 0.47792488125 0.6478137078125 0.47133686093750005 0.6389825109375 0.4646887265625 0.6423118296875 0.4790132171875
0 0.5122943046875 0.47164583593750004 0.5103240953125 0.46699193125000005 0.5057051343750001 0.4715857234375 0.490489140625 0.4756965109375 0.4870249203125 0.4791418546875 0.48784038750000003 0.48494420624999995 0.49184825312499997 0.485367096875 0.49592357031249995 0.476905071875 0.5088300828125 0.47509117968750003 0.5122943046875 0.47164583593750004
0 0.4724200234375 0.47823595937499996 0.4649479375 0.4812584125 0.46406501875000006 0.484340978125 0.47119783125000003 0.488269325 0.478941740625 0.4871809890625 0.48240596093750004 0.4837356453125 0.480435753125 0.47908174218750005 0.4724200234375 0.47823595937499996
0 0.564533475 0.49684737031250004 0.561069253125 0.5002927140625 0.5641942015625 0.5037981703125001 0.559575240625 0.5083919609375 0.5677953453125 0.5200567781250001 0.5715313859375 0.5185455515624999 0.5679302453124999 0.5022869437499999 0.564533475 0.49684737031250004
0 0.6184669890625 0.44982111874999997 0.6092965171875 0.4501237859375 0.622407403125 0.459128928125 0.63076240625 0.453023909375 0.6302862124999999 0.44027075781249997 0.6228141265625 0.44329321093749996 0.6184669890625 0.44982111874999997
0 0.511141584375 0.5102680687500001 0.505367884375 0.5160103078125 0.5064551749999999 0.523746778125 0.5029909546875 0.527192121875 0.48465001250000006 0.527797453125 0.48145761406250004 0.5331769140625 0.5061159015625 0.5306975781250001 0.5118896015625001 0.5249553390624999 0.511141584375 0.5102680687500001
0 0.536746196875 0.420873678125 0.547615053125 0.4232908 0.5475476031250001 0.432175715625 0.558416459375 0.4345928375 0.56303541875 0.4299990453125 0.550535628125 0.41597722031249995 0.536746196875 0.420873678125
0 0.58477313125 0.43483328749999994 0.5767574 0.43398750625 0.5689460421875 0.4439607578125 0.5705769765625 0.45556546249999996 0.5748566640624999 0.4579224703125 0.581174009375 0.456048465625 0.579271253125 0.44250964374999996 0.5864715171875 0.43755307343750005 0.58477313125 0.43483328749999994
0 0.46460664375 0.4507354265625 0.47126326093750004 0.44191062187499996 0.469293053125 0.4372567171875 0.463586803125 0.43411404062500003 0.45726945625 0.4359880453125 0.4629757078125 0.43913072187499996 0.463791175 0.44493307499999996 0.452243775 0.456417553125 0.4601920546875 0.4661482515625 0.46392809843749994 0.46463702656250006 0.46460664375 0.4507354265625
0 0.691080715625 0.3952387375 0.684830821875 0.388227825 0.67796983125 0.3862335953125 0.6750492546875 0.3935471734375 0.6818427953125 0.40442632031250003 0.6946818593749999 0.4114973453125 0.693866390625 0.40569499374999995 0.691080715625 0.3952387375
0 0.6967849453125 0.3609076296875 0.695019109375 0.367072759375 0.6995031703125 0.38024880156249996 0.6951560328124999 0.3867767109375 0.6971262406250001 0.391430615625 0.704598325 0.3884081625 0.710983121875 0.377649240625 0.7221238 0.38200047812500004 0.7350303140625 0.3801865859375 0.7416869328125 0.37136178124999997 0.7264709375 0.37547257031250003 0.7150584359375001 0.3691872140625 0.7073145281250001 0.37027555 0.703034840625 0.36791854062499996 0.704528853125 0.35981929375 0.6973960406249999 0.355890946875 0.6910786953125 0.3577649515625 0.6967849453125 0.3609076296875
0 0.5078122656249999 0.495943578125 0.512091953125 0.4983005875 0.522484615625 0.48796455625 0.518816021875 0.480590865625 0.527442846875 0.4764199640625 0.532672903125 0.46680949062500005 0.5468016078125 0.45496223281250003 0.5465972359375 0.4441431984375 0.543811559375 0.4336869421875 0.5349129125000001 0.43592372656249995 0.533079625 0.4509737734375 0.5218040484375 0.4643923703125 0.5203100359375 0.4724916171875 0.5082189875 0.48010786093749996 0.512159403125 0.4894156703125 0.5078122656249999 0.495943578125
0 0.3614280484375 0.5687830046875 0.3522575765625 0.5690856703125 0.3599340359375 0.576882253125 0.3636700765625 0.5753710265625 0.3614280484375 0.5687830046875
0 0.4368375578125 0.7120258078124999 0.41448875 0.71220825 0.4190402609375 0.7164993749999999 0.4270559921875 0.7173451562500001 0.43765302500000003 0.7178281609375 0.4453969328125 0.716739825 0.445125109375 0.7148057078125001 0.4368375578125 0.7120258078124999
0 0.38527693125 0.6729226749999999 0.37576718750000004 0.680176140625 0.3805905203125 0.6864013828125 0.3956021421875 0.6714715609375 0.39390375781250003 0.6687517734374999 0.3858880265625 0.6679059921875 0.38527693125 0.6729226749999999
0 0.384798715625 0.6226957359374999 0.37623934062500003 0.6179817203125 0.3647593890625 0.62058128125 0.383304703125 0.630794984375 0.388467309375 0.6300694265625 0.394241009375 0.6243271874999999 0.3922708015625 0.619673284375 0.384798715625 0.6226957359374999
0 0.3941061078125 0.642097021875 0.39329064062499997 0.6362946703125 0.38670147187500004 0.6362345578124999 0.3905744375 0.6544272828125 0.39539776875 0.6606525265625 0.40144329375 0.656844403125 0.39838579531249996 0.64445403125 0.3941061078125 0.642097021875
0 0.4254270765625 0.7432142390625 0.42637744531250005 0.73124675625 0.42012755 0.72423584375 0.40205843281250003 0.72677529375 0.3943819734375 0.7189787109375 0.3892193671875 0.7197042687499999 0.3934316046875 0.73094619375 0.40029259531249994 0.7329404234375 0.4155085890625 0.7288296359374999 0.4254270765625 0.7432142390625
0 0.46955881093749996 0.3267694765625 0.46181490468749997 0.3278578125 0.44884094062499996 0.338556621875 0.4496564078125 0.3443589734375 0.45393609531249995 0.34671598124999997 0.461680003125 0.345627646875 0.46514422343749995 0.34218230312500003 0.466094590625 0.3302148203125 0.46955881093749996 0.3267694765625
0 0.4722790578125 0.38358443593749997 0.47805275937499997 0.377842196875 0.47608255 0.3731882921875 0.44809494375 0.36134313906250004 0.4377697328125 0.3627942515625 0.43430551250000005 0.3662395953125 0.4434759828125 0.3659369296875 0.45488848437499996 0.3722222859375 0.4629042140625 0.3730680671875 0.470037028125 0.3769964140625 0.4722790578125 0.38358443593749997
0 0.7013283703125001 0.2153036109375 0.6787751906249999 0.20466701718750002 0.6689936249999999 0.209986365625 0.6543887265625 0.2090804703125 0.6592120593749999 0.21530571406250001 0.6795906578124999 0.21046936875000002 0.693856284375 0.2183260640625 0.7016001921874999 0.21723772812500003 0.7013283703125001 0.2153036109375
0 0.664850859375 0.227333309375 0.662880653125 0.22267940468749997 0.652487990625 0.2330154359375 0.64460918125 0.2518736046875 0.6454246484375 0.25767595781249997 0.655682409375 0.2651097609375 0.652896734375 0.2546535046875 0.6592815296875 0.2438945828125 0.658194240625 0.23615811406249998 0.664850859375 0.227333309375