0 0.612002815625 0.8964878828125 0.6129549203125 0.8887336156250001 0.6242559875 0.8822500421875 0.6240334843750001 0.8733676546875 0.6216997921875 0.8602904609375001 0.61793794375 0.85884466875 0.6137000421875001 0.8612760078124999 0.6141450500000001 0.8790407828125 0.6056692484374999 0.8839034625 0.60447911875 0.893596296875 0.6080029390624999 0.89698065625 0.612002815625 0.8964878828125
0 0.5373195140625 0.8095901171875 0.53827161875 0.80183585 0.5178117171875 0.7973558984375 0.52089053125 0.782975484375 0.5157160484375 0.7823401375000001 0.509589465625 0.7894590578125 0.5086373609375 0.797213325 0.51216118125 0.800597684375 0.5326210828125 0.8050776374999999 0.5373195140625 0.8095901171875
0 0.6053639468750001 0.7687501078125 0.595253009375 0.7655408484375 0.5881898421875 0.76959308125 0.587713790625 0.773470215625 0.5728888999999999 0.776569428125 0.56558770625 0.7825602296875 0.5881743203124999 0.7804140359375 0.595951565625 0.7705461015624999 0.6053639468750001 0.7687501078125
0 0.7349536546875 0.46194373125 0.73119180625 0.46049793906250003 0.730477728125 0.46631363906249995 0.73400155 0.4696979984375 0.7349536546875 0.46194373125
0 0.584841928125 0.315605809375 0.582953240625 0.3202933890625 0.576366128125 0.3204684890625 0.5631763734375 0.33163964375 0.575890075 0.324345621875 0.58906430625 0.32399542187499997 0.589778384375 0.318179721875 0.584841928125 0.315605809375
0 0.7260431859375001 0.27784495 0.7189800187500001 0.2818971828125 0.7135519875 0.29402135625 0.7260276640625001 0.28866590312499996 0.726503715625 0.2847887703125 0.7375667578125 0.2802437625 0.7366301765625 0.2771770765625 0.7260431859375001 0.27784495
0 0.6014520265625001 0.543941425 0.599325315625 0.550567571875 0.6134206046874999 0.5641050109375 0.616468375 0.5713665046874999 0.6218808828125 0.570063284375 0.621182328125 0.56505803125 0.6014520265625001 0.543941425
0 0.5993408375 0.53974661875 0.6000549171875 0.5339309171875 0.591817140625 0.53685503125 0.5739444796875001 0.5326927515625 0.564294071875 0.5364273125000001 0.5605167015625 0.5458024734375 0.573468428125 0.5365698859375 0.5812301515625 0.5375229046875 0.588515821875 0.5423530578125 0.5993408375 0.53974661875
0 0.5290817125 0.3205660703125 0.5363673828125 0.32539622343749997 0.5417798890625 0.324093003125 0.5323830296875001 0.31506804375 0.5272085484375 0.31443269687500003 0.5086218109375 0.31608611875000003 0.49825732343749995 0.325636378125 0.502019171875 0.327082171875 0.5133202406249999 0.3205985984375 0.5213199890625 0.31961305156250003 0.5290817125 0.3205660703125
0 0.5729095796875 0.43417605156250005 0.5611635046875 0.42289485156250006 0.5456400593749999 0.4209888109375 0.5362432 0.4119638515625 0.52706884375 0.41182127812499997 0.542338740625 0.42648683906249996 0.5555129703125 0.42613663749999997 0.572433528125 0.438053184375 0.5729095796875 0.43417605156250005
0 0.59059078125 0.40781403593750004 0.5901302515625 0.400870215625 0.5607184984375 0.405130078125 0.552956775 0.4041770578125 0.5456711046875 0.3993469046875 0.54378241875 0.404034484375 0.5522426968749999 0.40999275781250005 0.5708294359375 0.4083393375 0.5835276140625 0.41186627031249995 0.59059078125 0.40781403593750004
0 0.7577575875 0.3083041890625 0.757535084375 0.2994218015625 0.7488212562500001 0.30622304843750003 0.7328217593749999 0.30819414375 0.722933325 0.3138672703125 0.7168067390624999 0.320986190625 0.71750529375 0.32599144375 0.7372821625 0.3146451890625 0.747869153125 0.313977315625 0.7577575875 0.3083041890625
0 0.598875125 0.3724270625 0.61204935625 0.3720768625 0.6350964984374999 0.37687448749999997 0.641921640625 0.3747608203125 0.6438103265625 0.370073240625 0.6332233359375 0.3707411140625 0.625937665625 0.36591096093750003 0.6155887015625 0.36464026875 0.6073509265625 0.36756438125 0.5970019625 0.36629368906250004 0.5923035343749999 0.361781209375 0.5883036578125 0.3622739828125 0.598875125 0.3724270625
0 0.698649484375 0.35122533906250003 0.7195854374999999 0.3518281578125 0.7238233375 0.34939681718750004 0.7250289921874999 0.32888303125 0.717965821875 0.33293526406249996 0.7196009609375 0.3410072046875 0.7043000171875 0.3479835515625 0.6946651312500001 0.3408971578125 0.677253 0.3436786984375 0.6807768234375 0.34706305937500004 0.6913638125 0.34639518593749996 0.698649484375 0.35122533906250003
0 0.799355240625 0.172714565625 0.7941652359375 0.18290017187500002 0.7993397171875001 0.18353551875000002 0.8042916953124999 0.17528847812499998 0.8221643562500001 0.1794507578125 0.831814765625 0.1757161984375 0.8308781828124999 0.1726495109375 0.799355240625 0.172714565625
0 0.7572970578125 0.30136036875 0.745995990625 0.3078439421875 0.7299964921875 0.3098150359375 0.7165687125 0.32292475781249996 0.7203305609374999 0.32437055 0.7346949234375 0.3143275171875 0.7506944203125 0.3123564234375 0.7549323218749999 0.30992508281250003 0.7572970578125 0.30136036875
0 0.564599346875 0.1596325078125 0.568599221875 0.159139734375 0.5709639578125 0.1505750203125 0.5761384406250001 0.1512103671875 0.5831860843750001 0.1579790859375 0.5862493796875 0.1544196265625 0.579439759375 0.145712340625 0.5690907953125001 0.144441646875 0.5669796078125 0.14024684062499998 0.5594559109375 0.13735525312500002 0.5528687953125 0.1375303546875 0.5547419578125 0.143663728125 0.562027628125 0.14849388125000001 0.564599346875 0.1596325078125
0 0.7069338265625 0.3158383640625 0.70271145 0.3074487515625 0.7064888218750001 0.298073590625 0.7229643703125 0.29222536250000003 0.726503715625 0.2847887703125 0.740392025 0.27862286875 0.7394554453125 0.2755561828125 0.7234559453125 0.2775272765625 0.7156787 0.2873952109375 0.7086155328125 0.29144744375 0.7008538093750001 0.2904944234375 0.693552615625 0.29648522499999996 0.7017593453125001 0.3152030171875 0.6998706593749999 0.3198905984375 0.7069338265625 0.3158383640625
0 0.5981558640625 0.2178670265625 0.6024092875 0.2046147328125 0.6268845859375001 0.197780959375 0.6278522125 0.17920573906249998 0.627153659375 0.17420048593749998 0.62080456875 0.17243701875 0.6087739 0.19555724531250002 0.5967742765625 0.19703556718749998 0.589711109375 0.20108779999999998 0.5856957109375001 0.21240152656250003 0.5887434828125 0.21966302031249998 0.5981558640625 0.2178670265625
0 0.5986008703125 0.2356318 0.59812481875 0.239508934375 0.6157439296875 0.2564307328125 0.631743428125 0.2544596390625 0.6458387171875 0.26799707968750003 0.6498385921875001 0.26750430625 0.65031464375 0.263627171875 0.646092265625 0.255237559375 0.6576158375000001 0.257636371875 0.6618537390625 0.25520503125 0.6616312343749999 0.24632264531249998 0.65717083125 0.2398715984375 0.6519963484375 0.2392362515625 0.6423459406250001 0.2429708125 0.6428064703125 0.2499146328125 0.6352827734375001 0.24702304531250002 0.6169340609375 0.2467379 0.6075372015625 0.23771294062499998 0.5986008703125 0.2356318
0 0.6263102140625 0.106208078125 0.6016124125 0.104159465625 0.605136234375 0.107543825 0.6206596796875 0.10944986406249999 0.6406280078125001 0.12862790468750002 0.633549315625 0.143501090625 0.638708275 0.154957390625 0.6565809359375 0.15911967031250002 0.6662158218750001 0.1662060640625 0.6716283296875 0.16490284375 0.6648187109375 0.15619555624999998 0.64694605 0.152033278125 0.643422228125 0.1486489171875 0.6446123578125 0.138956084375 0.65026289375 0.135714296875 0.6521826234375 0.10938480937499999 0.64088155625 0.115868384375 0.6263102140625 0.106208078125
0 0.31644674687499996 0.6299664234375 0.31103423750000003 0.6312696437499999 0.31197081875 0.6343363296875 0.3216212265625 0.63060176875 0.320922671875 0.6255965156250001 0.31433555625 0.6257716156249999 0.31644674687499996 0.6299664234375
0 0.303908978125 0.678605690625 0.2963852828125 0.6757141046874999 0.286496846875 0.68138723125 0.2928459359375 0.6831506984375 0.303908978125 0.678605690625
0 0.37965304375 0.6820025140625 0.3568594515625 0.66444536875 0.3563834 0.6683225015625001 0.3742405359375 0.683305734375 0.37965304375 0.6820025140625
0 0.2673564421875 0.741022553125 0.2680860421875 0.7243858999999999 0.264562221875 0.7210015390625 0.26032431875 0.7234328796875 0.2621974828125 0.729566253125 0.2584201109375 0.7389414125 0.26429315 0.7445820125 0.26829302187500004 0.7440892390625 0.2673564421875 0.741022553125
0 0.2244962015625 0.608837353125 0.2303692390625 0.614477953125 0.23813096250000002 0.6154309718750001 0.242829390625 0.6199434515625 0.248479925 0.6167016656250001 0.23978162187500002 0.6126819593749999 0.24567018125 0.6075016046874999 0.2273369921875 0.59639550625 0.2125121015625 0.5994947203125001 0.2134486828125 0.60256140625 0.2266229140625 0.60221120625 0.2339085828125 0.6070413593749999 0.2244962015625 0.608837353125
0 0.8253104734375001 0.7741104265625001 0.8187233578124999 0.7742855265624999 0.8314060140624999 0.7886334125000001 0.8462153812500001 0.796355153125 0.847167484375 0.7886008859375 0.837056546875 0.7853916265625001 0.8253104734375001 0.7741104265625001
0 0.7966127968750001 0.7725545875 0.79708885 0.7686774546875 0.78178790625 0.7756538015625 0.7966127968750001 0.7725545875
0 0.8538477390624999 0.7235000640625 0.86089538125 0.730268784375 0.8557053781249999 0.7404543921875 0.8681810531249999 0.7350989375 0.8674824984375 0.730093684375 0.8559744484375 0.7168739171875 0.8538477390624999 0.7235000640625
0 0.8565333 0.819267753125 0.8412478796875 0.815423146875 0.8344382609375 0.8067158593749999 0.8304383874999999 0.8072086328125 0.8320735234375001 0.8152805734375 0.8405338015625 0.8212388468749999 0.84853355 0.8202533000000001 0.8558192218749999 0.825083453125 0.8565333 0.819267753125
0 0.8473434203125001 0.8299461328125 0.8355818218750001 0.8294858859375 0.8360423515625 0.83642970625 0.84356605 0.83932129375 0.84897855625 0.8380180734374999 0.8560262015625 0.8447867921875 0.8572163328125001 0.8350939593750001 0.8473434203125001 0.8299461328125
0 0.7484538921875 0.72630166875 0.7568986484375 0.7430808953125 0.7488833765625 0.7548873953124999 0.7613590515624999 0.7495319421875 0.7616126000000001 0.736772421875 0.7573902218749999 0.7283828078125001 0.7484538921875 0.72630166875
0 0.8302469296874999 0.7766843390625 0.8187233578124999 0.7742855265624999 0.8314060140624999 0.7886334125000001 0.8462153812500001 0.796355153125 0.847167484375 0.7886008859375 0.837056546875 0.7853916265625001 0.8302469296874999 0.7766843390625
0 0.8735676734375 0.4238652 0.8667425312500001 0.42597886718750005 0.8700283265625 0.43130179375 0.8742662265625001 0.42887045312499994 0.8735676734375 0.4238652
0 0.9702166468750001 0.44950675 0.9641055812499999 0.44580471718750003 0.9666773 0.45694334375 0.9709152015625 0.45451200312499995 0.9702166468750001 0.44950675
0 0.7943360125 0.55581784375 0.789875609375 0.5493667984374999 0.780463228125 0.5511627921875 0.7933839093749999 0.5635721109375 0.7943360125 0.55581784375
0 0.7636875609375 0.6022334 0.7580370249999999 0.6054751859375 0.7587355812500001 0.6104804406250001 0.7683859890625 0.6067458796875 0.7709887515625 0.5962425984374999 0.7644016390624999 0.5964177 0.7636875609375 0.6022334
0 0.9603592578125 0.43353797031249997 0.9570579374999999 0.43903599687500006 0.9603437343750001 0.44435892343749994 0.9643436078125 0.44386615 0.9648351843749999 0.42916806249999995 0.9558988546875 0.4270869234375 0.9603592578125 0.43353797031249997
0 0.8021908734375 0.49184514375 0.7991431046875 0.48458365 0.7939686218750001 0.48394830312500003 0.7958417843750001 0.49008167656249996 0.8090004921875 0.5005524296874999 0.8134764171875 0.49618252343749997 0.8130158890624999 0.489238703125 0.8021908734375 0.49184514375
0 0.8674100390625 0.4526260265625 0.8650763484375 0.43954883437500003 0.8563780453125001 0.4355291265625 0.8537752812500001 0.4460324078125 0.8605848984375 0.45473969375 0.8568075281249999 0.46411485468749997 0.86033135 0.4674992140625 0.8681085953125001 0.45763127968750006 0.8674100390625 0.4526260265625
0 0.918978925 0.4176342453125 0.908153909375 0.42024068437500006 0.8978049453124999 0.41896999218750003 0.8930909921874999 0.42527846562500005 0.8989640296875001 0.43091906562500004 0.91424945 0.434763671875 0.9140269468750001 0.42588128437500006 0.91991550625 0.42070093125 0.918978925 0.4176342453125
0 0.7288632984375 0.6077964812500001 0.72840276875 0.6008526609375 0.7178313000000001 0.59069958125 0.7159581375 0.5845662078125 0.7074978609375 0.578607934375 0.7074823359375 0.5894288875 0.7189903859375 0.6026486546875 0.721562103125 0.61378728125 0.725561978125 0.6132945078125001 0.7288632984375 0.6077964812500001
0 0.82773211875 0.5618861625 0.8096059109375 0.5704834046875 0.80865380625 0.5782376703125001 0.7924162828125 0.5821473312500001 0.795464053125 0.589408825 0.8159394765625001 0.5830678234375 0.8166535546875 0.5772521234375 0.8284306750000001 0.5668914171874999 0.82773211875 0.5618861625
0 0.8736504703125 0.5301361671875 0.8708407250000001 0.5209361078125 0.8755702 0.50380668125 0.8694591375 0.500104646875 0.8616818921875 0.50997258125 0.8604917609375 0.5196654140625 0.86541269375 0.5330602812499999 0.8729363921875001 0.5359518671875 0.8736504703125 0.5301361671875
0 0.78467008125 0.5703733578125 0.7710198 0.5746006921875 0.745385415625 0.56948539375 0.7411475140625 0.5719167328125 0.7618299203125 0.5852790734375 0.76959164375 0.5862320921874999 0.7921937781249999 0.5732649453125 0.78467008125 0.5703733578125
0 0.8977273312499999 0.47307475937500004 0.9054735296875001 0.48484873281249996 0.9120606453125 0.4846736328125 0.914663409375 0.4741703515625 0.9111395874999999 0.47078599218750006 0.9104565546875 0.45495978593749997 0.9034089109375 0.448191065625 0.9038849624999999 0.4443139328125 0.8954246843749999 0.438355659375 0.893059946875 0.446920371875 0.9019807546875 0.459822465625 0.8977273312499999 0.47307475937500004
0 0.364481440625 0.270838809375 0.368719340625 0.26840746875 0.3677827609375 0.2653407828125 0.3597830109375 0.2663263296875 0.3581323515625 0.2690753421875 0.364481440625 0.270838809375
0 0.3597623046875 0.11677154687499999 0.3557624296875 0.1172643203125 0.3531596671875 0.1277676015625 0.359984809375 0.125653934375 0.3597623046875 0.11677154687499999
0 0.3431315265625 0.230829309375 0.3407823125 0.22857307031250002 0.32854466250000003 0.23198995625 0.328529140625 0.24281091093749999 0.3431315265625 0.230829309375
0 0.3061339828125 0.2754813984375 0.2908330421875 0.2824577453125 0.293404759375 0.293596371875 0.295769496875 0.285031659375 0.30565793124999996 0.27935853125 0.3108324140625 0.279993878125 0.311308465625 0.2761167453125 0.3061339828125 0.2754813984375
0 0.288659759375 0.321546753125 0.28959634218749997 0.3246134390625 0.315468753125 0.327790171875 0.32016718125 0.3323026515625 0.320881259375 0.3264869515625 0.3185320453125 0.3242307125 0.288659759375 0.321546753125
0 0.300866365625 0.3397717734375 0.290755428125 0.3365625125 0.2886442375 0.33236770625 0.2641844625 0.3283805265625 0.2674702578125 0.333703453125 0.2829937046875 0.33560949375 0.28510489375 0.3398043 0.3003903140625 0.34364890625 0.300866365625 0.3397717734375
0 0.2876093359375 0.23385100468750003 0.26949864843750004 0.2316272921875 0.2624354828125 0.23567952656250002 0.259118640625 0.25199850625 0.26594378281250003 0.2498848390625 0.26713391249999996 0.24019200624999998 0.2741970796875 0.23613977187500002 0.28454604375 0.237410465625 0.2876093359375 0.23385100468750003
0 0.2747248828125 0.3601755140625 0.2488524734375 0.35699878125 0.24461457343749998 0.359430121875 0.2455511546875 0.36249680781250004 0.26907435 0.3634173015625 0.2838837171875 0.371139040625 0.28435976875 0.36726190625 0.2747248828125 0.3601755140625
0 0.2534888125 0.404795075 0.24407643124999998 0.40659106874999995 0.2400610328125 0.417904796875 0.22806140937500002 0.4193831171875 0.2209982421875 0.42343535 0.2216967984375 0.428440603125 0.2301725984375 0.4235779234375 0.24734670312499998 0.4227349484375 0.2534888125 0.404795075
0 0.395957815625 0.30323661562500004 0.4074969109375 0.294814475 0.406560328125 0.29174778749999997 0.39149741250000003 0.29678556875 0.3874820140625 0.3080992953125 0.371006465625 0.3139475234375 0.37029238750000004 0.31976322343749997 0.37381620937500004 0.3231475828125 0.3785301625 0.316839109375 0.3950057125 0.3109908828125 0.395957815625 0.30323661562500004
0 0.3793218546875 0.2569186421875 0.3936551703125 0.26851751562500004 0.4169403390625 0.2713765734375 0.4171783640625 0.2694380078125 0.39930570468750004 0.265275728125 0.3875596296875 0.253994528125 0.374623425 0.2524061625 0.35862392656250003 0.25437725625 0.34073574375 0.2610359296875 0.35484655468750004 0.263752415625 0.360735115625 0.2585720625 0.3793218546875 0.2569186421875
0 0.3169434765625 0.2836959109375 0.3263403375 0.292720871875 0.327737446875 0.302731378125 0.3338485109375 0.3064334109375 0.34937195625 0.30833944999999996 0.34984800781250003 0.3044623171875 0.33949904375 0.3031916234375 0.33362600625 0.2975510234375 0.330593759375 0.27946857812500003 0.32002229375 0.2693154984375 0.31484781093750003 0.2686801515625 0.312959125 0.27336773124999997 0.31765755625000003 0.2778802109375 0.3169434765625 0.2836959109375