0 0.7677797859375 0.48364632656250006 0.776181803125 0.4936040859375 0.7779392328125 0.4859918203125 0.7711983625000001 0.4804265671875 0.7616498078125 0.481228859375 0.7677797859375 0.48364632656250006
0 0.6223845984375 0.34283844218750004 0.6250959968750001 0.3484756671875 0.6280752171875 0.34715897500000004 0.6428750296875 0.35258028124999996 0.6437537453125 0.3487741484375 0.6268534265625 0.3408634015625 0.6223845984375 0.34283844218750004
0 0.38883461874999997 0.24782692499999998 0.37210583750000004 0.24496703281249999 0.379896959375 0.2517770046875 0.3900564078125 0.2541224984375 0.41091094375 0.244905646875 0.40373071562499996 0.241243459375 0.38883461874999997 0.24782692499999998
0 0.9465628421875 0.24228711718749998 0.9307127765625 0.2356210921875 0.9506675687499999 0.2592707703125 0.9624881625 0.2660087703125 0.963366878125 0.2622026359375 0.9540861453125 0.2560510109375 0.9465628421875 0.24228711718749998
0 0.7649599375 0.385777053125 0.76276315 0.3952923859375 0.76591390625 0.39902654531250004 0.781153078125 0.40254478593750004 0.78247115 0.3968355859375 0.7787094999999999 0.38995363906249997 0.7649599375 0.385777053125
0 0.32165146093749997 0 0.31752261875 0.01788398125 0.32565681562500004 0.034795659374999996 0.33012564375000003 0.0328206203125 0.3299541078125 0.0277697671875 0.324702846875 0.0215461671875 0.3322677328125 0 0.32165146093749997 0
0 0.6123424640625 0.299427778125 0.590801778125 0.28844121875 0.58335373125 0.2917329515625 0.5790564390624999 0.29875884375 0.586408203125 0.3074718828125 0.5932453578125 0.3010323640625 0.608484528125 0.304550603125 0.6129533578124999 0.30257556406249997 0.6123424640625 0.299427778125
0 0.37172956875 0.15968890468750002 0.3791776171875 0.156397171875 0.3785667234375 0.15324938593749998 0.36999316875 0.13824077343750002 0.37175059843749997 0.13062850625 0.37814839375 0.126092053125 0.375436996875 0.120454828125 0.3586119296875 0.12959970625 0.3572938578125 0.13530890625 0.3719973890625 0.15273498593749998 0.37172956875 0.15968890468750002
0 0.681165525 0.3373663359375 0.6729350453125 0.3324594296875 0.670491465625 0.3198682828125 0.66270034375 0.3130583109375 0.6521015390625 0.312615884375 0.644653490625 0.3159076171875 0.6675875 0.3382406015625 0.6777469484374999 0.3405860953125 0.681165525 0.3373663359375
0 0.5439919546875001 0.334762575 0.5505612875 0.33527697500000003 0.56098855625 0.3306685484375 0.5616957328125001 0.3218115625 0.556616009375 0.320638815625 0.5472389953125 0.3264919625 0.5406696609375 0.3259775609375 0.521476271875 0.33958692031250004 0.5201582 0.3452961203125 0.52330895625 0.3490302796875 0.5324181515624999 0.35013105312500004 0.5439919546875001 0.334762575
0 0.8506080624999999 0.41457073125 0.8550768921874999 0.4125956921875 0.85490535625 0.40754483906249994 0.8498256312500001 0.40637209218750003 0.8445743703125 0.4001484921875 0.8458924437500001 0.39443929375 0.841080540625 0.3863126265625 0.8112130921875 0.382423934375 0.8240839375 0.390406653125 0.840448615625 0.4122252390625 0.8506080624999999 0.41457073125
0 0.74828538125 0.42903318281249997 0.7541475359375001 0.43840456874999995 0.7654535203124999 0.429990009375 0.7670394125 0.41732689062499995 0.7628384046875001 0.41234801093750006 0.75521881875 0.410588890625 0.7467205171875 0.4126359046875 0.7365610703125001 0.4102904109375 0.7337533875 0.4166579578125 0.7364647859375 0.4222951828125 0.7394440062500001 0.42097849062500003 0.74828538125 0.42903318281249997
0 0.29665921875 0.1603980515625 0.31566004062499997 0.1707982375 0.33133857031249997 0.1724134109375 0.3393012296875 0.1842742359375 0.3437700578125 0.182299196875 0.3431591640625 0.17915140937500001 0.3398368703125 0.170366396875 0.3326566421875 0.1667042109375 0.3220578375 0.166261784375 0.3124340296875 0.1500084515625 0.299734721875 0.1470765859375 0.2787086484375 0.151242584375 0.281420046875 0.1568798109375 0.29665921875 0.1603980515625
0 0.628300978125 0.3983258515625 0.642222078125 0.407553290625 0.646937696875 0.42768472968750004 0.6570971453125 0.43003022187499995 0.6645451921875 0.4267384890625 0.6652523718750001 0.417881503125 0.6598295734375 0.40660705156250004 0.6486198734374999 0.40301683749999995 0.6524778078125 0.3978940109375 0.66053675 0.3977500640625 0.655724846875 0.3896233984375 0.64004631875 0.388008225 0.6325982703124999 0.3912999578125 0.628300978125 0.3983258515625
0 0.8301508265624999 0.48000531406249997 0.8350590109375 0.47612720781249995 0.8342765796875 0.46792856718750003 0.8390132296875 0.4589996078125 0.8619682703124999 0.4522721953125 0.8635541640625 0.4396090765625 0.8589137984375 0.4365332640625 0.84069540625 0.4343317171875 0.836226578125 0.43630675625000004 0.834469146875 0.4439190234375 0.8242134171875 0.453578303125 0.8164012640625 0.47582872812500004 0.819552021875 0.47956288750000003 0.8301508265624999 0.48000531406249997
0 0.6672986515625 0.37425492031249996 0.6628298218750001 0.376229959375 0.6778011734375 0.38670211875 0.697069815625 0.3901483859375 0.690822528125 0.42879608906250005 0.697563396875 0.4343613421875 0.6983458296875 0.4425599828125 0.7035970890625001 0.44878358125 0.711216675 0.4505427015625 0.7195434390625 0.44344483593749995 0.7189325453125 0.44029704843750006 0.7136812828125 0.4340734484375 0.7158780703125001 0.42455811718750003 0.7121164203125 0.4176761703125 0.7172924265625 0.40684414375 0.718267425 0.3910332390625 0.68419896875 0.382165665625 0.6774580968749999 0.3766004125 0.6672986515625 0.37425492031249996
0 0.47296984374999995 0.914704640625 0.4693797296875 0.9128735484374999 0.4680616578125 0.9185827468750001 0.4712124140625 0.9223169078125 0.47296984374999995 0.914704640625
0 0.5087747 0.9450203453125001 0.495807571875 0.9490423984374999 0.501937546875 0.951459865625 0.5093855953124999 0.9481681328124999 0.5087747 0.9450203453125001
0 0.5393493265625 0.9400520531250001 0.531901278125 0.9433437859374999 0.53058320625 0.9490529859375 0.5361022859375 0.948322665625 0.5384706125000001 0.9438581859375 0.54521148125 0.9494234390624999 0.546090196875 0.94561730625 0.5393493265625 0.9400520531250001
0 0.50029743125 0.9180069609375 0.49389963281249993 0.9225434140625 0.49275309843750004 0.9333034671875 0.505377153125 0.9191797078124999 0.505205615625 0.9141288546874999 0.499514996875 0.909808321875 0.50029743125 0.9180069609375
0 0.650982634375 0.7693836125 0.6433630499999999 0.7676244921875 0.6343501375 0.754518946875 0.6330320656249999 0.7602281468750001 0.639944471875 0.7708442515625 0.656844790625 0.7787549984375 0.65772350625 0.774948865625 0.650982634375 0.7693836125
0 0.2436961265625 0.8417276296875 0.2580565828125 0.849052003125 0.2655798859375 0.8628158953125 0.2774004796875 0.8695538953125 0.2782791953125 0.8657477625000001 0.2725885765625 0.8614272296875001 0.27180614531249997 0.8532285906249999 0.26445437968749996 0.84451555 0.249654565625 0.83909424375 0.247382525 0.8315539515625 0.2423028015625 0.8303812046875001 0.2405453703125 0.8379934703125 0.2436961265625 0.8417276296875
0 0.45740532656250005 0.6344902593749999 0.44873548750000003 0.6314864203125 0.45459764375 0.64085780625 0.450300353125 0.6478836984375 0.4530117515625 0.653520925 0.46343901875000004 0.6489124984375 0.463706840625 0.6419585796875 0.45740532656250005 0.6344902593749999
0 0.20499616875 0.6964870265625 0.208146925 0.7002211859374999 0.20130977187500002 0.70666070625 0.2014813078125 0.7117115593750001 0.21234793437500002 0.7052000671875 0.2130551109375 0.6963430796875001 0.1931755734375 0.6897490265624999 0.1900248171875 0.6860148671874999 0.1926609625 0.67459646875 0.18994956406250002 0.6689592421875 0.1859200921875 0.669031215625 0.181965875 0.6861588140625 0.18931763906250001 0.694871853125 0.20499616875 0.6964870265625
0 0.24504409218749998 0.673660815625 0.26492363124999996 0.68025486875 0.27237167812499996 0.6769631359375 0.2735182140625 0.6662030828125001 0.2672167015625 0.6587347640625 0.2681706703125 0.67198425625 0.26072262031250004 0.6752759890625 0.243382946875 0.669268309375 0.23593489843749998 0.6725600421875 0.23505618281250001 0.676366175 0.238646296875 0.67819726875 0.24504409218749998 0.673660815625
0 0.6980602796875 0.7161083359375 0.67056115625 0.7077551640624999 0.6631131078125 0.711046896875 0.6617950359375 0.7167560953125001 0.6532967359375 0.718803109375 0.6615272156249999 0.723710015625 0.677302028125 0.7133204171874999 0.6976209234375 0.718011403125 0.6980602796875 0.7161083359375
0 0.8926756749999999 0.7480095890625 0.8953118203124999 0.736591190625 0.9012702609375 0.7339578046875 0.9015380796875 0.727003884375 0.8935754203125 0.7151430578125 0.8895459484374999 0.71521503125 0.8890103093749999 0.7291228703125 0.8770934312499999 0.7343896437499999 0.8732354953125 0.7395124703125 0.8805872609375 0.748225509375 0.888206846875 0.7499846296875 0.8926756749999999 0.7480095890625
0 0.8855828671875001 0.8656398484375 0.8957423140625 0.867985340625 0.8979391015625 0.8584700078124999 0.8894408015625 0.860517021875 0.8831392890625 0.8530487015625001 0.8750803453125 0.8531926484374999 0.8628203937500001 0.848357715625 0.8604520703125 0.8528221953124999 0.8636028250000001 0.8565563546874999 0.881821215625 0.8587579015625 0.8855828671875001 0.8656398484375