0 0.6436882125000001 0.6937750921875 0.636487928125 0.689971828125 0.6287641921875 0.6911951468749999 0.6268006875000001 0.695461078125 0.6362700140625 0.696927490625 0.640677809375 0.7080941890625 0.6525038015625 0.716108490625 0.6534204109374999 0.7218957265625 0.6574350453125 0.72224860625 0.6593109296875 0.709097934375 0.6477904718749999 0.7030127125 0.6436882125000001 0.6937750921875
0 0.17145541250000002 0.919845946875 0.177215640625 0.9228885578125 0.18349931875 0.9209045859374999 0.1737244546875 0.9175090953125 0.17145541250000002 0.919845946875
0 0.505317015625 0.753262884375 0.4755565984375 0.7569877359375 0.47616767031249996 0.76084589375 0.4784367140625 0.758509040625 0.49933887656250003 0.757175934375 0.505317015625 0.753262884375
0 0.534250740625 0.8109705671875 0.540839953125 0.8109156734375 0.5401412578125 0.7981727750000001 0.5318940734375001 0.804422678125 0.534250740625 0.8109705671875
0 0.2886212 0.9180972125 0.29673809375000004 0.9276877125 0.3052908140625 0.9233668890625 0.3046797421875 0.91950873125 0.2917192265625 0.9126628562500001 0.281420915625 0.9142939484375001 0.2817264515625 0.9162230265625 0.2886212 0.9180972125
0 0.3254942796875 0.9092908843749999 0.3414651984375 0.9018176609375 0.3368394921875 0.8976066234375001 0.3242721359375 0.9015745687500001 0.3185119078125 0.8985319578125001 0.31510834375 0.9020372359375 0.3171594734375 0.9066560453125 0.3254942796875 0.9092908843749999
0 0.455483421875 0.7552233375 0.4439629640625 0.7491381140625 0.4416063 0.742590225 0.43562815937500005 0.7465032765624999 0.439512503125 0.7626965593749999 0.4498108171875 0.7610654671875 0.455483421875 0.7552233375
0 0.5529242359375 0.7289141375 0.5426259234375 0.73054523125 0.542931459375 0.732474309375 0.5524007875 0.733940721875 0.5539284671875 0.743586115625 0.564314403125 0.7508397640625 0.5757472375 0.7480402453125 0.5645323171875 0.7438841015625 0.5630046359375 0.7342387078125 0.558378928125 0.7300276703125 0.5529242359375 0.7289141375
0 0.178046915625 0.9781260843749999 0.18411268125 0.9830977734375 0.191836415625 0.9818744546874999 0.2000835984375 0.9756245515625 0.1994725265625 0.97176639375 0.1919667046875 0.9660340515625 0.1842429703125 0.9672573703125 0.178264828125 0.971170421875 0.178046915625 0.9781260843749999
0 0.3229219921875 0.9680336875 0.32527865624999996 0.9745815765625 0.3355769703125 0.972950484375 0.33754047656249997 0.968684553125 0.34753325468749996 0.9651243812500001 0.3548638296875 0.9530872421875 0.3457000375 0.953549909375 0.33662386875 0.9628973171874999 0.32632555625 0.964528409375 0.3229219921875 0.9680336875
0 0.21312944687500002 0.9330201375 0.19995101875000001 0.933129925 0.2008676265625 0.9389171609375 0.21177701249999997 0.9411442265625001 0.221464253125 0.9356549765625 0.2279658421875 0.9267153421875 0.23630065 0.9293501796875001 0.2397042140625 0.9258449015625001 0.227049234375 0.9209281046875001 0.21932550156250002 0.922151425 0.21312944687500002 0.9330201375
0 0.4306565390625 0.8234233359375001 0.438685809375 0.8241290953125 0.43920925781250003 0.8191025109375 0.44859096249999997 0.8116841828125001 0.44736881874999995 0.8039678671875 0.443048646875 0.8016859078125 0.43017575625 0.8037247734375 0.4267721921875 0.8072300515625 0.4306565390625 0.8234233359375001
0 0.339717315625 0.8407929 0.3301603640625 0.8304417468749999 0.31811645781250003 0.8293831078125 0.31872753125000003 0.8332412640625 0.3216952671875 0.8436473109374999 0.3303356109375 0.848211228125 0.33125221875 0.853998465625 0.335572390625 0.8562804234374999 0.3432961234375 0.8550571046875 0.344125109375 0.8519596 0.3380593453125 0.846987909375 0.339717315625 0.8407929
0 0.47363805000000003 0.7948635515625 0.46560877968750003 0.7941577921875 0.4596306375 0.7980708437499999 0.46137623124999994 0.800760575 0.4841116078125 0.8110019421875 0.4947154578125 0.811299928125 0.5033558015625 0.8158638453125 0.5096394796875 0.8138798734374999 0.5032681765625 0.8069791046875 0.4960678921875 0.8031758390625001 0.48834415781249996 0.8043991593750001 0.47363805000000003 0.7948635515625
0 0.76093704375 0.5842410375 0.7703187484375 0.576822709375 0.758580378125 0.5776931484375 0.7554823515625 0.5831275046875 0.7575334812500001 0.587746315625 0.7604135953125 0.589267621875 0.76093704375 0.5842410375
0 0.7415648515625 0.65355456875 0.7521687015625 0.6538525546875 0.7559654234375001 0.661161096875 0.7616380281249999 0.6553189671874999 0.76102695625 0.651460809375 0.751557628125 0.649994396875 0.745186328125 0.643093628125 0.7395137234375 0.6489357578125 0.7415648515625 0.65355456875
0 0.7718890953125 0.5617429578124999 0.7886889984375001 0.55117223125 0.7954085015625 0.535276934375 0.8050957421874999 0.529787684375 0.79820099375 0.5279134984375 0.788208215625 0.5314736703125 0.7837577546875 0.545032115625 0.7698379656250001 0.5571241484375 0.7718890953125 0.5617429578124999
0 0.7190473875000001 0.6363575390625 0.723542803125 0.6564089796875 0.7342342765625001 0.6655917078125 0.735150884375 0.67137894375 0.7414345625000001 0.669394971875 0.741041403125 0.6585811515625 0.732095525 0.6520881562499999 0.73253135 0.63817683125 0.7253310640625 0.6343735671874999 0.7190473875000001 0.6363575390625
0 0.6816059015625 0.616580565625 0.6703033578125 0.60353968125 0.6665942578124999 0.6051158796875 0.66956199375 0.6155219265625 0.6747987734375 0.623591121875 0.6743629484375 0.637502446875 0.6887635203125 0.6451089750000001 0.6906843609375 0.6655681875 0.6960514296875 0.6577969796875001 0.6933016046875 0.6404352703125 0.684355725 0.633942275 0.6816059015625 0.616580565625
0 0.649140615625 0.63655359375 0.63474004375 0.628947065625 0.6339110578125 0.6320445703125 0.643468009375 0.6423957234375 0.6271915546875 0.6479398671875 0.6203844296875001 0.6549504234375 0.6152352718749999 0.65576596875 0.61584634375 0.6596241265625 0.6235700796875 0.6584008078125 0.6355263625 0.65057470625 0.651890440625 0.653915303125 0.661883215625 0.65035513125 0.669824865625 0.64217615 0.66890825625 0.6363889140625 0.6645880843749999 0.6341069546875 0.649140615625 0.63655359375
0 0.467693415625 0.5407113375 0.47109697656250005 0.537206059375 0.4593586078125 0.5380765000000001 0.4446525 0.5285408921875 0.4423834578125 0.53087774375 0.4573951015625 0.5423424296875 0.467693415625 0.5407113375
0 0.658423246875 0.328575371875 0.646902790625 0.32249015000000003 0.648124934375 0.330206465625 0.6800241046875 0.33998516562500003 0.6733472671875 0.3311553171875 0.658423246875 0.328575371875
0 0.548242121875 0.39941806406249997 0.5608094765625 0.3954501203125 0.5652599375 0.381891675 0.5612453015625001 0.3815387953125 0.5521691328125 0.390886203125 0.5441398625 0.39018044375 0.5450564703125 0.3959676796875 0.548242121875 0.39941806406249997
0 0.7454804140625 0.3533475546875 0.739284359375 0.36421626875 0.7413354890625 0.3688350796875 0.7497579187500001 0.3803546578125 0.7537725546875 0.3807075375 0.7565650453125 0.373344103125 0.7479247015625 0.3687801859375 0.7467025578125 0.3610638703125 0.7538152203124999 0.35598239375 0.7517640906249999 0.3513635828125 0.7454804140625 0.3533475546875
0 0.46183869218750007 0.35377889375 0.47143830937500003 0.339404903125 0.4674236734375 0.33905202343749996 0.4560784640625 0.3507362828125 0.44228896406249996 0.3469879125 0.43456523125 0.34821123125 0.43033268125 0.3548140140625 0.46183869218750007 0.35377889375
0 0.564738778125 0.4452532890625 0.5674009812499999 0.45373025624999996 0.5742957296875 0.45560444218749996 0.5764344828125 0.46910799374999995 0.58044911875 0.4694608734375 0.58428850625 0.4520442703125 0.5756481640625 0.447480353125 0.577611671875 0.44321442187500004 0.5726804249999999 0.43707430625 0.564738778125 0.4452532890625
0 0.43015972500000005 0.3953795625 0.43024734843749995 0.404264303125 0.450713684375 0.41684252187500004 0.4541172484375 0.41333724375 0.4535061765625 0.40947908593750004 0.4416801828125 0.401464784375 0.44106911093749995 0.39760662812500003 0.44983974375 0.38633014062500004 0.44748307656249997 0.3797822515625 0.43015972500000005 0.3953795625
0 0.69744195 0.5082776859375 0.6824303046875 0.49681300000000006 0.6769756140625 0.4956994671875 0.6641027234375 0.49773833281249996 0.664408259375 0.4996674125 0.6796378140625 0.5041764359375 0.6920748796875 0.5160488953125 0.6918569671875 0.5230045578125 0.6986640953125 0.5159940015625 0.7124535921875 0.5197423718749999 0.7161626937500001 0.5181661734375 0.715551621875 0.514308015625 0.69744195 0.5082776859375
0 0.7161154453125 0.42622125781250003 0.713846403125 0.42855810937500005 0.7181665734375 0.4308400671875 0.7203053265625 0.44434361874999995 0.7292512062500001 0.450836615625 0.7285098453125001 0.4628188609375 0.73540459375 0.464693046875 0.74273516875 0.45265590624999996 0.725890309375 0.42961674843750003 0.7161154453125 0.42622125781250003
0 0.47035103593749994 0.43251824531249994 0.4648087203125 0.422519971875 0.457172609375 0.43262803125 0.46188593906250003 0.4457238109375 0.457653390625 0.45232659374999995 0.460621128125 0.4627326390625 0.4750217015625 0.4703391671875 0.485014478125 0.466778996875 0.49077470625 0.46982160781250004 0.4944838046875 0.468245409375 0.48697798125 0.46251306562499994 0.4792542484375 0.4637363859375 0.4720539625 0.45993312187499996 0.47035103593749994 0.43251824531249994
0 0.6572529296875 0.529474034375 0.6471725296875 0.5241494640625 0.646954615625 0.5311051265625 0.63901296875 0.5392841078124999 0.622954428125 0.5378725890625 0.6106926078125 0.5437696125 0.5926705609375 0.5466240250000001 0.5907070531249999 0.5508899546875 0.596161746875 0.5520034875000001 0.629325728125 0.5447733578125 0.639100590625 0.5481688499999999 0.6492686156249999 0.5623781609375 0.65328325 0.562731040625 0.6500099765625 0.5503959140625 0.6584750734375 0.5371903484375 0.6572529296875 0.529474034375
0 0.09084800781249999 0.677519153125 0.09857174375 0.6762958343750001 0.1042443484375 0.6704537046875 0.10022971249999998 0.670100825 0.09084800781249999 0.677519153125
0 0.188509025 0.702589321875 0.1894256328125 0.708376559375 0.1860220703125 0.7118818359375 0.1945747890625 0.7075610125 0.19418163125000001 0.6967471921875 0.188509025 0.702589321875
0 0.1659892703125 0.6270572624999999 0.1650726609375 0.6212700265625 0.1607524890625 0.61898806875 0.15045417656249999 0.6206191609375 0.1507597125 0.6225482390625 0.1622801703125 0.6286334625000001 0.1659892703125 0.6270572624999999
0 0.14041644375 0.590569446875 0.13299824531249999 0.5937218453125 0.12195857031249999 0.6073351828125 0.14390762968749998 0.595948909375 0.1447366140625 0.5928514046875 0.14041644375 0.590569446875
0 0.2854690546875 0.6565815625 0.2766984234375 0.6678580484375 0.26382553125 0.6698969140625 0.2641310671875 0.67182599375 0.279884075 0.6713084328125001 0.2909237484375 0.6576950953125 0.29947646875 0.6533742703125001 0.29855985937499996 0.647587034375 0.3030979453125 0.6429133296875 0.2942396875 0.6453050765625 0.29175273281249997 0.654597590625 0.2854690546875 0.6565815625
0 0.039652820312499996 0.45426357343749996 0.03254015625 0.45934505000000003 0.021630771875 0.4571179859375 0.02224184375 0.46097614374999996 0.025427493750000002 0.464426528125 0.045718584374999996 0.45923526406250004 0.0535299421875 0.4668966859375 0.057850112499999995 0.46917864375 0.0615592125 0.46760244531249995 0.054271303125 0.4549144390625 0.047376553125 0.4530402546875 0.039652820312499996 0.45426357343749996
0 0.119038078125 0.6888740531249999 0.1289432328125 0.6764291390625 0.1292914359375 0.6536330734375 0.116811703125 0.666485759375 0.12121949843749999 0.677652459375 0.11637587812500001 0.680397084375 0.11615796406250001 0.687352746875 0.119038078125 0.6888740531249999
0 0.143687428125 0.5445695421875001 0.14922974218750001 0.554567815625 0.1628013296875 0.5652718484375 0.165288284375 0.555979334375 0.156647940625 0.5514154171875 0.1499711046875 0.5425855687500001 0.151018003125 0.532532403125 0.142595571875 0.5210128234375 0.143687428125 0.5445695421875001
0 0.10951921406250001 0.53712769375 0.099133278125 0.5298740453125 0.0880059796875 0.5346026421875 0.088704675 0.5473455406250001 0.0916724125 0.5577515875 0.10205834843749999 0.5650052375 0.10485083906249999 0.5576418015625 0.0962104984375 0.553077884375 0.0940717453125 0.5395743328125 0.09778084375 0.537998134375 0.1035410734375 0.5410407453125 0.10951921406250001 0.53712769375
0 0.16926254375 0.6393923890625001 0.16153880781250002 0.6406157078125 0.1527681765625 0.6518921953125 0.1421643265625 0.6515942078125 0.143080934375 0.6573814453125 0.1562593625 0.6572716578125 0.167604571875 0.6455873984375 0.17759735000000001 0.6420272265625 0.1852334625 0.6319191656250001 0.1859748234375 0.6199369203125 0.17886216093750001 0.625018396875 0.1794732328125 0.6288765546875 0.16926254375 0.6393923890625001
0 0.050083710937500005 0.4951271078125 0.035988678125 0.48944965781249994 0.0310574328125 0.4833095421875 0.0322795765625 0.4910258578125 0.0591172140625 0.5105048453125 0.07548129218750001 0.5138454421875001 0.0982166703125 0.524086809375 0.10192577031250001 0.522510609375 0.0800193765625 0.5091717390625 0.069415528125 0.5088737515624999 0.053574896875 0.500506571875 0.050083710937500005 0.4951271078125
0 0.225377525 0.5771129328125 0.233101259375 0.5758896140624999 0.23393024375000002 0.572792109375 0.22219187499999998 0.5736625484375 0.21250463437499997 0.5791517984375 0.2041698265625 0.5765169609374999 0.19954411875 0.5723059234375001 0.2008965515625 0.5641818359374999 0.19308519531249999 0.5565204125000001 0.1912093109375 0.5696710859375 0.19417705000000002 0.5800771328125001 0.2071375640625 0.5869230078125 0.2051740578125 0.5911889390625 0.2092763171875 0.600426559375 0.21276750312499998 0.605806021875 0.219662253125 0.6076802078125 0.21473100937499998 0.6015400921875 0.21486129843750001 0.5856996875 0.225377525 0.5771129328125
0 0.2555265203125 0.467531840625 0.2468861796875 0.4629679234375 0.23885690781250002 0.4622621640625 0.2340132875 0.46500678906250004 0.2538685515625 0.47372685 0.2764286828125 0.466198734375 0.2850690265625 0.47076265156249997 0.2887781265625 0.469186453125 0.28786151718749997 0.46339921562499997 0.28066123125 0.4595959515625 0.2677883421875 0.4616348171875 0.2555265203125 0.467531840625
0 0.29470902187500003 0.3733284859375 0.2890364140625 0.379170615625 0.29676015 0.3779472953125 0.30243275625 0.37210516562499996 0.3012106125 0.36438885 0.310592315625 0.356970521875 0.3082356515625 0.3504226328125 0.3040031015625 0.357025415625 0.293181340625 0.3636830921875 0.29470902187500003 0.3733284859375
0 0.3927540359375 0.175872353125 0.3887394 0.17551947343750002 0.3816267375 0.18060095 0.368012484375 0.1946220625 0.374907234375 0.196496246875 0.3758238421875 0.20228348437500002 0.38703876406250004 0.206439628125 0.39227554375 0.21450882187500003 0.3947624984375 0.2052163078125 0.383547578125 0.2010601640625 0.379139784375 0.18989346406250002 0.3927540359375 0.175872353125
0 0.1655397015625 0.29095840625 0.16532179062500002 0.29791406875000004 0.1800705640625 0.28272453125 0.17915395625 0.2769372953125 0.1702080765625 0.2704442984375 0.1695093828125 0.2577014 0.161262196875 0.263951303125 0.162789878125 0.273596696875 0.17234682968749998 0.28394785 0.1655397015625 0.29095840625
0 0.4564220859375 0.21127015624999998 0.4646692703125 0.205020253125 0.45663999843749997 0.20431449375000002 0.4506618578125 0.20822754531249998 0.45537518906249996 0.2213233234375 0.4480446140625 0.2333604625 0.4635797046875 0.239798565625 0.456772578125 0.246809121875 0.45943477968749996 0.2552860890625 0.4687288625 0.23898301875 0.4612230390625 0.23325067656249998 0.45463382656249995 0.2333055703125 0.46082988125 0.22243685625 0.4564220859375 0.21127015624999998
0 0.4860971703125 0.25699559375000003 0.48950073437499997 0.253490315625 0.48343497031249993 0.24851862656249998 0.48077276874999997 0.24004165781250003 0.479420334375 0.24816574687499998 0.4820825359375 0.2566427140625 0.4860971703125 0.25699559375000003
0 0.42705711874999996 0.2841438578125 0.4319007375 0.2813992328125 0.4528029 0.2800661265625 0.464453646875 0.270310946875 0.47588648125 0.267511428125 0.45869341874999997 0.267268334375 0.44704267187499996 0.277023515625 0.43128966562500004 0.27754107656250004 0.42705711874999996 0.2841438578125
0 0.39506345625 0.0904753265625 0.3875576328125 0.084742984375 0.383848534375 0.08631918281249999 0.3855941265625 0.0890089140625 0.3923585859375 0.10672350312500001 0.406977071875 0.10737436874999999 0.41129724218749997 0.109656328125 0.4125193859375 0.11737264218750001 0.416534021875 0.117725521875 0.41871544062500005 0.1065039296875 0.3962856 0.0981916421875 0.39506345625 0.0904753265625
0 0.3191785421875 0.0945844328125 0.3160805140625 0.10001878906249999 0.2963128734375 0.10018346874999999 0.2947851921875 0.090538075 0.288719428125 0.0855663859375 0.287497284375 0.07785007031249999 0.2920353671875 0.07317636562499999 0.2899842390625 0.06855755625 0.2797735484375 0.0790733890625 0.28213021562499996 0.085621278125 0.2917747890625 0.1048571734375 0.2960949609375 0.10713913125 0.30093858125 0.10439450624999999 0.3218407421875 0.1030614 0.32524430625 0.099556121875 0.323629003125 0.0810259875 0.31765086249999996 0.08493903750000001 0.3191785421875 0.0945844328125
0 0.10693318593750001 0.24586031562500002 0.11496245624999998 0.246566075 0.128794621875 0.22558930156249998 0.12220540937499999 0.2256441953125 0.10693318593750001 0.24586031562500002
0 0.030259664062500004 0.1700067515625 0.027990621875 0.172343603125 0.0351909078125 0.1761468671875 0.0344922125 0.16340396875000002 0.027815374999999996 0.1545741203125 0.0183460484375 0.153107709375 0.0189571203125 0.15696586562499998 0.030259664062500004 0.1700067515625
0 0 0.3458506484375 0.0013351015625000001 0.3456391890625 0.014077703124999999 0.35944072656250003 0.0221069734375 0.3601464859375 0.035197778125 0.3511519578125 0.018310251562499998 0.35283794375 0.0032986078125 0.3413732578125 0 0.34189570625 0 0.3458506484375
0 0.061197270312499996 0.14038832968749998 0.053255621875000006 0.1485673109375 0.054477767187500005 0.1562836265625 0.0479761765625 0.1652232609375 0.0506383765625 0.173700228125 0.0541295640625 0.1790796921875 0.0601077046875 0.175166640625 0.0563109828125 0.1678580984375 0.0631181078125 0.1608475421875 0.061590428125 0.1512021484375 0.070666596875 0.141854740625 0.066346425 0.13957278281250002 0.061197270312499996 0.14038832968749998
0 0 0.13972637968749999 0.0102291546875 0.1435172078125 0.0109278484375 0.15626010625 0.0166004546875 0.1504179765625 0.015378309375 0.1427016625 0.006737965625 0.1381377453125 0.0100539078125 0.1257477265625 0.0014135640625 0.12118380937499999 0.0004093328125 0.10651183125000001 0 0.1068220328125 0 0.1263376390625 0.0023301718749999998 0.1269710453125 0 0.1293708546875 0 0.13972637968749999
0 0.5108997093750001 0.6802009828125 0.5071906109375 0.68177718125 0.5089362046875 0.6844669140625 0.5122094765625 0.6968020390625 0.5194097625 0.7006053031249999 0.53485723125 0.6981586640625 0.5473369625 0.6853059796875 0.54074775 0.685360871875 0.5287914671875 0.6931869749999999 0.5210677328125 0.6944102937500001 0.5108997093750001 0.6802009828125
0 0.6496076578125 0.30624197343750004 0.66021150625 0.306539959375 0.6636150703125 0.30303468125 0.632326971875 0.2971141390625 0.6262612062499999 0.29214245 0.62285764375 0.2956477265625 0.6246032375 0.298337459375 0.6496076578125 0.30624197343750004
0 0.5258008296875001 0.099430625 0.5284630296875 0.10790759218749998 0.5402890234375 0.11592189374999999 0.5405069359375 0.1089662328125 0.5341356375 0.1020654625 0.5535101171875 0.09108696250000001 0.5482733375 0.08301776875 0.544346325 0.0915496296875 0.5314734343749999 0.09358849531249999 0.5258008296875001 0.099430625
0 0.5306040734375 0.179746175 0.5237093234375 0.17787198906249999 0.5146331546875 0.187219396875 0.5175132687499999 0.188740703125 0.5297750875 0.18284367968749998 0.5306040734375 0.179746175
0 0.5357958953125 0.15420548437499998 0.53300340625 0.16156891874999998 0.5236217015625 0.1689872484375 0.52536729375 0.1716769796875 0.53566560625 0.1700458875 0.5444362390624999 0.1587694015625 0.5547345515625 0.1571383078125 0.5597960843750001 0.1474380203125 0.5566104328125 0.1439876359375 0.5525958 0.14363475625 0.54836325 0.15023753906249998 0.5357958953125 0.15420548437499998
0 0.3843476375 0.5726979859375 0.37714735 0.568894721875 0.3781515828125 0.5835667 0.3902831109375 0.5935100796875 0.3836938984375 0.5935649734374999 0.3689877890625 0.584029365625 0.36126405625 0.5852526859375 0.3615695921875 0.5871817640625 0.37422456875 0.5920985609375 0.37915581249999997 0.5982386765625 0.39150525625 0.6012263953125 0.3938619203125 0.607774284375 0.4027201765625 0.6053825390625 0.397395775 0.588428603125 0.386180853125 0.5842724593749999 0.3843476375 0.5726979859375
0 0.43946296875 0.6124166125 0.44234308125000005 0.61393791875 0.44574664531249997 0.610432640625 0.4445245015625 0.6027163265625 0.45307722031250003 0.5983955015625 0.4524661484375 0.59453734375 0.44474241406250004 0.5957606640625001 0.4364952296875 0.6020105671875 0.43946296875 0.6124166125
0 0.47637871406250004 0.578885140625 0.48410244843749994 0.5776618203125 0.49287308124999996 0.5663853343749999 0.5059638843750001 0.55739080625 0.5007271046875 0.5493216109375 0.49701800625 0.5508978109375 0.49566557187500004 0.5590218984375 0.487112853125 0.5633427234374999 0.47637871406250004 0.578885140625
0 0.6874377218750001 0.22016270625 0.6912344453125 0.22747124843750002 0.6984347296875 0.23127451250000003 0.70502394375 0.23121961875000002 0.68508105625 0.2136148171875 0.67478274375 0.21524590937500002 0.6750882796875 0.21717498906250002 0.6874377218750001 0.22016270625
0 0.6989558890625001 0.16791289843749999 0.7026649890625001 0.1663367 0.693719109375 0.15984370312500001 0.6973405859375 0.1493827640625 0.6901403 0.1455795 0.6876533453125 0.1548720140625 0.690315546875 0.16334898125 0.6989558890625001 0.16791289843749999