0 0.0432706390625 0.51069040625 0.03948413125 0.5120703265625 0.0410865625 0.514847728125 0.04947620625 0.5198575921875 0.053262715625 0.518477671875 0.0432706390625 0.51069040625
0 0.5813398421875 0.143843484375 0.5899028171875 0.1380337703125 0.5892903453125 0.13220649375 0.5822989749999999 0.1280316078125 0.5813398421875 0.143843484375
0 0.14500556250000002 0.4312617171875 0.136034271875 0.4331865796875 0.1358609421875 0.44400615625000006 0.1438422734375 0.44513116718749995 0.1498128578125 0.43959392499999994 0.14500556250000002 0.4312617171875
0 0.013448540625 0.55113861875 0.0170308921875 0.5478162734375001 0.0164184203125 0.541988996875 0.0213990453125 0.539501628125 0.017000067187500002 0.535054271875 0.0054363843750000005 0.5372516046875 0.008059603125 0.5497411359375 0.013448540625 0.55113861875
0 0.3806857421875 0.22974122968750002 0.38304315 0.21476433125 0.373051075 0.20697706562499998 0.3692645671875 0.2083569859375 0.3714794703125 0.21696166562500002 0.37389852968750004 0.2275087703125 0.3806857421875 0.22974122968750002
0 0.5502928015624999 0.17263714218749998 0.56147899375 0.179316959375 0.5760433796875 0.18073200625000002 0.575635065625 0.1768471546875 0.55506926875 0.16820734843750001 0.5421073125 0.16956970625 0.5425156265625 0.17345455625 0.5502928015624999 0.17263714218749998
0 0.7927273296874999 0 0.7916585546875 0.012742570312500002 0.798649925 0.016917456249999997 0.801211490625 0.0038829828125 0.8006218203125 0 0.7927273296874999 0
0 0 0.46950761874999997 0.00228155 0.469829215625 0.008047978124999999 0.4623495484375 0.0040264859375 0.44902504062500004 0.008802953125 0.44459524687499996 0.0081904828125 0.43876797031250003 0.0011991125 0.434593084375 0 0.43503007812499994 0 0.46950761874999997
0 0.37166442499999996 0.29353367656249996 0.3764408921875 0.2891038828125 0.387218771875 0.29189884843749997 0.39755751093749997 0.2780469609375 0.3945568046875 0.27443458125000003 0.37999241875 0.2730195359375 0.3638872515625 0.294351090625 0.37166442499999996 0.29353367656249996
0 0.4843197328125 0.193318375 0.47913495 0.1938633171875 0.479543265625 0.19774816875 0.486330478125 0.1999806296875 0.4913419296875 0.21025526249999998 0.4989149453125 0.2074954234375 0.5077129046875 0.2163901375 0.5194807421875 0.2161352296875 0.50846788125 0.1986358359375 0.49530176875 0.1980557671875 0.4843197328125 0.193318375
0 0.050542971874999995 0.21828937499999998 0.052145404687499994 0.22106677656249998 0.0659239859375 0.2274741234375 0.081682490625 0.227781721875 0.098257621875 0.235859021875 0.1044323640625 0.2322642046875 0.08605064375 0.21946707656250003 0.070292140625 0.219159478125 0.054125321875 0.2149670296875 0.050542971874999995 0.21828937499999998
0 0.15666929999999998 0.305329215625 0.15011706875 0.31780118281249997 0.15192365624999998 0.3225210125 0.1549243609375 0.3261333921875 0.1613032625 0.324481 0.160690790625 0.3186537234375 0.169631253125 0.303966859375 0.1635990171875 0.2839800984375 0.158414234375 0.284525040625 0.15244364999999999 0.2900622828125 0.15666929999999998 0.305329215625
0 0.20083242499999998 0.338983209375 0.20205736875000002 0.35063776406249997 0.2327577453125 0.3434832578125 0.25649757968750003 0.3449158671875 0.269255378125 0.341611084375 0.2702453375 0.33856121093749997 0.25049616874999997 0.33769110625 0.2339210359375 0.32961380625 0.2219798671875 0.340688290625 0.20083242499999998 0.338983209375
0 0.8567149390625 0.10802680312499999 0.8305560453125 0.09604708749999999 0.8100210734375001 0.10016928437499999 0.79883488125 0.0934894671875 0.79525253125 0.09681181250000001 0.79705911875 0.101531640625 0.8010497843750001 0.102094146875 0.802856371875 0.106813975 0.8235955 0.1046342046875 0.8232180109374999 0.1135113546875 0.8276169921875001 0.11795871250000001 0.8319851453125 0.1096440671875 0.8455595718750001 0.11410898750000001 0.8567149390625 0.10802680312499999
0 0.7744325484375 0.1480971640625 0.7624913796875 0.1591716484375 0.7649104390625 0.169718753125 0.7726876109374999 0.168901340625 0.7708810234375 0.1641815109375 0.7852104265625 0.15089212968750002 0.78016815 0.1278554953125 0.7869245375 0.11732595312500001 0.7797290109375 0.1112086421875 0.7697985859375 0.1289453796875 0.7744325484375 0.1480971640625
0 0.2524528375 0.156808184375 0.24467566562499998 0.157625596875 0.241093315625 0.1609479421875 0.24252241562500002 0.17454492187499998 0.2337861078125 0.1911742109375 0.235592696875 0.1958940390625 0.24060414843750003 0.20616867343749998 0.2445948140625 0.2067311796875 0.24797300625 0.201466409375 0.24674806249999998 0.1898118546875 0.253912765625 0.1831671640625 0.2576684484375 0.16902524218749998 0.2566476625 0.159313115625 0.2524528375 0.156808184375
0 0.61625424375 0.0645643234375 0.620826553125 0.058192103125000005 0.6191932953125 0.0426526984375 0.6145901609375 0.036262915624999996 0.6086195765625 0.0418001578125 0.6094362046875 0.0495698609375 0.60308813125 0.063984253125 0.6053030328125 0.07258893281249999 0.6220823234374999 0.082608659375 0.6402290609375 0.080701359375 0.6488228625 0.0876536484375 0.6655713249999999 0.084911371875 0.6445972140625 0.072386715625 0.623858084375 0.07456648593750001 0.6168667140624999 0.0703916 0.61625424375 0.0645643234375
0 0.6782871921875 0.642299696875 0.68565605 0.63759743125 0.687666796875 0.6442596859374999 0.6946581671875001 0.6484345703125001 0.698444675 0.6470546515625 0.69203495 0.635945040625 0.6824511890625 0.6320426265625 0.676276446875 0.6356374421875 0.6782871921875 0.642299696875
0 0.638195584375 0.5601026265625 0.657944753125 0.5609727296875 0.6533416171875001 0.554582946875 0.6455644421875 0.5554003609375 0.6343782499999999 0.54872054375 0.626601078125 0.5495379578125 0.626805234375 0.5514803828125 0.638195584375 0.5601026265625
0 0.674284903125 0.554345603125 0.6816537609375 0.5496433374999999 0.6998005 0.5477360390625 0.7079551609375 0.538041475 0.701372103125 0.537751440625 0.694207403125 0.5443961296875 0.6784489 0.5440885328125 0.6724783140625 0.549625775 0.674284903125 0.554345603125
0 0.7831769515625 0.630293396875 0.7899641640625 0.63252585625 0.787136790625 0.6180939000000001 0.7811353796875 0.610869140625 0.7745523249999999 0.61057910625 0.7709699718749999 0.6139014515625 0.7725724046875 0.6166788546874999 0.7831769515625 0.630293396875
0 0.81104995625 0.608706934375 0.821623678125 0.609559475 0.8277984203125 0.6059646578125 0.8271859484374999 0.6001373812499999 0.80662015 0.591497575 0.80283364375 0.5928774953125 0.8048443875 0.5995397484375 0.81104995625 0.608706934375
0 0.5060336671875 0.512131078125 0.508248571875 0.5207357578125 0.5164340578125 0.5238031953125 0.5140149984375 0.5132560890625 0.52278213125 0.5093888015625 0.526160325 0.50412403125 0.525547853125 0.4982967546875 0.5125550718749999 0.48689710937499997 0.5157907609375 0.505213915625 0.5060336671875 0.512131078125
0 0.74910595625 0.4806915 0.7421454109375001 0.4892786171875 0.7441561578125 0.4959408703125 0.7594755203125 0.47960161562500003 0.75886305 0.4737743390625 0.773600765625 0.46436980937500005 0.7717941781250001 0.45964998125 0.7670177109375 0.46407977499999997 0.7566481453125 0.465169659375 0.7506775609375 0.47070690156249995 0.74910595625 0.4806915
0 0.5664752921875 0.513633940625 0.5810088515625 0.502286984375 0.5803963796875 0.49645970781250004 0.5762015578125 0.4939547765625 0.57241505 0.495334696875 0.5730275203125 0.5011619734375 0.5551157671875 0.5177737 0.5463486343749999 0.5216409875 0.5467877750000001 0.538287840625 0.552380871875 0.5416277484375 0.56015804375 0.5408103359374999 0.566128628125 0.53527309375 0.5645261968749999 0.532495690625 0.552962515625 0.5346930234375 0.5543299640625 0.5227660000000001 0.5698843109375 0.521131171875 0.5664752921875 0.513633940625
0 0.7759698 0.5367844984375 0.769182584375 0.5345520375 0.7606196093750001 0.5403617515625 0.760037965625 0.5472964765625 0.7287251140625 0.54862370625 0.7291334296875001 0.5525085578125 0.750076715625 0.5522712125 0.7638552984375 0.5586785578125 0.7867785031250001 0.552341465625 0.7927799140625 0.559566225 0.7961581078125 0.5543014546875 0.7929532453125 0.5487466484375 0.7835736421874999 0.5467866609375001 0.7759698 0.5367844984375
0 0.5755739328125 0.8121698468749999 0.56520436875 0.8132597328125 0.5540181765625001 0.806579915625 0.5384638296875 0.8082147421875 0.5386679875 0.81015716875 0.549241709375 0.8110097078124999 0.56322445 0.8193594796875001 0.5735940140625 0.8182695953125 0.5777888359375 0.8207745265625 0.5767988765625 0.8238244 0.5829736171875 0.820229584375 0.582565303125 0.8163447328125001 0.5755739328125 0.8121698468749999
0 0.419907165625 0.777470115625 0.4245103015625 0.7838598984375 0.43129751718750003 0.786092359375 0.4284701421875 0.7716604031250001 0.454944871875 0.7492389625 0.443381190625 0.751436296875 0.42884763125 0.7627832515625 0.4204888109375 0.770535390625 0.419907165625 0.777470115625
0 0.4998938 0.7779006578125001 0.49569897812499997 0.7753957265625 0.4881567875 0.7909175671875001 0.4905758484375 0.801464671875 0.49835302031250006 0.8006472578125001 0.5203170921875 0.8101220421875001 0.5241036 0.808742121875 0.5195004640625001 0.8023523390625 0.5021395281250001 0.7992673390625 0.4961381171875 0.7920425796874999 0.500506271875 0.783727934375 0.4998938 0.7779006578125001
0 0.2271727453125 0.8389688703125 0.230755096875 0.8356465249999999 0.22894850781249998 0.830926696875 0.22536615625 0.8342490421875001 0.2271727453125 0.8389688703125
0 0.3188655671875 0.8136205000000001 0.3226520734375 0.8122405796875001 0.31982469999999996 0.7978086234374999 0.3160381921875 0.7991885437499999 0.3188655671875 0.8136205000000001
0 0.3631095453125 0.7981689125 0.3668652265625 0.7840269906249999 0.36124130625 0.7679250796875 0.35745479687500004 0.769305 0.354924059375 0.795101475 0.34277873125 0.8042335328125001 0.3421970859375 0.8111682578125 0.3631095453125 0.7981689125
0 0.24981094062500003 0.879794934375 0.23705314375 0.883099715625 0.2245303265625 0.9011089265625 0.21576319375000003 0.9049762140625001 0.21357911718749997 0.9091335359375 0.2289293078125 0.9055562828125 0.2452386296875 0.8861671531249999 0.253015803125 0.8853497390625 0.2611704640625 0.875655175 0.2579656015625 0.8701003703125 0.25278081874999997 0.8706453125 0.253393290625 0.8764725890625 0.24981094062500003 0.879794934375
0 0.31997883125 0.8616186328125 0.31957051718749996 0.8577337828125 0.311180871875 0.85272391875 0.31394659375 0.841631871875 0.3027912265625 0.8477140562500001 0.301219621875 0.85769865625 0.29405491875 0.864343346875 0.2958615078125 0.869063175 0.2988622125 0.8726755546874999 0.30244456406250003 0.8693532093749999 0.2992397015625 0.8637984031249999 0.302822053125 0.8604760578124999 0.309405109375 0.8607660921875 0.31325326875 0.8849101765625 0.3190196953125 0.877430509375 0.31997883125 0.8616186328125
0 0.6532759171875 0.2796461828125 0.6475094890624999 0.28712585 0.6491119203125 0.289903253125 0.6519084687500001 0.2915732078125 0.6580832109375 0.287978390625 0.6532759171875 0.2796461828125
0 0.6729750578125 0.3423838703125 0.6554407921875 0.3501184453125 0.65584910625 0.354003296875 0.6662186703125 0.3529134125 0.6823546625 0.344343859375 0.6729750578125 0.3423838703125
0 0.7250886875 0.3644008734375 0.7531658484375 0.34475683749999997 0.7439904015625001 0.3447392734375 0.734233309375 0.35165643593749996 0.715882415625 0.35162130937499997 0.7123000625 0.3549436546875 0.7145149671875 0.363548334375 0.7250886875 0.3644008734375
0 0.5891210625000001 0.39243883125 0.5759549500000001 0.39185876249999996 0.5697802078125 0.39545357812500004 0.5713826390625 0.39823098125 0.592325925 0.3979936359375 0.604471253125 0.388861578125 0.619821440625 0.385284325 0.622995478125 0.378077128125 0.6190048125 0.37751462187499996 0.616820734375 0.38167194531250004 0.6036546234375 0.38109187499999997 0.5891210625000001 0.39243883125
0 0.6604714453125 0.28576349375 0.6698510484375 0.28772348281250004 0.6716576375 0.2924433109375 0.6553174890625 0.29907043906249997 0.64975521875 0.30849253125 0.6513576484375 0.311269934375 0.6635029765625 0.302137875 0.666299525 0.30380782968750003 0.6764649296874999 0.30077551874999997 0.68482375 0.29302337968750003 0.684007121875 0.285253678125 0.6718309687499999 0.281623734375 0.6614614046875 0.28271362031249997 0.6604714453125 0.28576349375
0 0.7662586859375 0.2324213140625 0.757695709375 0.23823102812500002 0.75973728125 0.257655284375 0.7400189390625 0.2695471828125 0.7398456078125 0.2803667578125 0.7466019953125 0.2698372171875 0.75956395 0.2684748609375 0.7681269265624999 0.262665146875 0.7699026890625 0.2546229734375 0.7662895125 0.24518331718750003 0.7710659796875 0.2407535234375 0.7704535078125 0.23492624687500002 0.7662586859375 0.2324213140625
0 0.6700360062499999 0.36429549375 0.6604830703125 0.37315508125 0.6564924046875 0.372592575 0.65690071875 0.3764774265625 0.6678827546874999 0.38121481875 0.6684952265625 0.3870420953125 0.6635146 0.3895294640625 0.6597589187499999 0.40367138437500005 0.6619738203125001 0.41227606406249995 0.67633405 0.4117486859375 0.6747316203125 0.4089712828125 0.6681485625 0.4086812484375 0.6695160125 0.3967542234375 0.6788647906249999 0.38595220937499997 0.67825231875 0.3801249328125 0.6696585171875 0.3731726453125 0.6700360062499999 0.36429549375
0 0.69461166875 0.29886822031250004 0.6806905796875 0.316042453125 0.6746891703125 0.3088176921875 0.6719234468749999 0.319909740625 0.6631563125 0.323777028125 0.663564628125 0.3276618796875 0.6769348984375 0.33018437343749996 0.6819155218749999 0.32769700625 0.69248924375 0.32854954687500004 0.6980515140625 0.319127453125 0.69245841875 0.3157875453125 0.69962311875 0.3091428546875 0.698806490625 0.3013731515625 0.69461166875 0.29886822031250004
0 0.6069711640625 0.3503031015625 0.6026030109375 0.3586177453125 0.6028379953125 0.37332217343749996 0.6090127359374999 0.36972735624999997 0.61457500625 0.3603052640625 0.62095390625 0.358652871875 0.6163199421875001 0.3395010875 0.6234846453125 0.332856396875 0.6232496624999999 0.31815197031250003 0.6029496734374999 0.33697859375 0.6069711640625 0.3503031015625
0 0.880262759375 0.8557552703125 0.8772928796875 0.8649048921875 0.88923405 0.8538304078125 0.909769021875 0.8497082125000001 0.9175153671875 0.836128796875 0.9109323125 0.8358387625000001 0.907758275 0.8430459578124999 0.8991953 0.8488556718750001 0.888621578125 0.8480031312499999 0.880262759375 0.8557552703125