0 0.22265625 0.3193171578125 0.2236328125 0.2945537859375 0.220703125 0.30107046249999997 0.220703125 0.3193171578125 0.22265625 0.3193171578125
0 0.2138671875 0.61778095 0.2099609375 0.615174278125 0.20703125 0.619084284375 0.205078125 0.6295109671875 0.1953125 0.63993765 0.197265625 0.645150990625 0.208984375 0.634724309375 0.2109375 0.6242976265625 0.21484375 0.6216909562499999 0.2138671875 0.61778095
0 0.212890625 0.4366173375 0.20703125 0.4470440203125 0.20703125 0.4548640328125 0.21875 0.465290715625 0.21484375 0.45225736093749996 0.21875 0.4340106671875 0.2119140625 0.42749399062500004 0.212890625 0.4366173375
0 0.2353515625 0.3154071515625 0.232421875 0.3193171578125 0.2470703125 0.3388671875 0.2587890625 0.344080528125 0.263671875 0.34277719375000004 0.2548828125 0.333653846875 0.2490234375 0.333653846875 0.2412109375 0.318013821875 0.2353515625 0.3154071515625
0 0.263671875 0.46268404375000005 0.2587890625 0.4561673671875 0.2548828125 0.4561673671875 0.25390625 0.46268404375000005 0.244140625 0.47050405624999997 0.2421875 0.47832406875 0.2421875 0.48614408124999997 0.244140625 0.48614408124999997 0.2490234375 0.4744140625 0.2587890625 0.4744140625 0.263671875 0.46789738593749997 0.263671875 0.46268404375000005
0 0.1923828125 0.333653846875 0.1884765625 0.333653846875 0.1875 0.3610238890625 0.19140625 0.3662372296875 0.189453125 0.37145057187499997 0.1953125 0.37145057187499997 0.201171875 0.3610238890625 0.19140625 0.355810546875 0.197265625 0.3401705234375 0.1923828125 0.333653846875
0 0.236328125 0.329743840625 0.2333984375 0.32844050468749997 0.224609375 0.3453838640625 0.224609375 0.35320387656249996 0.2392578125 0.37275390625 0.2421875 0.37145057187499997 0.240234375 0.363630559375 0.23046875 0.35320387656249996 0.236328125 0.3375638515625 0.236328125 0.329743840625
0 0.2255859375 0.46659405 0.21875 0.46789738593749997 0.224609375 0.4757173984375 0.224609375 0.48093073906250006 0.2109375 0.5017841046875 0.212890625 0.506997446875 0.2197265625 0.503087440625 0.23046875 0.48614408124999997 0.23046875 0.4731107265625 0.2255859375 0.46659405
0 0.2265625 0.652971003125 0.2294921875 0.65948768125 0.2451171875 0.65948768125 0.2529296875 0.6699143640624999 0.26171875 0.6686110281250001 0.265625 0.660791015625 0.2548828125 0.65948768125 0.2470703125 0.6490609984375 0.2265625 0.652971003125
0 0.50390625 0.9423114484375 0.4990234375 0.9331881015624999 0.49609375 0.9344914359375001 0.4970703125 0.943614784375 0.50390625 0.9423114484375
0 0.447265625 0.7911245484375 0.4501953125 0.7767878609375 0.44140625 0.788517878125 0.4423828125 0.792427884375 0.447265625 0.7911245484375
0 0.4814453125 0.8237079328125001 0.47265625 0.8536846453125 0.478515625 0.8536846453125 0.48046875 0.8406512921875 0.484375 0.8354379515625 0.484375 0.8276179390625 0.4814453125 0.8237079328125001
0 0.4765625 0.973591496875 0.4765625 0.9814115093750001 0.4853515625 0.9983548671875001 0.490234375 0.9970515328125 0.484375 0.9814115093750001 0.48046875 0.9788048375 0.4794921875 0.969681490625 0.4765625 0.973591496875
0 0.5927734375 0.8602013218750001 0.5888671875 0.8602013218750001 0.59375 0.871931340625 0.60546875 0.88496469375 0.60546875 0.89278470625 0.6083984375 0.8966947109375001 0.611328125 0.8953913765625 0.607421875 0.8875713640624999 0.609375 0.88496469375 0.607421875 0.8771446812500001 0.5927734375 0.8602013218750001
0 0.568359375 0.9892315203125 0.5712890625 0.9931415265625001 0.576171875 0.991838190625 0.591796875 0.9761981671875001 0.5888671875 0.9670748187499999 0.5849609375 0.9670748187499999 0.568359375 0.9892315203125
0 0.6376953125 0.9384014421875 0.62890625 0.9423114484375 0.626953125 0.965771484375 0.615234375 0.9788048375 0.615234375 0.9866248499999999 0.6181640625 0.99053485625 0.62109375 0.9892315203125 0.62109375 0.9840181781249999 0.6328125 0.9683781546875 0.630859375 0.9501314609374999 0.6376953125 0.9384014421875
0 0.4697265625 0.91494140625 0.4619140625 0.91494140625 0.4560546875 0.9279747593750001 0.4482421875 0.93058143125 0.443359375 0.93709810625 0.4453125 0.9423114484375 0.4599609375 0.9357947718749999 0.4658203125 0.9227614187500001 0.4765625 0.9240647531249999 0.4697265625 0.91494140625
0 0.421875 0.775484525 0.4208984375 0.7689678484375 0.4150390625 0.7715745187499999 0.408203125 0.7833045375000001 0.408203125 0.796337890625 0.412109375 0.804157903125 0.412109375 0.8119779140625001 0.408203125 0.8171912562499999 0.416015625 0.8171912562499999 0.419921875 0.8145845859374999 0.419921875 0.80155123125 0.4140625 0.7859112078125 0.421875 0.775484525
0 0.5322265625 0.99053485625 0.537109375 0.9788048375 0.52734375 0.9788048375 0.52734375 0.9709848265625001 0.53125 0.9631648140625 0.5263671875 0.9618614781250001 0.5166015625 0.969681490625 0.5107421875 0.9801081734375 0.501953125 0.9866248499999999 0.50390625 0.991838190625 0.5126953125 0.9879281843750001 0.5185546875 0.9775015015624999 0.5244140625 0.9879281843750001 0.5322265625 0.99053485625
0 0.5654296875 0.909728065625 0.5537109375 0.8914813703125001 0.5322265625 0.894088040625 0.529296875 0.9006047171875 0.5302734375 0.909728065625 0.5361328125 0.8993013828124999 0.5478515625 0.8993013828124999 0.5546875 0.905818059375 0.5595703125 0.9175480765625 0.5703125 0.9188514124999999 0.583984375 0.9084247296875001 0.5810546875 0.9045147234375 0.5751953125 0.9045147234375 0.5654296875 0.909728065625
0 0.775390625 0.5878042359375 0.7705078125 0.5838942312500001 0.759765625 0.5851975656249999 0.7666015625 0.589107571875 0.775390625 0.5878042359375
0 0.7958984375 0.42749399062500004 0.798828125 0.4261906546875 0.802734375 0.4209773140625 0.7998046875 0.41446063593750004 0.79296875 0.4209773140625 0.7958984375 0.42749399062500004
0 0.771484375 0.5226374703125 0.775390625 0.525244140625 0.79296875 0.5226374703125 0.7900390625 0.5187274640624999 0.7744140625 0.5187274640624999 0.771484375 0.5226374703125
0 0.734375 0.295857121875 0.728515625 0.29325045156249996 0.7373046875 0.31280048125 0.74609375 0.3114971453125 0.751953125 0.30628380312500003 0.7470703125 0.30498046875 0.7392578125 0.31019380937499996 0.734375 0.295857121875
0 0.8330078125 0.44834735625000005 0.826171875 0.4548640328125 0.826171875 0.4600773734375 0.8291015625 0.46659405 0.8359375 0.47050405624999997 0.8359375 0.47832406875 0.837890625 0.47832406875 0.83984375 0.47050405624999997 0.83203125 0.46268404375000005 0.8359375 0.45225736093749996 0.8330078125 0.44834735625000005
0 0.8095703125 0.7011944109375 0.7978515625 0.70380108125 0.794921875 0.7077110875 0.8037109375 0.7090144234375 0.80859375 0.7155311 0.80859375 0.728564453125 0.818359375 0.736384465625 0.82421875 0.7311711234375 0.814453125 0.7259577828125 0.8125 0.7051044171874999 0.8095703125 0.7011944109375
0 0.8525390625 0.5109074515625001 0.8408203125 0.5265474765625 0.8359375 0.5278508109375 0.8369140625 0.5317608171875 0.84765625 0.53045748125 0.8583984375 0.5291541468750001 0.861328125 0.525244140625 0.8583984375 0.5109074515625001 0.8525390625 0.5109074515625001
0 0.8427734375 0.409247296875 0.8359375 0.41837064375 0.83984375 0.4366173375 0.83203125 0.4366173375 0.8369140625 0.44834735625000005 0.841796875 0.4470440203125 0.84765625 0.439224009375 0.84375 0.4261906546875 0.8466796875 0.409247296875 0.8427734375 0.409247296875
0 0.8330078125 0.56043419375 0.828125 0.5643442015625 0.828125 0.5721642124999999 0.833984375 0.579984225 0.833984375 0.5878042359375 0.826171875 0.593017578125 0.828125 0.59823091875 0.8369140625 0.596927584375 0.841796875 0.5904109078124999 0.841796875 0.577377553125 0.8330078125 0.56043419375
0 0.7587890625 0.46659405 0.75390625 0.4731107265625 0.75390625 0.47832406875 0.7705078125 0.5004807687499999 0.77734375 0.49917743437500006 0.76953125 0.48353740937499995 0.767578125 0.47050405624999997 0.7646484375 0.46659405 0.7587890625 0.46659405
0 0.8984375 0.49396409218750004 0.900390625 0.4887507515625 0.8974609375 0.4848407453125 0.890625 0.48614408124999997 0.890625 0.49396409218750004 0.896484375 0.504390775 0.8935546875 0.5109074515625001 0.8837890625 0.50830078125 0.8828125 0.49396409218750004 0.8798828125 0.4900540859375 0.875 0.491357421875 0.87890625 0.4965707640625 0.876953125 0.509604115625 0.8798828125 0.5161207937500001 0.90234375 0.5174241281249999 0.904296875 0.5122107875 0.900390625 0.506997446875 0.90234375 0.504390775 0.8984375 0.49396409218750004
0 0.4765625 0.3662372296875 0.486328125 0.3584172171875 0.4775390625 0.359720553125 0.474609375 0.363630559375 0.4765625 0.3662372296875
0 0.51171875 0.66600435625 0.5107421875 0.6620943515625 0.5 0.6581843453125 0.5029296875 0.664701021875 0.51171875 0.66600435625
0 0.443359375 0.5695575421875 0.451171875 0.5643442015625 0.4404296875 0.56043419375 0.4375 0.5695575421875 0.443359375 0.5695575421875
0 0.4638671875 0.36493389375 0.466796875 0.363630559375 0.4638671875 0.3545072109375 0.4580078125 0.34929387031250003 0.455078125 0.35059720625 0.4638671875 0.36493389375
0 0.5625 0.4366173375 0.5625 0.45225736093749996 0.55859375 0.4548640328125 0.5595703125 0.4587740390625 0.5625 0.457470703125 0.56640625 0.4548640328125 0.56640625 0.439224009375 0.5693359375 0.4353140015625 0.5625 0.4366173375
0 0.53125 0.441830678125 0.52734375 0.4548640328125 0.533203125 0.4548640328125 0.533203125 0.44965069062499996 0.541015625 0.441830678125 0.5400390625 0.43792067343749996 0.53125 0.441830678125
0 0.5244140625 0.6282076328125 0.533203125 0.626904296875 0.5244140625 0.6125676078125 0.51953125 0.6164776140625 0.51953125 0.6216909562499999 0.5244140625 0.6282076328125
0 0.4716796875 0.46920072187499995 0.4765625 0.46789738593749997 0.48046875 0.4600773734375 0.4755859375 0.453560696875 0.462890625 0.4548640328125 0.4716796875 0.46920072187499995
0 0.4931640625 0.3466872 0.5234375 0.3453838640625 0.5205078125 0.3388671875 0.4970703125 0.3388671875 0.490234375 0.34277719375000004 0.4931640625 0.3466872
0 0.443359375 0.441830678125 0.4541015625 0.453560696875 0.458984375 0.45225736093749996 0.4658203125 0.45095402656249994 0.466796875 0.44443735 0.4560546875 0.43792067343749996 0.443359375 0.441830678125
0 0.4912109375 0.57607421875 0.48828125 0.579984225 0.4921875 0.5878042359375 0.4921875 0.5956242484375001 0.484375 0.6112642734375 0.484375 0.6242976265625 0.486328125 0.6242976265625 0.490234375 0.6086576015625 0.498046875 0.59823091875 0.498046875 0.5904109078124999 0.4912109375 0.57607421875
0 0.51953125 0.6868577218749999 0.5244140625 0.690767728125 0.5380859375 0.690767728125 0.541015625 0.694677734375 0.5390625 0.702497746875 0.544921875 0.702497746875 0.546875 0.694677734375 0.5380859375 0.680341046875 0.51953125 0.68164438125 0.51953125 0.6868577218749999
0 0.3583984375 0.34929387031250003 0.35546875 0.35320387656249996 0.36328125 0.363630559375 0.36328125 0.3688439 0.357421875 0.37666391250000003 0.357421875 0.38448392343750004 0.3603515625 0.38839393125 0.36328125 0.3870905953125 0.369140625 0.37145057187499997 0.369140625 0.3610238890625 0.3662109375 0.3545072109375 0.3583984375 0.34929387031250003
0 0.5634765625 0.677734375 0.556640625 0.6790377109375 0.5654296875 0.69598106875 0.5810546875 0.6985877406250001 0.5869140625 0.71162109375 0.591796875 0.710317759375 0.5849609375 0.6881610578124999 0.5810546875 0.6855543859375001 0.5693359375 0.6881610578124999 0.5634765625 0.677734375
0 0.51953125 0.4131573015625 0.5068359375 0.41185396562500004 0.50390625 0.4209773140625 0.509765625 0.43140399687500003 0.509765625 0.441830678125 0.505859375 0.4548640328125 0.5107421875 0.46138070937500003 0.515625 0.4600773734375 0.517578125 0.4470440203125 0.515625 0.43140399687500003 0.51171875 0.423583984375 0.51953125 0.4131573015625
0 0.5966796875 0.3988206140625 0.59375 0.40273061875 0.591796875 0.4209773140625 0.5947265625 0.42488731875 0.6025390625 0.42488731875 0.6171875 0.44443735 0.6171875 0.4340106671875 0.607421875 0.4209773140625 0.60546875 0.4053372890625 0.5966796875 0.3988206140625
0 0.5419921875 0.5291541468750001 0.544921875 0.525244140625 0.54296875 0.5148174578125 0.5380859375 0.50830078125 0.5185546875 0.5056941109374999 0.515625 0.509604115625 0.517578125 0.5174241281249999 0.515625 0.5356708234374999 0.5185546875 0.539580828125 0.521484375 0.53827749375 0.5244140625 0.5161207937500001 0.5283203125 0.5187274640624999 0.5361328125 0.5161207937500001 0.5419921875 0.5291541468750001