0 0.6304088625000001 0.2515924671875 0.6265164953125 0.2526371203125 0.626686928125 0.2624012578125 0.63064746875 0.2652622609375 0.6304088625000001 0.2515924671875
0 0.5377235546875 0.169213128125 0.5235765265625 0.1802038890625 0.5249307921875 0.183110384375 0.5391119093750001 0.17407245 0.5377235546875 0.169213128125
0 0.5416592109375 0.245327909375 0.535262828125 0.2522765375 0.5341130828125 0.26108700625000003 0.5431157359375 0.2540928859375 0.5416592109375 0.245327909375
0 0.3588110125 0.225078465625 0.37180829531250004 0.222898175 0.371740121875 0.2189925203125 0.3638872125 0.2171761703125 0.35485047187499996 0.2222174640625 0.3588110125 0.225078465625
0 0.42701725625 0.24928241406249999 0.4205527 0.2523253875 0.42190696875 0.25523188124999996 0.43493833750000005 0.25500441875 0.44028723125 0.26272474375 0.4441795984375 0.261680090625 0.44275715781249997 0.25486794062499996 0.42701725625 0.24928241406249999
0 0.382760371875 0.1035482328125 0.3892590125 0.10245808593750001 0.387836571875 0.09564593593750001 0.37981323125 0.08406545 0.3759549515625 0.0870629296875 0.382760371875 0.1035482328125
0 0.3694747140625 0.2385662875 0.3525850671875 0.24179123125 0.35397341875 0.246650553125 0.3669707015625 0.2444702625 0.372285509375 0.2502377609375 0.380104328125 0.2501012828125 0.3800702421875 0.2481484546875 0.3694747140625 0.2385662875
0 0.5307909875 0.220123121875 0.5307228140625 0.21621746718749998 0.5228017328125001 0.2104954625 0.5071300046875 0.208815590625 0.4965003890625 0.1972805953125 0.4900017484375 0.1983707421875 0.50198563125 0.21281223124999998 0.515051084375 0.2145375953125 0.525578440625 0.22021410624999999 0.5307909875 0.220123121875
0 0.2608882734375 0.2160438890625 0.2777438359375 0.21086611875 0.2802819359375 0.2069149703125 0.256893646875 0.211230059375 0.250531353125 0.22013151562500002 0.2506336125 0.2259899984375 0.24413497031250003 0.22708014375 0.242882965625 0.23003213125 0.252056053125 0.23280214843749997 0.258486521875 0.227806346875 0.2608882734375 0.2160438890625
0 0.4672335 0.014169734375000001 0.4645931390625 0.0122624 0.46076894687500003 0.0172127078125 0.4609734671875 0.028929673437499998 0.44554034531250003 0.04091959375 0.454883865625 0.053453748437500004 0.45339325312499995 0.04273594375 0.4688263734375 0.030746021875 0.4672335 0.014169734375000001
0 0.690777878125 0.12551968125 0.685428984375 0.11779935625 0.6792030359375001 0.13451212343750002 0.6688802015624999 0.1405525765625 0.6653287031249999 0.1611255046875 0.6743654453125 0.1560842109375 0.6768012828125001 0.14627458124999998 0.6896622171875 0.1362829796875 0.690777878125 0.12551968125
0 0.34059198125 0.1521431359375 0.3433686890625 0.16186178125 0.33297768125 0.1639965796875 0.3382584015625 0.1678112484375 0.3331481140625 0.1737607171875 0.333250375 0.17961919843750002 0.337210915625 0.1824802015625 0.3423212015625 0.1765307328125 0.3670978453125 0.1770749671875 0.36452565937500003 0.1790732875 0.3673705390625 0.1926975875 0.35444143125 0.1987835328125 0.35582978593750003 0.20364285624999998 0.3752234484375 0.1945139359375 0.3724126546875 0.1828424640625 0.37752294062499997 0.17689299687499999 0.3722422203125 0.1730783265625 0.3786386 0.1661296984375 0.38913186718750004 0.1698533828125 0.3890296078125 0.1639949 0.3785363390625 0.160271215625 0.36306913125 0.17030830937500002 0.3526440359375 0.1704902796875 0.3474996640625 0.1744869203125 0.34604313593749997 0.16572194375 0.3536915234375 0.155821328125 0.3470565359375 0.1491001625 0.34059198125 0.1521431359375
0 0.2601005203125 0.6936694453125 0.2562422421875 0.6966669249999999 0.2577328546875 0.7073847296875 0.26162522187500004 0.706340078125 0.2601005203125 0.6936694453125
0 0.2312702796875 0.7596123328125 0.2299160140625 0.7567058375 0.2157348984375 0.765743771875 0.21451697812499998 0.7706485875 0.20537797656249998 0.769831396875 0.209406690625 0.7765980546875 0.2146192375 0.77650706875 0.22104970468750001 0.77151126875 0.22351963125 0.763654465625 0.2312702796875 0.7596123328125
0 0.2346854328125 0.7312280953125 0.2436880859375 0.7242339734375001 0.2447355734375 0.709565021875 0.23830510624999998 0.7145608218749999 0.238441453125 0.72237213125 0.2320109859375 0.7273679328125 0.22161997812499998 0.72950273125 0.21522359687499998 0.736451359375 0.21657786406250001 0.739357853125 0.2268666109375 0.7313645734375 0.2346854328125 0.7312280953125
0 0.2561832703125 0.7679678765625 0.2732092640625 0.7725542421875 0.26826941249999997 0.7882678484375 0.27490439843750003 0.7949890125 0.277067546875 0.7695567624999999 0.25215455625 0.76120121875 0.2561832703125 0.7679678765625
0 0.1968000453125 0.6517990640625 0.18008083125000002 0.6647881453125 0.17764498906249998 0.674597775 0.16471588125 0.680683721875 0.1661042359375 0.68554304375 0.1854638109375 0.674461296875 0.18789965 0.6646516671875 0.19815431249999998 0.6547055578125 0.1968000453125 0.6517990640625
0 0.197856734375 0.7123367171874999 0.21356255000000002 0.7159694156249999 0.21610064843750001 0.71201826875 0.200394834375 0.70838556875 0.17697245781249998 0.71074783125 0.1730119171875 0.707886828125 0.1728755703125 0.7000755187500001 0.167697109375 0.70211933125 0.1678675421875 0.71188346875 0.17446844374999998 0.71665180625 0.197856734375 0.7123367171874999
0 0.5443298984375 0.771728659375 0.544432159375 0.7775871421875 0.553400728125 0.76864019375 0.5637917359375 0.7665053953125 0.5689020234375 0.760555928125 0.5507603671875 0.766732859375 0.5443298984375 0.771728659375
0 0.534713684375 0.743571884375 0.5267244296875 0.733944225 0.5282832187500001 0.7485676859375 0.52060074375 0.7565154734374999 0.5248339765625001 0.7749990953125 0.5312644453125 0.7700032953125 0.5284536515625 0.7583318234374999 0.536136125 0.750384034375 0.534713684375 0.743571884375
0 0.58795481875 0.7318987328125 0.5802041703125 0.7359408671875001 0.5815584359375 0.7388473609374999 0.5957736375 0.73176225625 0.5901179640625001 0.7064664828125 0.59651434375 0.6995178546874999 0.566729675 0.710781571875 0.566831934375 0.7166400546875 0.570792475 0.71950105625 0.5758686749999999 0.7115987609375 0.583653409375 0.70950945625 0.5876139515625 0.7123704578125001 0.5850417625000001 0.714368778125 0.58795481875 0.7318987328125
0 0.6536386421875 0.6115934453125 0.6513050640625 0.6272615578125 0.628189465625 0.6471992671875 0.629543734375 0.6501057625 0.642506928125 0.64597264375 0.65922614375 0.6329835625 0.6627094703124999 0.6085049796875001 0.6536386421875 0.6115934453125