0 0.8076171875 0.31019380937499996 0.80078125 0.3167104859375 0.806640625 0.3167104859375 0.8076171875 0.31019380937499996
0 0.7763671875 0.25024038437499996 0.7734375 0.254150390625 0.7734375 0.26457707343750003 0.7861328125 0.27109375 0.7890625 0.2776104265625 0.791015625 0.2697904140625 0.7861328125 0.2632737390625 0.7802734375 0.2632737390625 0.7763671875 0.25024038437499996
0 0.7998046875 0.5291541468750001 0.80859375 0.5278508109375 0.7958984375 0.5109074515625001 0.78125 0.5200307984375 0.7958984375 0.5187274640624999 0.7998046875 0.5291541468750001
0 0.8232421875 0.41185396562500004 0.8125 0.4287973265625 0.8134765625 0.43270733124999994 0.81640625 0.43140399687500003 0.8251953125 0.41967397812499996 0.8310546875 0.41967397812499996 0.8359375 0.4131573015625 0.8232421875 0.41185396562500004
0 0.466796875 0.4053372890625 0.4638671875 0.3988206140625 0.4580078125 0.3988206140625 0.455078125 0.40273061875 0.466796875 0.4053372890625
0 0.4228515625 0.36754056562500004 0.4296875 0.3688439 0.435546875 0.3610238890625 0.4345703125 0.3571138828125 0.421875 0.363630559375 0.4228515625 0.36754056562500004
0 0.384765625 0.363630559375 0.376953125 0.374057240625 0.3828125 0.374057240625 0.388671875 0.3688439 0.3896484375 0.34929387031250003 0.384765625 0.355810546875 0.384765625 0.363630559375
0 0.2578125 0.261970403125 0.2666015625 0.27109375 0.27734375 0.2697904140625 0.2802734375 0.25806039687500004 0.2724609375 0.265880409375 0.2646484375 0.2606670671875 0.2578125 0.261970403125
0 0.3125 0.2567570609375 0.3232421875 0.27109375 0.3359375 0.2697904140625 0.3251953125 0.2632737390625 0.3193359375 0.25024038437499996 0.314453125 0.2515437203125 0.3125 0.2567570609375
0 0.1552734375 0.3571138828125 0.158203125 0.3792705828125 0.171875 0.397517278125 0.171875 0.389697265625 0.1640625 0.3792705828125 0.16015625 0.3610238890625 0.1552734375 0.3571138828125
0 0.2509765625 0.4718073921875 0.2568359375 0.46398737968750003 0.2626953125 0.4718073921875 0.271484375 0.47050405624999997 0.2568359375 0.453560696875 0.244140625 0.46789738593749997 0.2451171875 0.4718073921875 0.2509765625 0.4718073921875
0 0.3642578125 0.284127103125 0.359375 0.303677134375 0.37109375 0.3193171578125 0.369140625 0.329743840625 0.373046875 0.3323505109375 0.375 0.314103815625 0.365234375 0.30107046249999997 0.3671875 0.288037109375 0.3642578125 0.284127103125
0 0.2900390625 0.2789137609375 0.2841796875 0.2789137609375 0.283203125 0.28282376875000004 0.2890625 0.288037109375 0.2890625 0.295857121875 0.298828125 0.308890475 0.296875 0.3167104859375 0.30078125 0.3167104859375 0.3046875 0.308890475 0.294921875 0.29325045156249996 0.294921875 0.2854304390625 0.2900390625 0.2789137609375
0 0.3974609375 0.2632737390625 0.384765625 0.2723970859375 0.3974609375 0.273700421875 0.4052734375 0.284127103125 0.4130859375 0.284127103125 0.4189453125 0.29194711562500003 0.421875 0.2906437796875 0.423828125 0.288037109375 0.4189453125 0.2789137609375 0.4072265625 0.276307090625 0.3974609375 0.2632737390625
0 0.2626953125 0.4978740984375 0.2529296875 0.5004807687499999 0.2470703125 0.5109074515625001 0.234375 0.5122107875 0.2431640625 0.521334134375 0.25 0.5200307984375 0.2587890625 0.50830078125 0.2705078125 0.5161207937500001 0.2734375 0.5122107875 0.2626953125 0.4978740984375
0 0.345703125 0.3193171578125 0.3408203125 0.31280048125 0.337890625 0.314103815625 0.33984375 0.329743840625 0.3310546875 0.3362605171875 0.32421875 0.347990534375 0.32421875 0.35320387656249996 0.3291015625 0.359720553125 0.3359375 0.3584172171875 0.337890625 0.35320387656249996 0.333984375 0.347990534375 0.345703125 0.33495718124999996 0.345703125 0.3193171578125
0 0.453125 0.44443735 0.46484375 0.43140399687500003 0.466796875 0.4209773140625 0.4482421875 0.43792067343749996 0.4345703125 0.42749399062500004 0.4375 0.441830678125 0.447265625 0.44965069062499996 0.4453125 0.465290715625 0.4375 0.47050405624999997 0.44140625 0.48353740937499995 0.462890625 0.5017841046875 0.4609375 0.4887507515625 0.4453125 0.47050405624999997 0.453125 0.457470703125 0.453125 0.44443735
0 0.265625 0.4001239484375 0.2607421875 0.38839393125 0.2548828125 0.38839393125 0.248046875 0.397517278125 0.2470703125 0.404033953125 0.2392578125 0.404033953125 0.23046875 0.41576397187499997 0.2314453125 0.41967397812499996 0.2373046875 0.41967397812499996 0.2451171875 0.41185396562500004 0.2509765625 0.41706730781249995 0.2548828125 0.41446063593750004 0.2607421875 0.41706730781249995 0.263671875 0.4366173375 0.2734375 0.441830678125 0.267578125 0.41837064375 0.267578125 0.41055063125 0.271484375 0.4053372890625 0.265625 0.4001239484375
0 0.44921875 0.44443735 0.4423828125 0.43792067343749996 0.439453125 0.439224009375 0.4443359375 0.44574068437500003 0.44921875 0.44443735
0 0.5703125 0.66600435625 0.5693359375 0.6620943515625 0.560546875 0.6633976859375 0.5615234375 0.6673076921875001 0.5703125 0.66600435625
0 0.5234375 0.5878042359375 0.5283203125 0.5943209140625 0.5390625 0.593017578125 0.5361328125 0.589107571875 0.5302734375 0.589107571875 0.5234375 0.579984225 0.5234375 0.5878042359375
0 0.4931640625 0.6881610578124999 0.49609375 0.6868577218749999 0.4912109375 0.677734375 0.478515625 0.67382436875 0.4814453125 0.680341046875 0.4931640625 0.6881610578124999
0 0.5166015625 0.4926607578125 0.5234375 0.5122107875 0.529296875 0.5174241281249999 0.533203125 0.5122107875 0.53125 0.506997446875 0.5224609375 0.495267428125 0.5166015625 0.4926607578125
0 0.5869140625 0.7767878609375 0.5908203125 0.7820012015625 0.59375 0.780697865625 0.5869140625 0.7689678484375 0.56640625 0.7702711843750001 0.5712890625 0.7767878609375 0.5869140625 0.7767878609375
0 0.5185546875 0.680341046875 0.5146484375 0.680341046875 0.5087890625 0.690767728125 0.501953125 0.6920710640625 0.5078125 0.694677734375 0.501953125 0.7051044171874999 0.5029296875 0.7090144234375 0.505859375 0.7077110875 0.51953125 0.6998910765625 0.51171875 0.694677734375 0.51953125 0.6868577218749999 0.5185546875 0.680341046875
0 0.4423828125 0.46920072187499995 0.4375 0.47050405624999997 0.4482421875 0.4900540859375 0.462890625 0.5017841046875 0.462890625 0.49396409218750004 0.4560546875 0.48223407500000004 0.4482421875 0.479627403125 0.4423828125 0.46920072187499995
0 0.529296875 0.6842510515625 0.529296875 0.68946439375 0.5361328125 0.6985877406250001 0.5537109375 0.6933743984375 0.560546875 0.702497746875 0.5576171875 0.6855543859375001 0.5478515625 0.6855543859375001 0.5400390625 0.690767728125 0.529296875 0.6842510515625
0 0.3681640625 0.672521034375 0.3603515625 0.672521034375 0.35546875 0.6790377109375 0.353515625 0.68946439375 0.341796875 0.6998910765625 0.35546875 0.6998910765625 0.359375 0.6972844046875 0.36328125 0.68164438125 0.369140625 0.6764310390625 0.3681640625 0.672521034375
0 0.4130859375 0.5343674890625 0.40625 0.5408841640625 0.4052734375 0.5526141828125 0.4130859375 0.544794171875 0.4189453125 0.5526141828125 0.4287109375 0.5526141828125 0.4306640625 0.563040865625 0.435546875 0.5617375296875 0.435546875 0.551310846875 0.4326171875 0.547400840625 0.4228515625 0.544794171875 0.4130859375 0.5343674890625
0 0.5029296875 0.61778095 0.4873046875 0.6282076328125 0.486328125 0.6321176390625001 0.4921875 0.63993765 0.498046875 0.6633976859375 0.5009765625 0.6673076921875001 0.505859375 0.66600435625 0.498046875 0.6503643328125001 0.49609375 0.634724309375 0.50390625 0.6242976265625 0.5029296875 0.61778095
0 0.423828125 0.66600435625 0.4208984375 0.6620943515625 0.41015625 0.6868577218749999 0.412109375 0.694677734375 0.41015625 0.7051044171874999 0.4140625 0.7077110875 0.419921875 0.702497746875 0.41796875 0.6868577218749999 0.423828125 0.6764310390625 0.423828125 0.66600435625
0 0.376953125 0.6164776140625 0.3759765625 0.6125676078125 0.359375 0.619084284375 0.357421875 0.634724309375 0.34765625 0.652971003125 0.3486328125 0.6568810093749999 0.3515625 0.6555776734375 0.361328125 0.645150990625 0.36328125 0.6295109671875 0.3720703125 0.622994290625 0.376953125 0.6164776140625
0 0.4072265625 0.6412409859375 0.3935546875 0.64384765625 0.390625 0.6503643328125001 0.390625 0.660791015625 0.3955078125 0.6673076921875001 0.40625 0.6712176984375 0.3984375 0.6555776734375 0.412109375 0.6477576625 0.4111328125 0.63602764375 0.4072265625 0.6412409859375
0 0.3671875 0.5851975656249999 0.3671875 0.593017578125 0.3720703125 0.5995342546875 0.376953125 0.59823091875 0.390625 0.574770884375 0.390625 0.5695575421875 0.3837890625 0.563040865625 0.3671875 0.5851975656249999
0 0.4462890625 0.6099609375 0.4365234375 0.6125676078125 0.4208984375 0.5838942312500001 0.41796875 0.5878042359375 0.41796875 0.59823091875 0.427734375 0.6112642734375 0.427734375 0.6164776140625 0.4345703125 0.6256009609375 0.4482421875 0.6203876203124999 0.44921875 0.634724309375 0.455078125 0.6373309796875 0.45703125 0.6321176390625001 0.453125 0.6295109671875 0.453125 0.619084284375 0.4462890625 0.6099609375
0 0.25390625 0.796337890625 0.2578125 0.7911245484375 0.2568359375 0.7846078734375 0.25 0.796337890625 0.25390625 0.796337890625
0 0.267578125 0.8171912562499999 0.2607421875 0.81328125 0.25390625 0.8145845859374999 0.2568359375 0.8184945906250001 0.267578125 0.8171912562499999
0 0.2822265625 0.9384014421875 0.291015625 0.93709810625 0.2919921875 0.9331881015624999 0.2880859375 0.9357947718749999 0.28125 0.9292780953124999 0.2822265625 0.9384014421875
0 0.103515625 0.8354379515625 0.107421875 0.830224609375 0.1083984375 0.8184945906250001 0.099609375 0.8354379515625 0.103515625 0.8354379515625
0 0.1767578125 0.792427884375 0.171875 0.7989445609375 0.173828125 0.80155123125 0.1767578125 0.7976412265625 0.19140625 0.7989445609375 0.1884765625 0.79503455625 0.1767578125 0.792427884375
0 0.12890625 0.8328312796875 0.119140625 0.8432579625000001 0.12109375 0.8536846453125 0.125 0.8536846453125 0.123046875 0.8432579625000001 0.1328125 0.8328312796875 0.1298828125 0.826314603125 0.12890625 0.8328312796875
0 0.087890625 0.8380446218750001 0.091796875 0.8406512921875 0.08984375 0.864111328125 0.09375 0.864111328125 0.09375 0.8406512921875 0.099609375 0.8380446218750001 0.0888671875 0.8341346156249999 0.087890625 0.8380446218750001
0 0.2294921875 0.7846078734375 0.224609375 0.7937312203125 0.22265625 0.80937124375 0.2265625 0.80937124375 0.2265625 0.796337890625 0.236328125 0.788517878125 0.2333984375 0.7846078734375 0.2294921875 0.7846078734375
0 0.1513671875 0.6542743390625 0.1484375 0.660791015625 0.150390625 0.6686110281250001 0.1572265625 0.675127703125 0.1630859375 0.675127703125 0.16796875 0.68164438125 0.16796875 0.6920710640625 0.169921875 0.6920710640625 0.171875 0.6790377109375 0.1650390625 0.6699143640624999 0.1572265625 0.6673076921875001 0.1513671875 0.6542743390625
0 0.1474609375 0.7820012015625 0.1357421875 0.77939453125 0.134765625 0.7833045375000001 0.1376953125 0.78721454375 0.1484375 0.7937312203125 0.1484375 0.8145845859374999 0.1533203125 0.8211012609375 0.16015625 0.8197979265625 0.1640625 0.8145845859374999 0.15234375 0.80937124375 0.150390625 0.7859112078125 0.1474609375 0.7820012015625
0 0.2587890625 0.84716796875 0.2685546875 0.8602013218750001 0.271484375 0.8588979859375 0.2607421875 0.8393479562499999 0.2548828125 0.8393479562499999 0.2421875 0.848471303125 0.248046875 0.8562913156249999 0.251953125 0.871931340625 0.251953125 0.8797513515625001 0.24609375 0.8953913765625 0.2509765625 0.9019080531249999 0.2578125 0.9006047171875 0.251953125 0.8953913765625 0.2578125 0.8797513515625001 0.25390625 0.8510779749999999 0.2587890625 0.84716796875
0 0.140625 0.9475247890625 0.1357421875 0.9410081140625 0.1240234375 0.9384014421875 0.1123046875 0.9227614187500001 0.1025390625 0.9227614187500001 0.09375 0.9292780953124999 0.0966796875 0.9331881015624999 0.1103515625 0.93058143125 0.1220703125 0.946221453125 0.1337890625 0.948828125 0.134765625 0.9553448015624999 0.12890625 0.9683781546875 0.1328125 0.9788048375 0.1376953125 0.9853215140625 0.140625 0.9840181781249999 0.134765625 0.973591496875 0.134765625 0.965771484375 0.140625 0.9553448015624999 0.140625 0.9475247890625
0 0.2080078125 0.873234675 0.2177734375 0.8758413468749999 0.220703125 0.871931340625 0.2138671875 0.8654146640624999 0.2041015625 0.8654146640624999 0.1943359375 0.8784480171875 0.1845703125 0.8758413468749999 0.1806640625 0.8810546875 0.1748046875 0.8810546875 0.173828125 0.864111328125 0.1669921875 0.8549879812500001 0.1572265625 0.852381309375 0.1572265625 0.8575946515625 0.16796875 0.864111328125 0.169921875 0.86932466875 0.16796875 0.8745380109375 0.171875 0.88496469375 0.181640625 0.8953913765625 0.181640625 0.8875713640624999 0.1845703125 0.8836613578125 0.1962890625 0.886268028125 0.2080078125 0.873234675
0 0.244140625 0.9084247296875001 0.2314453125 0.8966947109375001 0.2255859375 0.8836613578125 0.22265625 0.8875713640624999 0.22265625 0.897998046875 0.23828125 0.9110314 0.240234375 0.9292780953124999 0.251953125 0.9397047781250001 0.255859375 0.9605581437499999 0.2626953125 0.9670748187499999 0.267578125 0.965771484375 0.271484375 0.9631648140625 0.271484375 0.95273813125 0.24609375 0.9292780953124999 0.244140625 0.9084247296875001