0 0.2482418953125 0.119598609375 0.24915105624999997 0.132600215625 0.2555416546875 0.1399924484375 0.2560871515625 0.1477934109375 0.2527359125 0.1558668609375 0.2548661125 0.1583309390625 0.2601657171875 0.15012124531249998 0.25925655625 0.13711964062499998 0.2528659578125 0.1297274078125 0.2519567984375 0.1167258046875 0.2466312984375 0.1105656078125 0.2427345640625 0.11083809375 0.24203312968750001 0.1148066984375 0.2482418953125 0.119598609375
0 0.237873984375 0.5593136359375 0.23912091562499999 0.563145996875 0.24584928593750002 0.5613689859375001 0.24636888906249998 0.5548000609375 0.2405237875 0.555208790625 0.237873984375 0.5593136359375
0 0.2655665765625 0.5913466484375001 0.26678761562500003 0.580809121875 0.26377414843749997 0.579713325 0.26203350625 0.5968197765625 0.26647573750000003 0.6043482515624999 0.264709203125 0.6070848171875001 0.2686059375 0.60681233125 0.2655665765625 0.5913466484375001
0 0.20929870312499999 0.4306600203125 0.22083296875 0.4416121265625 0.22366460312499997 0.44010760156249995 0.22524930625 0.434770715625 0.215845240625 0.4262826875 0.20929870312499999 0.4306600203125
0 0.2963514765625 0.47160734375 0.30359944843750003 0.4632614078125 0.2869474109375 0.4631193140625 0.2805827046875 0.4700969671875 0.2963514765625 0.47160734375
0 0.2575659625 0.47693252656249996 0.26426843906249997 0.460785628125 0.26302150625 0.45695326875 0.259124771875 0.4572257546875 0.2522404640625 0.47077233124999995 0.2463953625 0.4711810609375 0.24374555937500003 0.47528590625 0.244992490625 0.4791182671875 0.2575659625 0.47693252656249996
0 0.0815120515625 0.3951741234375 0.0827589828125 0.3990064828125 0.0953324546875 0.39682074218749996 0.098320028125 0.3835466515625 0.10096982968749998 0.3794418046875 0.10681493281250001 0.379033075 0.109464734375 0.37492822812500004 0.108217803125 0.37109586875 0.0947610640625 0.3746498921875 0.0926567578125 0.3865557 0.0815120515625 0.3951741234375
0 0.21049210937499999 0.6997192671875 0.20355601562499998 0.68452606875 0.205842153125 0.67522058125 0.1992956171875 0.6795979140624999 0.19880190625 0.700536725 0.19155393437499998 0.7088826593750001 0.2051925046875 0.7079289578125 0.21049210937499999 0.6997192671875
0 0.0443877609375 0.6342498546875001 0.0592732640625 0.6371285125 0.0567794 0.6294637921875 0.0514539015625 0.6233035984375 0.0456087984375 0.6237123265625 0.03903636875 0.613719771875 0.0312429 0.6142647453125 0.028593096875 0.618369590625 0.03568513125 0.621793221875 0.0443877609375 0.6342498546875001
0 0.1613674765625 0.6691849265625 0.15741895625 0.6407176406249999 0.151911625 0.631957125 0.1437544921875 0.6273014546875 0.1411046890625 0.6314063015625 0.1496254875 0.6412626125 0.15108014375 0.66206518125 0.1585358421875 0.670689453125 0.1613674765625 0.6691849265625
0 0.026099812500000003 0.512715984375 0.03160714375 0.5214765015625 0.0328281828125 0.5109389734375 0.027320851562499998 0.5021784593749999 0.0117339125 0.5032684046875 0.00497965 0.49067552656249996 0.0001996484375 0.492316296875 0.0085645078125 0.513942171875 0.014591440624999999 0.516133765625 0.026099812500000003 0.512715984375
0 0.8561554828125001 0.5814050796875 0.8577401859375 0.5760681953125 0.8504663203125 0.57004424375 0.8503103812499999 0.581813809375 0.8561554828125001 0.5814050796875
0 0.8502597546875 0.3570962609375 0.850103815625 0.368865828125 0.839115046875 0.3657146828125 0.8394787109375 0.370915325 0.8518962437500001 0.38049915 0.8530913890624999 0.3555917375 0.8502597546875 0.3570962609375
0 0.8245408421875 0.43728577968750004 0.8216833140625001 0.42442041875000003 0.8161759828124999 0.415659903125 0.8185139078124999 0.4350941890625 0.8059663296874999 0.451649815625 0.8091616296874999 0.4553459328125 0.8119932640625 0.45384140781250004 0.8245408421875 0.43728577968750004
0 0.8441804546875 0.42415378437499995 0.8530390234375 0.42484085 0.8567539249999999 0.4219680421875 0.8517403046875 0.3922687171875 0.8490905015625 0.3963735625 0.851610259375 0.41840816875 0.8457651578125001 0.41881689843750003 0.8393745593749999 0.4114246640625 0.8345945562500001 0.41306543281249997 0.8441804546875 0.42415378437499995
0 0.8075245609374999 0.5299319312499999 0.822955559375 0.5406115515625001 0.8277355625 0.5389707828125 0.8289566 0.52843325625 0.8236311015625001 0.5222730640625 0.8075245609374999 0.5299319312499999
0 0.8452702875 0.6357334828125001 0.847062715625 0.6473668046875 0.8509594500000001 0.64709431875 0.85412885625 0.6364205484375 0.8443611265625 0.6227318765625001 0.8331905265625 0.6169804125 0.8331646328125 0.602610525 0.8285664625000001 0.6068516140625 0.8259425531250001 0.6253263484375 0.8312680531250001 0.6314865421875 0.8452702875 0.6357334828125001
0 0.8856405046875 0.6250714140625 0.8785743640625 0.636017671875 0.8737943609375 0.6376584390625 0.8748853546875001 0.653260365625 0.876833721875 0.653124121875 0.8793016921874999 0.6464189546875 0.8904464000000001 0.6378005328125 0.8972006625000001 0.6503934078125 0.9085272015625 0.6443753078125 0.910813340625 0.63506981875 0.900006403125 0.634518996875 0.8895372390625 0.6247989281249999 0.8856405046875 0.6250714140625
0 0.81045976875 0.5859069531250001 0.800198328125 0.5931570921875 0.808017690625 0.6069820078125 0.816694428125 0.6050687531250001 0.8182791296874999 0.59973186875 0.8142005640625 0.5974040328125 0.81950016875 0.589194340625 0.8223059109375 0.573319928125 0.8295538828125 0.5649739921875 0.8277614546875001 0.5533406703125 0.8141487765625 0.568664259375 0.81045976875 0.5859069531250001
0 0.8776916765625 0.539397065625 0.871690634375 0.551575359375 0.8715346953124999 0.5633449265625 0.8637412265625001 0.5638898984375 0.85238879375 0.5555381140625 0.855246321875 0.568403475 0.8635852875 0.575659465625 0.8629097453125001 0.5939979546874999 0.8684170765625 0.602758471875 0.873197078125 0.6011177015625 0.868754846875 0.593589225 0.8711969249999999 0.5725141703125 0.8766783625000001 0.5669048 0.8823157390624999 0.5495258640625 0.89735718125 0.5406349546875 0.9000069843749999 0.5365301109375 0.8987600515624999 0.5326977484375 0.8776916765625 0.539397065625
0 0.7569976359374999 0.40934591249999996 0.7576990718750001 0.40537730937500005 0.7309415328125 0.4007157890625 0.720160490625 0.414534853125 0.7148349921875 0.4083746578125 0.7128607312499999 0.394141015625 0.7089898890625 0.40878338750000004 0.7116655859375001 0.419048428125 0.7019237484375 0.41972964375000005 0.7022874140625001 0.4249302859375 0.714886778125 0.43711443125000005 0.71875761875 0.422472059375 0.7265510890625 0.42192708593750006 0.7336172296875 0.41098082968750005 0.7387608953125 0.41454070468750004 0.7393063921875 0.42234166718750005 0.742319859375 0.42343746250000003 0.7454892640625 0.41276369218750003 0.7569976359374999 0.40934591249999996
0 0.759048996875 0.564678103125 0.7581398359375 0.5516764984375 0.7653878093750001 0.5433305625 0.7644786484375 0.5303289578125 0.75933498125 0.5267690859374999 0.757230675 0.53867489375 0.7503463671875 0.552221471875 0.751437359375 0.5678233968749999 0.748086121875 0.5758968453125 0.7513073140625 0.59396285 0.74883934375 0.6006680171875 0.744059340625 0.602308784375 0.7454881046875 0.608741465625 0.752216475 0.6069644546874999 0.7559313765625 0.6040916484375 0.7591007828125 0.593417878125 0.759074890625 0.579047990625 0.7688167265625 0.578366775 0.7808447015625 0.5683800703124999 0.77959776875 0.5645477125 0.7641926625 0.5682379765625 0.759048996875 0.564678103125
0 0.5800063515625 0.6921715640625 0.5837212546874999 0.6892987578125 0.5831757578125 0.68149779375 0.579980459375 0.6778016765625 0.57733065625 0.6819065234374999 0.5815910546875 0.6868346796875 0.5720310515625 0.690116215625 0.57522635 0.6938123328125 0.5800063515625 0.6921715640625
0 0.6095949453125 0.7933174468749999 0.6067633109374999 0.7948219703125 0.6062437078125 0.8013908953125 0.5979306359375001 0.8085047921875 0.6002426671875 0.8135691906250001 0.6094390062499999 0.8050870109374999 0.6095949453125 0.7933174468749999
0 0.6277022203125 0.7162732203125 0.6254160828125 0.7255787078125 0.6298583140625 0.7331071859375 0.630196084375 0.723937940625 0.6448997546874999 0.724216278125 0.6277022203125 0.7162732203125
0 0.6615512140625001 0.8223472578125 0.66030428125 0.8185148984374999 0.6544591796875 0.8189236281250001 0.6501987812500001 0.8139954734374999 0.6395736765625 0.8160449703125 0.6551865078125 0.8293249109374999 0.65801814375 0.8278203875000001 0.6615512140625001 0.8223472578125
0 0.49318719843750003 0.6825643359375 0.49373269531249997 0.6903652984375 0.49692799374999996 0.6940614140625 0.4997596296875 0.6925568906249999 0.497265765625 0.6848921703124999 0.508228640625 0.6736734281250001 0.5094496796875 0.6631359 0.5060725484375 0.6568394625 0.5034227453125 0.660944309375 0.5041500734375 0.67134559375 0.4974217046875 0.6731226046875001 0.49318719843750003 0.6825643359375
0 0.760085884375 0.943495803125 0.75299385 0.9400721703125001 0.7436156781250001 0.9459540296875 0.7409399828125001 0.9356889890625 0.734757109375 0.9452669640625 0.7402644406250001 0.954027478125 0.7508895437499999 0.9519779796875 0.760085884375 0.943495803125
0 0.6777360140625001 0.7598091625000001 0.6733196765625 0.766650575 0.673683340625 0.771851215625 0.6790088390625 0.7780114109375 0.6976092453125 0.7780172609375 0.6816327484375 0.7595366765625 0.6777360140625001 0.7598091625000001
0 0.682255925 0.8104473000000001 0.6866722625 0.8036058921875 0.700310834375 0.802652190625 0.710208609375 0.7902014078125 0.7032984078125 0.7893780968749999 0.6978169703125 0.7949874703125 0.6859449343749999 0.7932046078125 0.6725140890625 0.811128515625 0.682255925 0.8104473000000001
0 0.72595090625 0.8753307828124999 0.7209631796875 0.8600013437499999 0.7156376812499999 0.85384115 0.7076623796875 0.8517858015625001 0.6987779171875 0.836728846875 0.6920495484375 0.8385058593749999 0.7021809421875 0.8573951718749999 0.714234809375 0.86177835625 0.72595090625 0.8753307828124999
0 0.6983889390625 0.7191694328125 0.6927256703125 0.7221784828125 0.6892184921875 0.742021496875 0.6817886875 0.7477671124999999 0.6830356203125 0.751599471875 0.6917123562499999 0.7496862171875 0.6971679015625 0.729706959375 0.7094036015625 0.7366904625 0.7170152375 0.73354516875 0.7169893453125 0.7191752828125 0.7137940453125 0.7154791671875 0.7109624109375 0.716983690625 0.7127548390625 0.7286170140625 0.6983889390625 0.7191694328125
0 0.560833978125 0.76798375 0.5626264062499999 0.7796170734375 0.5520013015624999 0.781666571875 0.5440518937500001 0.793981109375 0.556625365625 0.79179536875 0.557014921875 0.8113658984375001 0.560210221875 0.8150620125 0.5649902234375 0.8134212453125 0.5631977953125 0.8017879234375 0.57506983125 0.8035707859375 0.584448003125 0.797688928125 0.58496760625 0.791120003125 0.57044576875 0.7934419875 0.56725046875 0.789745871875 0.568289675 0.776608021875 0.560833978125 0.76798375
0 0.667032071875 0.9147267749999999 0.663836771875 0.9110306578125 0.6632912765625 0.9032296953125 0.656017409375 0.8972057421875 0.6553159749999999 0.9011743453125 0.65975820625 0.9087028234375 0.6596022671874999 0.9204723890625001 0.6454182 0.9136251281250001 0.640638196875 0.9152658953125 0.6491589953125 0.92512220625 0.6498863234375001 0.9355234906250001 0.6552118218749999 0.9416836875 0.6580434562499999 0.9401791609375 0.6636808328125 0.9228002234374999 0.6734226703124999 0.9221190078125 0.6789041078125 0.9165096359374999 0.6888277765625 0.9184287421875 0.6895292109375 0.9144601375000001 0.6842037125 0.9082999453125 0.6744618765625 0.9089811609374999 0.667032071875 0.9147267749999999
0 0.6105553140625 0.9330477125 0.603281446875 0.9270237609375 0.5836418359375 0.94015575625 0.5848887671874999 0.9439881171875 0.6041906078125 0.9400253640624999 0.6130750703125 0.9550823171875 0.6247652734375 0.954264859375 0.6302726046875 0.963025375 0.6276486953125 0.9815001078125001 0.6317272625 0.9838279421875 0.636663203125 0.9704176078125 0.6355722109374999 0.9548156828125001 0.6250771515625 0.9307257265625 0.6204789828124999 0.9349668171875001 0.6229728453125001 0.9426315375 0.62032304375 0.94673638125 0.6164263078125 0.94700886875 0.6105553140625 0.9330477125
0 0.5043089109375 0.16963159218749999 0.5142584734375 0.1859205859375 0.5270137765625 0.18633516562500002 0.5266501124999999 0.181134525 0.5129856484374999 0.1677183390625 0.5043089109375 0.16963159218749999
0 0.56980075625 0.0422392703125 0.573515659375 0.0393664625 0.5729701625 0.0315655015625 0.5655144640625 0.0229412265625 0.5575391640625 0.0208858796875 0.553122825 0.027727290625 0.553486490625 0.03292793125 0.5650207546875 0.0438800390625 0.56980075625 0.0422392703125
0 0.4850594359375 0.10434523281250001 0.4877092390625 0.1002403875 0.48716374218749997 0.09243942499999999 0.4742266078125 0.0894245234375 0.46466660312499997 0.09270605937500001 0.46432883125 0.10187530468749999 0.47443433281249997 0.10639473125000001 0.4850594359375 0.10434523281250001
0 0.5005945890625 0.0745155140625 0.49669785468749994 0.0747880015625 0.5013478109375 0.0992866859375 0.504543109375 0.10298280156249999 0.5151682140625 0.100933303125 0.516571084375 0.0929960984375 0.5005945890625 0.0745155140625
0 0.4527675140625 0.2725310828125 0.45349484375 0.28293236718750003 0.45933994531250005 0.2825236375 0.4582489515625 0.26692171249999996 0.4475979546875 0.2546013234375 0.45094919375 0.2465278734375 0.448273496875 0.2362628328125 0.44949453593750005 0.22572530624999998 0.44648106875 0.2246295109375 0.4421165171875 0.26021069375 0.4527675140625 0.2725310828125
0 0.6393182234375 0.0844127828125 0.656983575 0.0570471421875 0.6583864453125 0.0491099359375 0.655191146875 0.04541381875 0.6475795093750001 0.0485591109375 0.642123965625 0.0685383703125 0.631161090625 0.0797571140625 0.6325898546875 0.08618979375 0.6393182234375 0.0844127828125
0 0.5399768046875 0.2037199546875 0.5511732984375 0.22384130624999998 0.5478220609375 0.23191475625 0.543223890625 0.23615584374999998 0.530988190625 0.229172340625 0.5192979875 0.22998980000000002 0.5185965515625 0.233958403125 0.5356122531249999 0.2393011390625 0.5460814187499999 0.24902120781249998 0.5547581562499999 0.2471079515625 0.560421425 0.2440989 0.5584471640625 0.2298652578125 0.5724494 0.234112196875 0.575099203125 0.23000735312499998 0.5646041453125 0.20591739687500002 0.54013274375 0.19195038749999999 0.5374829421875 0.196055234375 0.5399768046875 0.2037199546875
0 0.49116404999999996 0.14964648593750002 0.4879687515625 0.14595036875 0.48212365 0.14635909687499998 0.4757330515625 0.138966865625 0.47113488124999997 0.143207953125 0.471680378125 0.15100891562500002 0.46832913906250007 0.159082365625 0.46905646875 0.16948365 0.47368053125 0.1796124453125 0.4662507265625 0.1853580609375 0.476538059375 0.19247780781249998 0.4793955875 0.2053431703125 0.47497924999999996 0.2121845796875 0.46718577968749997 0.21272955312500003 0.46666617656250003 0.21929847656249998 0.46967964375 0.220394271875 0.4732127140625 0.21492114375 0.47835638124999996 0.21848101875 0.48066841250000003 0.223545415625 0.480356534375 0.2470845484375 0.48355183281249997 0.2507806640625 0.4883318359375 0.2491398953125 0.49771000781249997 0.24325803906250001 0.49534618906250005 0.2094538671875 0.482227221875 0.2038386453125 0.48043479375000003 0.192205321875 0.48308459687500005 0.1881004765625 0.4937097 0.186050978125 0.4903066765625 0.165384653125 0.49116404999999996 0.14964648593750002