0 0.677635525 0.30266595937499996 0.67742296875 0.298641453125 0.6627227125 0.307733578125 0.658318590625 0.32015479999999996 0.6621530718749999 0.320900146875 0.665562440625 0.313596484375 0.677635525 0.30266595937499996
0 0.8003050281249999 0.6133000609375 0.7988128999999999 0.6209763953125 0.80740435 0.6279573234375 0.8123058484375001 0.6129773234375 0.8101760515624999 0.6085801453124999 0.8003050281249999 0.6133000609375
0 0.6450977515625 0.429114203125 0.6472275484375001 0.4335113828125 0.6632754046875 0.4379585 0.661642984375 0.4310025421875 0.649429609375 0.427300771875 0.6572431 0.4075758890625 0.6479417171875 0.3991292375 0.6438224156250001 0.4049671734375 0.650994003125 0.40901664687499995 0.645170015625 0.4185064140625 0.6450977515625 0.429114203125
0 0.67162040625 0.727697896875 0.6672885484375 0.729511328125 0.6588373890625 0.737162696875 0.6592625015625 0.74521170625 0.6563505078125 0.749956590625 0.6601849890625 0.7507019374999999 0.6648016671875 0.7423052218749999 0.667428840625 0.7441436218749999 0.6671440203125 0.7507269062499999 0.6728957421875 0.7518449281249999 0.68425889375 0.739448678125 0.678294615625 0.7343061484375 0.6734653828125 0.7386783593749999 0.67162040625 0.727697896875
0 0.7806905640624999 0.7449158 0.7828203593749999 0.7493129781250001 0.789779390625 0.7493379484375 0.7921940078125 0.7471518421875001 0.7898516546875001 0.738730159375 0.7990127453125 0.7325445171875 0.8072513484374999 0.7208686453125 0.8075361687499999 0.7142853625 0.8037016875 0.7135400140625 0.78268006875 0.734680684375 0.7806905640624999 0.7449158
0 0.6733505109375 0.508958834375 0.67725725625 0.4990963921875 0.685708415625 0.491445025 0.6761222124999999 0.48958165468750003 0.671292978125 0.493953865625 0.6622041515625 0.48953171875 0.6537529937500001 0.49718308593750005 0.6548880375 0.506697821875 0.6733505109375 0.508958834375
0 0.8481256484375 0.9558555421875001 0.8538773703125001 0.9569735640625 0.8501831796875001 0.9708605109375 0.8540176609374999 0.9716058593750001 0.8612615124999999 0.9650475437500001 0.861831153125 0.9518809765625 0.855866875 0.9467384484375 0.8521046578125 0.9353853125 0.8463529359375 0.934267290625 0.8427310109375 0.9375464484375 0.84123888125 0.9452227859375 0.8481256484375 0.9558555421875001
0 0.7324450703125 0.99311734375 0.73983345 0.96534345 0.732946684375 0.9547106921875 0.719526 0.952101975 0.7180338703125 0.9597783124999999 0.7311697359375 0.9689703109375 0.7257708609375 0.9865090890625 0.72740328125 0.9934650484375 0.7324450703125 0.99311734375
0 0.653434278125 0.7905493453125 0.646402984375 0.8011321671875 0.6520824421875 0.8128579765625 0.6684873828125 0.8001140203125001 0.6670675187499999 0.7971825671875 0.67068944375 0.793903409375 0.67835840625 0.7953941046875 0.6805604671875 0.7891834953125 0.6688444671875 0.7829229468750001 0.6591859999999999 0.7916673671875001 0.653434278125 0.7905493453125
0 0.7742204359375 0.814027796875 0.777344984375 0.8133074171875 0.78217421875 0.8089352078125 0.78174910625 0.8008861968750001 0.7724477234375 0.79243954375 0.7693954390625 0.782552134375 0.7708875671875 0.774875796875 0.765420665625 0.7671744921875 0.75824484375 0.7989728890625 0.7742204359375 0.814027796875
0 0.7055822796875 0.5683332328125 0.7056545437499999 0.55772544375 0.7114785296874999 0.548235678125 0.712758103125 0.5365348359375 0.7026745234375 0.5372302453125 0.6879742671875 0.5463223687500001 0.6859847625 0.5565574843750001 0.6895344234375 0.5638861171875 0.7055822796875 0.5683332328125
0 0.756200021875 0.67642430625 0.7522932765625 0.6862867484375 0.7599622375 0.68777744375 0.764791471875 0.6834052328125 0.7677757296875 0.6680525609375 0.7659307531249999 0.657072096875 0.77416935625 0.645396225 0.7744541765624999 0.6388129421875 0.7638732203124999 0.6420671296875 0.7520126921875 0.6570221593750001 0.756200021875 0.67642430625
0 0.7264977406249999 0.8445833281249999 0.730544778125 0.8493531796875 0.7432555296875 0.8504961718749999 0.749292071875 0.8450309078125 0.751566396875 0.8282125109375 0.7429749453125 0.8212315828125 0.7254349609374999 0.8244608015624999 0.7190413343750001 0.8471171375000001 0.72166850625 0.8489555375 0.7264977406249999 0.8445833281249999
0 0.7457125140625 0.48983134531249994 0.7418780328125 0.489085996875 0.740101084375 0.50334561875 0.7436507453125001 0.51067425 0.7513197078125 0.5121649453125 0.7534495046874999 0.5165621234375 0.7479103375 0.5194686078124999 0.7464904734375 0.51653715625 0.7447857890625 0.5201889859375 0.7547971046875 0.530101365625 0.7518128468749999 0.5454540390625 0.7613267859375 0.5579251968750001 0.757420040625 0.5677876375 0.7595498375 0.572184815625 0.7722605890625001 0.57332780625 0.776167334375 0.5634653640625 0.7762395984375 0.5528575765625 0.7726899375 0.5455289453125001 0.76480841875 0.5400137453125 0.7658754359375 0.5242883968750001 0.75714369375 0.5026751765624999 0.7513919718750001 0.50155715625 0.7457125140625 0.48983134531249994
0 0.2665087640625 0.6980781609375 0.2687108234375 0.6918675515625 0.2593371765625 0.6940286875 0.2595497328125 0.6980531937500001 0.2665087640625 0.6980781609375
0 0.27332750156249996 0.6834708359375 0.2735400578125 0.6874953406250001 0.2800017125 0.6900790890625 0.282416328125 0.687892984375 0.28028653124999997 0.6834958046875 0.27332750156249996 0.6834708359375
0 0.28582993437500004 0.6447414484375 0.2806436171875 0.6663047328125 0.283980721875 0.6696088578125 0.2845503625 0.656442290625 0.28795973125 0.649138628125 0.28582993437500004 0.6447414484375
0 0.37289219375 0.6165218375 0.36323372656249997 0.6252662578125 0.35435745625 0.6248686140624999 0.35648725312499996 0.6292657921875 0.3653635234375 0.629663434375 0.378856471875 0.6216643640624999 0.37289219375 0.6165218375
0 0.36351007343749997 0.690378715625 0.3613802765625 0.6859815375 0.358680840625 0.6947509265625 0.34419313906250004 0.70786755625 0.34511562812499996 0.7133577875 0.36152056875 0.70061383125 0.36351007343749997 0.690378715625
0 0.2550860578125 0.6135385859375 0.26225764375 0.6175880593749999 0.259417915625 0.611725153125 0.2667340296875 0.59455905 0.2643916765625 0.586137365625 0.2687957984375 0.5737161453125 0.2661686265625 0.5718777453125 0.25913733125 0.582460565625 0.2609823078125 0.593441028125 0.2550860578125 0.6135385859375
0 0.3142229859375 0.7392183734375 0.32160712812500003 0.747292353125 0.3266489171875 0.7469446484375 0.3195495953125 0.732287384375 0.322533853125 0.7169347125 0.3201915 0.7085130281249999 0.31806170312500004 0.7041158484375 0.31230998125 0.702997828125 0.318699371875 0.716189365625 0.315787378125 0.7209342484375 0.3142229859375 0.7392183734375
0 0.379995753125 0.595331228125 0.370269259375 0.5788355640625 0.35464651406250003 0.5824374578125 0.356278934375 0.5893934140625 0.36636251249999996 0.5886980046875 0.37062210625 0.5974923640625 0.377083759375 0.6000761125 0.379995753125 0.595331228125
0 0.302600434375 0.5431106765625 0.300113553125 0.5559045703125001 0.304160590625 0.5606744234375001 0.3111196203125 0.5606993921875 0.31736871875 0.559258634375 0.315238921875 0.55486145625 0.306860028125 0.5519050328125 0.3146012546875 0.5427879390625 0.31659075937500003 0.5325528265624999 0.312543721875 0.5277829734374999 0.311761525 0.536925034375 0.302600434375 0.5431106765625
0 0.23280605 0.4671407375 0.24019019218749998 0.4752147171875 0.2372781984375 0.47995960000000004 0.2411126796875 0.480704946875 0.2450194265625 0.47084250625 0.2360028625 0.45581257031250005 0.2362876828125 0.44922928593749994 0.22861872187499999 0.44773859062500004 0.2206649375 0.45283117968750003 0.222794734375 0.4572283578125 0.230463696875 0.458719053125 0.23280605 0.4671407375
0 0.3610443765625 0.52393325 0.35877005156249997 0.54075165 0.360615028125 0.5517321109375 0.3639521328125 0.5550362390625 0.37332577968749997 0.552875103125 0.38056963125 0.5463167875 0.3934929390625 0.5514842828125001 0.3951976234375 0.5478324531250001 0.3844763765625 0.5364543453125 0.37339804375 0.5422673140625001 0.36572908125 0.54077661875 0.3610443765625 0.52393325
0 0.3956184984375 0.591729334375 0.3913589046875 0.5829349765625 0.38823435625 0.5836553546875 0.3867422265625 0.5913316921875 0.3912143765625 0.6041505546875 0.400090646875 0.6045481984375 0.42324206249999996 0.58780470625 0.42018977812499997 0.57791729375 0.4168526734375 0.57461316875 0.40676909375000003 0.575308578125 0.405064409375 0.578960409375 0.41173861875 0.5855686625 0.4032874609375 0.5932200296875 0.3956184984375 0.591729334375
0 0.0804003703125 0.6114486359375 0.08061292656249999 0.6154731390625 0.0837374765625 0.6147527609375001 0.0859395375 0.60854215 0.0936085 0.6100328453125 0.1022722140625 0.6064059859375 0.1070291828125 0.6126415625 0.11065110781250001 0.60936240625 0.1071014484375 0.6020337734375001 0.091266146875 0.6016111625 0.0804003703125 0.6114486359375
0 0.059527517187500004 0.57552585625 0.055620771874999995 0.5853882968749999 0.0545537546875 0.60111364375 0.05860079218749999 0.605883496875 0.06555982187500001 0.605908465625 0.07038905625 0.60153625625 0.0600929203125 0.5982071609374999 0.058460500000000006 0.5912512015625 0.065776615625 0.574085096875 0.0622269546875 0.5667564671875 0.0583924734375 0.5660111203125 0.0547705484375 0.5692902765625 0.059527517187500004 0.57552585625
0 0.011282025 0.8237273984375 0.025769725 0.8106107687499999 0.025841989062499997 0.8000029796874999 0.0203750875 0.792301675 0.016753162499999998 0.7955808328125 0.019095515625 0.8040025156249999 0.0075198078124999995 0.8123742609375 0.0060276796875 0.8200505984375001 0.011282025 0.8237273984375
0 0.046030332812500005 0.6193728000000001 0.0527725703125 0.6512211359375 0.0542646984375 0.6435448 0.050859565625000006 0.615000590625 0.0436879796875 0.610951115625 0.0292725421875 0.61345995625 0.026432814062499997 0.6075970500000001 0.0228108890625 0.610876209375 0.027780414062499998 0.62113629375 0.046030332812500005 0.6193728000000001
0 0.09287738281249999 0.7878064796875 0.0977066171875 0.7834342703125 0.10970743593750001 0.7831115343749999 0.11559945 0.79886185 0.1180140671875 0.7966757453125 0.116169090625 0.7856952828125 0.11261942968750001 0.7783666499999999 0.1030332265625 0.77650328125 0.10623003906249999 0.7651751140624999 0.10168562656249999 0.762964040625 0.0888303453125 0.7830366265625 0.09287738281249999 0.7878064796875
0 0.0453757171875 0.750690771875 0.0406910125 0.7338474046875 0.042183140625 0.72617106875 0.048717059374999996 0.718147028125 0.0405507203125 0.7192151109375 0.035224110937500004 0.7261460984375 0.0275551484375 0.724655403125 0.023933221875 0.7279345625 0.021446342187500002 0.7407284562500001 0.0178244171875 0.7440076125 0.013280003125 0.7417965390625 0.01249780625 0.7509386015625 0.0232913171875 0.75170891875 0.028120551562500002 0.7473367078125001 0.026275575000000002 0.7363562453125 0.0323121171875 0.730890984375 0.03777901875 0.7385922875 0.03436965 0.7458959515625 0.036499446875 0.7502931296875001 0.0417537921875 0.7539699296875 0.0453757171875 0.750690771875