0 0.6000445765625 0.29487239375 0.596282728125 0.29631818593750003 0.5988854921875 0.3068214671875 0.6024093140625 0.30343710625 0.6000445765625 0.29487239375
0 0.237277178125 0.281364746875 0.241515078125 0.2837960859375 0.24927680156249998 0.2828430671875 0.2528006234375 0.27945870625 0.2511499640625 0.27670969375 0.2379757328125 0.2763594921875 0.237277178125 0.281364746875
0 0.756293228125 0.3268500796875 0.7473568984375001 0.32893121875000003 0.747372421875 0.339752171875 0.7586579671875 0.33541479218750003 0.756293228125 0.3268500796875
0 0.558348603125 0.254732784375 0.5465714828125 0.2443720765625 0.5378731796875 0.24839178281250002 0.5442377921875 0.2574492703125 0.5567134671875 0.26280472499999996 0.5694116453125 0.25927779218749997 0.5686975671875001 0.25346209218750004 0.558348603125 0.254732784375
0 0.3464483953125 0.2935415109375 0.3499722171875 0.29015715000000003 0.36032118125 0.2888864578125 0.3598451296875 0.2850093234375 0.3309094265625 0.284626596875 0.325274415625 0.29220576249999997 0.33233758281250003 0.296257996875 0.337512065625 0.29562265 0.341749965625 0.29805399062500004 0.34246404375 0.303869690625 0.349289184375 0.3059833578125 0.3464483953125 0.2935415109375
0 0.77685998125 0 0.7720650671875 0.0061311359375 0.7596049140625001 0.011596634375000001 0.7544459546875 0.023052934375 0.7448110703124999 0.030139328124999996 0.7542234515625 0.031935321875 0.7615091234375 0.027105168750000002 0.7645568921875 0.019843674999999998 0.7838266640625 0.0056708890625 0.78200655 0 0.77685998125 0
0 0.32678536875 0.1975661953125 0.3251347109375 0.19481718125 0.3173729875 0.1957702015625 0.2975961171875 0.18442394687500002 0.2728983171875 0.186472559375 0.28302477656249997 0.194084253125 0.29596098125000003 0.1924958875 0.31291258437499997 0.20222124843749997 0.3232615484375 0.20095055468749998 0.32678536875 0.1975661953125
0 0.8962112203125001 0.28999238437499997 0.8743542078125 0.30448284375 0.873655653125 0.309488096875 0.8882425171874999 0.31064874374999996 0.9028138578125 0.3009884375 0.908686896875 0.2953478375 0.9063221578125 0.2867831234375 0.8962112203125001 0.28999238437499997
0 0.44152950625000004 0.15887997812500002 0.45749795937500004 0.13920916562500002 0.44691096874999997 0.1385412921875 0.4351648953125 0.1498224921875 0.427403171875 0.1507755109375 0.4189273703125 0.14591283125 0.4137528890625 0.146548178125 0.41329235937500003 0.1534919984375 0.42600606093750004 0.16078601875 0.44152950625000004 0.15887997812500002
0 0.6605549749999999 0.16740729999999998 0.6640787953125 0.164022940625 0.6614760328125 0.153519659375 0.6586507671875 0.1518987671875 0.6487778546875 0.1570465921875 0.6304291421875 0.1573317390625 0.6245561046875 0.1629723390625 0.6252701828125 0.1687880390625 0.6295080828125 0.1712193796875 0.6344445390625 0.168645465625 0.6605549749999999 0.16740729999999998
0 0.190944865625 0.28902143125 0.192833553125 0.2937090109375 0.1975319828125 0.28919653125 0.2052937046875 0.2882435125 0.216341225 0.28196756562499997 0.21702425625 0.266141359375 0.22172268750000002 0.261628878125 0.2198340015625 0.2569412984375 0.20924701093750003 0.256273425 0.190913821875 0.267379525 0.19256447968749998 0.2701285375 0.20267541875 0.266919278125 0.2099766109375 0.272910078125 0.2106906890625 0.278725778125 0.196579878125 0.2814422640625 0.190944865625 0.28902143125
0 0.8502618234374999 0.23660048125 0.839674834375 0.2359326078125 0.8283892890625 0.2402699875 0.8288963875 0.265789028125 0.8333723125000001 0.270158934375 0.84230864375 0.2680777953125 0.8411185140624999 0.2583849609375 0.8523885359375001 0.243226628125 0.8502618234374999 0.23660048125
0 0.5259666671875001 0.80378734375 0.5170303359374999 0.8058684843749999 0.5240935046875 0.8099207171874999 0.5276173265625 0.8065363578125 0.5259666671875001 0.80378734375
0 0.5448742281250001 0.7011083640625 0.535699871875 0.7012509359375 0.5430010656250001 0.7072417375 0.5467629140625 0.70579594375 0.5448742281250001 0.7011083640625
0 0.579015459375 0.7224976515625 0.572904396875 0.726199684375 0.5776183484375 0.7325081578125 0.5809041453125 0.72718523125 0.579015459375 0.7224976515625
0 0.7475690359375 0.640800303125 0.742394553125 0.64143565 0.734410328125 0.6512710562499999 0.7480450875 0.6446774359375 0.7475690359375 0.640800303125
0 0.59665009375 0.71639680625 0.593126271875 0.7197811656249999 0.6032527328125 0.727392859375 0.6110144546875 0.7264398390625 0.610538403125 0.72256270625 0.6027766812500001 0.723515725 0.59665009375 0.71639680625
0 0.65864555625 0.8042226625 0.6657087234375 0.8082748953125 0.6649946453125 0.8024591953125 0.6626299078125 0.7938944828125 0.6583920078125 0.7914631421875 0.65864555625 0.8042226625
0 0.680440478125 0.7464483890625 0.6846783765625 0.7488797296875 0.6940752359375 0.73985476875 0.701836959375 0.7389017499999999 0.701598934375 0.7369631828125 0.69101194375 0.736295309375 0.680440478125 0.7464483890625
0 0.4738596390625 0.7216346140625001 0.46516133593750003 0.7256543203125 0.463541721875 0.7445472140625 0.4717639734375 0.736650375 0.4738596390625 0.7216346140625001
0 0.6577400203125 0.82893125625 0.663851084375 0.8252292234375 0.663359509375 0.8105311359374999 0.6581850265625 0.8111664828125 0.6523119890625 0.8168070828125 0.6577400203125 0.82893125625
0 0.535487709375 0.8813300125 0.540662190625 0.880694665625 0.5451225953125001 0.8742436187499999 0.537360871875 0.8751966390625 0.533122971875 0.8727652984375001 0.5279329671874999 0.8625796921875001 0.5196951921874999 0.859655578125 0.5133461031250001 0.86141904375 0.5220599296875 0.8682202921875 0.5227740078124999 0.8740359921874999 0.535487709375 0.8813300125
0 0.731662675 0.7037549296875001 0.7497733609375 0.7015312171875 0.749535334375 0.6995926515625001 0.7337738640625 0.6995601234375 0.7208221359375 0.6903275359375 0.7226953 0.6841941625 0.7184573984375 0.6817628234375 0.71469555 0.683208615625 0.710711196875 0.6935367968749999 0.7177743671875 0.6975890296875 0.731662675 0.7037549296875001
0 0.42490385937499997 0.8683428015624999 0.44187098281250003 0.8888891156250001 0.4456328328125 0.887443321875 0.444442703125 0.8777504890625 0.4352528234375 0.8670721078125 0.4423004671875 0.8603033890624999 0.44041178125 0.8556158078125 0.42490385937499997 0.8683428015624999
0 0.65978911875 0.7814526359375 0.6670747890625 0.7766224828125 0.664249521875 0.7750015890624999 0.6386151390625 0.7801168875 0.633663159375 0.771869846875 0.6294252593749999 0.7694385078125 0.625663409375 0.7708843 0.626853540625 0.780577134375 0.6367419765625 0.7862502609375001 0.65978911875 0.7814526359375
0 0.540362075 0.835472284375 0.5584572375 0.8224276187499999 0.563616196875 0.8109713187500001 0.54809275 0.8128773578124999 0.5349340437500001 0.8233481109375 0.540362075 0.835472284375
0 0.4232066296875 0.833130928125 0.43050782343750005 0.8391217281250001 0.43592033125 0.8404249484375 0.4420313953125 0.8367229140625 0.4483494390625 0.8133175421875001 0.42507979218749997 0.8269975546874999 0.4232066296875 0.833130928125
0 0.717965821875 0.6670647359374999 0.7064267281250001 0.6586425953124999 0.7059506765625 0.6547654625 0.713236346875 0.649935309375 0.7136968765625 0.6429914890624999 0.701236725 0.6484569890625 0.6956017125 0.6560361546875 0.6993790843750001 0.665411315625 0.7104421265624999 0.669956321875 0.7088069890625001 0.6780282625 0.713044890625 0.680459603125 0.719155953125 0.6767575703125 0.717965821875 0.6670647359374999
0 0.4960633375 0.7848293953125001 0.5040475625 0.7749939890624999 0.48876214375 0.7788385953125 0.48593687656249995 0.777217703125 0.4730161953125 0.789627021875 0.4739683 0.7973812890625 0.4782061984375 0.7998126296875 0.4885551625 0.7985419359375 0.496777415625 0.790645096875 0.4960633375 0.7848293953125001
0 0.7491110359375 0.5678026421875 0.74815893125 0.560048375 0.7443970828124999 0.56149416875 0.7491110359375 0.5678026421875
0 0.746730775 0.5484169750000001 0.7410957640625 0.5559961421875 0.7429844484375 0.560683721875 0.7488574875 0.555043121875 0.746730775 0.5484169750000001
0 0.7879506953125001 0.58467945 0.7797129203125001 0.5817553375 0.7738398828124999 0.5873959375 0.7881887203125 0.5866180171875001 0.7879506953125001 0.58467945
0 0.8512035625 0.56510621875 0.8547273843750001 0.561721859375 0.853076725 0.5589728453125 0.8443628984375 0.5521715984375 0.844616446875 0.56493111875 0.8512035625 0.56510621875
0 0.7911899234375 0.5468936640625001 0.778714246875 0.541538209375 0.7765875359375001 0.5349120625 0.76812725625 0.5408703359375 0.77825371875 0.5484820296875 0.7876661 0.5502780234375 0.7897928109375 0.5569041703125001 0.7935546609374999 0.5554583765625 0.7911899234375 0.5468936640625001
0 0.897597965625 0.6007333484374999 0.9013598125 0.5992875546875001 0.899471128125 0.5945999750000001 0.8879320328125001 0.586177834375 0.878059121875 0.5913256609374999 0.877360565625 0.5963309140625 0.8656144921875001 0.6076121140625 0.8771380640625001 0.6052133015625001 0.886058871875 0.5923112078125 0.8957092796874999 0.59604576875 0.897597965625 0.6007333484374999
0 0.7699641921875 0.6734707906249999 0.76220246875 0.6744238109375 0.756551934375 0.6711820234375 0.7509169234375 0.6787611906250001 0.7516310015625 0.684576890625 0.7558689015625 0.68700823125 0.766217865625 0.6857375375 0.772090903125 0.6800969375 0.7699641921875 0.6734707906249999
0 0.901530565625 0.71831804375 0.9074036015625 0.71267744375 0.90786413125 0.7057336234375 0.8984672703125 0.7147585828125 0.881991721875 0.70891035625 0.8718807843749999 0.712119615625 0.8615473421875001 0.7242112625 0.868134459375 0.7243863625 0.8775313171875 0.715361403125 0.8937688421875001 0.7192710625000001 0.901530565625 0.71831804375