0 0.42569990625000004 0.715790984375 0.4292575171875 0.7138975125 0.42539412656250003 0.7037897203125 0.42230902031250006 0.7075782984375001 0.42569990625000004 0.715790984375
0 0.7874094609375 0.684987721875 0.78290684375 0.683090975 0.7753191187499999 0.6849828062500001 0.7722340125 0.6887713859375 0.7742073890625 0.69129874375 0.7873261 0.6900407984375 0.7874094609375 0.684987721875
0 0.26671880937500003 0.703093575 0.2753349015625 0.6999388828125 0.274000753125 0.6892004796875 0.263327921875 0.694880890625 0.26671880937500003 0.703093575
0 0.4719768734375 0.7505499375 0.4849288609375 0.759398146875 0.49307245 0.754348346875 0.4856514484375 0.7461340234375 0.47261610000000004 0.7423388906249999 0.460442396875 0.747387053125 0.4618599078125 0.7530723796875 0.4719768734375 0.7505499375
0 0.677568015625 0.6862063453125 0.6744829078125 0.6899949249999999 0.6643659421875 0.69251736875 0.6653109500000001 0.6963075859375001 0.6940776140625 0.6931610859374999 0.698746953125 0.684951678125 0.691242590625 0.6817904328125 0.6861841078124999 0.6830516546875 0.6816814890625 0.6811549078125 0.680263978125 0.67546958125 0.6732321203125 0.67420344375 0.677568015625 0.6862063453125
0 0.708780925 0.7790699562500001 0.7107543 0.7815973140625 0.718342025 0.7797054812499999 0.739354240625 0.78855696875 0.7636182859375 0.783513721875 0.7526396734375 0.77719286875 0.7399934671875 0.780345921875 0.7219829953125 0.772758934375 0.7118660296875 0.7752813765625 0.708780925 0.7790699562500001
0 0.13233556875000002 0.756728253125 0.15226371875 0.739682103125 0.15234708125000002 0.734629025 0.13772749687500002 0.735254721875 0.1244420640625 0.7466188203125 0.11930021875 0.7529331203125 0.12269110624999999 0.7611458046874999 0.13233556875000002 0.756728253125
0 0.5996067359375 0.8314516031249999 0.5861545796875001 0.8529218578125001 0.5967440484375001 0.8522945249999999 0.6070277374999999 0.8396659265625 0.6146154625 0.83777409375 0.6236206984375 0.8415675890625 0.6286791796875 0.8403063671875 0.6282900375 0.83335818125 0.614782184375 0.8276679390625 0.5996067359375 0.8314516031249999
0 0.38117463125 0.8496803343750001 0.3780895265625 0.8534689125 0.381952915625 0.8635767062499999 0.38495466093749997 0.8648412046875 0.39412661875 0.85852854375 0.4123038140625 0.856009378125 0.4174456578125 0.849695078125 0.416028146875 0.8440097515625 0.411525528125 0.8421130046874999 0.40693955 0.8452693359375001 0.38117463125 0.8496803343750001
0 0.832463303125 0.6717416203125001 0.8300174234375 0.667319153125 0.825903946875 0.6723705921875001 0.8183162234375001 0.674262425 0.8081158953124999 0.6818379453125 0.809366684375 0.6976294265625 0.8052532078124999 0.702680865625 0.8076990890625 0.7071033328125 0.8182885578124999 0.7064759984375 0.8351316015625001 0.693218428125 0.8331582265625 0.6906910703125 0.8235137640625 0.695108621875 0.8155368984375 0.6900522671875 0.8141193859375001 0.684366940625 0.8277939609375 0.679951028125 0.832463303125 0.6717416203125001
0 0.1844493015625 0.8041223562500001 0.1950387703125 0.8034950234375 0.20571160000000002 0.7978146109375001 0.20209829375 0.7725475859375 0.19712317343750002 0.7687557296875001 0.1885070796875 0.771910421875 0.1908695984375 0.781385965625 0.1815309171875 0.79780478125 0.1844493015625 0.8041223562500001
0 0.4372045203125 0.20164158125 0.4458206140625 0.1984868890625 0.43831625 0.19532564375 0.4352311453125 0.19911422343750002 0.4372045203125 0.20164158125
0 0.43095131249999996 0.3058594609375 0.440039909375 0.304599878125 0.43206304375000004 0.2995435234375 0.4285054328125 0.30143699375 0.43095131249999996 0.3058594609375
0 0.3944578671875 0.2887903734375 0.40007221406250004 0.284371184375 0.394624590625 0.27868421875 0.3920119875 0.2843679078125 0.3944578671875 0.2887903734375
0 0.23711706562499998 0.3904202765625 0.24217555000000002 0.3891590546875 0.2489016265625 0.37842392812500003 0.2361720578125 0.386630059375 0.23711706562499998 0.3904202765625
0 0.37769818437499997 0.2969948671875 0.3807832921875 0.2932062875 0.369804678125 0.28688543593750004 0.36221695625 0.2887772671875 0.3631619625 0.292567484375 0.3707496859375 0.290675653125 0.37769818437499997 0.2969948671875
0 0.305461546875 0.217378996875 0.297957184375 0.21421775156249998 0.2993746953125 0.21990307812499998 0.302765584375 0.2281157625 0.3072682 0.230012509375 0.305461546875 0.217378996875
0 0.2908699953125 0.27737876250000004 0.286367378125 0.275482015625 0.278140428125 0.28558489374999996 0.270552703125 0.287476725 0.27102520625 0.28937183437499997 0.2816146765625 0.2887445 0.2908699953125 0.27737876250000004
0 0.49893504999999994 0.2768317078125 0.5070786390625 0.2717819078125 0.506383715625 0.25283245625 0.49918513437499995 0.261672475 0.49893504999999994 0.2768317078125
0 0.3033491140625 0.1927442203125 0.297734765625 0.1971634109375 0.300013921875 0.2116920328125 0.30507240625 0.2104308109375 0.31021424999999997 0.2041165125 0.3033491140625 0.1927442203125
0 0.41830437187499997 0.125837228125 0.413245890625 0.1270984484375 0.40960491718750003 0.134044996875 0.41719264218749996 0.13215316562499999 0.421695259375 0.1340499125 0.4280878921875 0.14352709531250002 0.4366206234375 0.1454254796875 0.442707475 0.1429013984375 0.43322973749999993 0.1372127953125 0.431812225 0.13152746875000002 0.41830437187499997 0.125837228125
0 0.24523262343750002 0.32599640625 0.227527934375 0.33041068125 0.22800043906249998 0.33230578906249997 0.243648390625 0.330417234375 0.257628746875 0.33800258437499997 0.256517015625 0.344318521875 0.26101963437500003 0.34621526875 0.26457724374999997 0.3443217984375 0.267273209375 0.33358503281249996 0.2597688453125 0.3304237875 0.24523262343750002 0.32599640625
0 0.529646690625 0.125250853125 0.510302071875 0.106925459375 0.506744459375 0.10881893125 0.5091069781249999 0.11829447500000001 0.519529725 0.12777329531249998 0.5133595109375 0.1353504546875 0.5158053921875 0.1397729203125 0.529646690625 0.125250853125
0 0.307101478125 0.240118665625 0.3004587609375 0.24580071406249998 0.30346050625 0.2470652125 0.3282804171875 0.238863996875 0.3342005453125 0.2464460703125 0.3387031640625 0.2483428171875 0.3422607734375 0.24644934687500003 0.33989825625000003 0.236973803125 0.32939214687499996 0.232548059375 0.307101478125 0.240118665625
0 0.419054990625 0.1719471734375 0.4026844515625 0.187099853125 0.39896011875 0.199099478125 0.4141355671875 0.1953158140625 0.425920128125 0.183319465625 0.419054990625 0.1719471734375
0 0.535622515625 0.159993421875 0.52764565 0.15493706875 0.5221146640625001 0.15430318125 0.5165003140625 0.1587223703125 0.5130817624999999 0.182723259375 0.5345107859375 0.166309359375 0.535622515625 0.159993421875
0 0.26329879218749996 0.360743890625 0.2757782765625 0.3676969921875 0.2767232828125 0.371487209375 0.270080565625 0.377169259375 0.2704697078125 0.384117446875 0.2821709078125 0.377174175 0.28684025 0.3689647671875 0.2819484875 0.360119834375 0.2704140109375 0.35695695 0.2710532390625 0.348745903125 0.2665506203125 0.34684915781250003 0.2609362734375 0.351268346875 0.26329879218749996 0.360743890625
0 0.46919534843750005 0.2168139203125 0.46246927031249996 0.2275490484375 0.4771722140625 0.22187027499999998 0.4801739609375 0.223134771875 0.49148601718749996 0.20924331562499998 0.48959600156249994 0.20166287968750002 0.4850933859375 0.1997661328125 0.47497642031250004 0.202288575 0.4677778359375 0.21112859374999998 0.46919534843750005 0.2168139203125
0 0.2444827375 0.46306174687499996 0.2463727515625 0.47064218125 0.2499303625 0.4687487109375 0.2444827375 0.46306174687499996
0 0.2492077734375 0.48201283437500003 0.2538771140625 0.4738034265625 0.2514312359375 0.46938096093750004 0.24628938906250003 0.475695259375 0.2492077734375 0.48201283437500003
0 0.2038758171875 0.4510441 0.21240854687500002 0.452942484375 0.21755039375 0.4466281859375 0.20340331250000002 0.449148990625 0.2038758171875 0.4510441
0 0.143479803125 0.4781800203125 0.140394696875 0.48196859999999997 0.1423680734375 0.4844959578125 0.1518458109375 0.4901845609375 0.150039159375 0.4775510484375 0.143479803125 0.4781800203125
0 0.2052656625 0.488943 0.2183010125 0.49273813125 0.22121939531249998 0.49905570781249997 0.22889048125000003 0.49211079843750005 0.21791186875 0.4857899453125 0.20835076875 0.4851544203125 0.20543238593750002 0.47883684375 0.201874775 0.48073031562499996 0.2052656625 0.488943
0 0.0930893625 0.44847250625 0.089531753125 0.4503659765625 0.0919776328125 0.45478844374999994 0.10445711718749999 0.46174154375 0.113629075 0.455428884375 0.1137124375 0.45037580625 0.12399612499999998 0.4377472078125 0.112850790625 0.4415325109375 0.10556884687500001 0.4554256078125 0.09553524375 0.452894971875 0.0930893625 0.44847250625
0 0.21090730937500002 0.3607225921875 0.2184950328125 0.3588307609375 0.224498525 0.36135975625 0.22916786562499997 0.3531503484375 0.22775035312499997 0.347465021875 0.22324773593749997 0.345568275 0.2131307703125 0.34809071875 0.20798892656249998 0.3544050171875 0.21090730937500002 0.3607225921875
0 0.07485610625 0.3322435328125 0.0697142625 0.33855783125 0.07010340468750001 0.3455060171875 0.07833035625 0.33540313906249997 0.09539581875 0.3391999109375 0.10504028125 0.334782359375 0.1138230984375 0.3215215125 0.10726374062499999 0.322150484375 0.0990367921875 0.33225336250000004 0.08244383125 0.33035169999999997 0.07485610625 0.3322435328125