0 0.5628102562499999 0.6865274218749999 0.5525707484375 0.6731879765625 0.5497933453125 0.674790409375 0.5539331046875 0.6861499328125 0.5628102562499999 0.6865274218749999
0 0.446897 0.3684607484375 0.45217933437499996 0.36266349375 0.45219689843750005 0.353488046875 0.44052478125 0.3638884375 0.44301215000000005 0.3688690625 0.4399447125 0.3770545515625 0.44577198906250004 0.3764420796875 0.446897 0.3684607484375
0 0.49974692656249997 0.44153686406250003 0.5008719390625 0.43355553437500005 0.495897203125 0.423594284375 0.502831928125 0.4241759296875 0.5053368593750001 0.41998110781250003 0.49812966249999996 0.416807071875 0.4920123515625 0.4240026 0.49282976562499997 0.43177977343749996 0.49974692656249997 0.44153686406250003
0 0.5568419921875 0.47091982187500003 0.5568595562499999 0.461744375 0.547709934375 0.45877449531250003 0.5429725421875 0.46975653125 0.5382527140625 0.4715631203125 0.539632634375 0.47534962812500003 0.5446249328125 0.47613543125 0.5568419921875 0.47091982187500003
0 0.31023273906250004 0.3107464453125 0.32077984375 0.30832738437499996 0.32328477499999997 0.3041325625 0.3341043515625 0.30430589375 0.3263522125 0.2959470734375 0.32052493593750003 0.2965595453125 0.317185028125 0.3021526421875 0.3091428546875 0.30037688125 0.30496796875 0.3073682515625 0.31023273906250004 0.3107464453125
0 0.1495649 0.1834767234375 0.152342303125 0.1818742921875 0.1476400390625 0.1745054328125 0.14627768125 0.161543478125 0.1279960015625 0.14642827187500002 0.119953828125 0.14465250937500002 0.1268709890625 0.15440960312500002 0.1404504046875 0.16215595 0.1437551875 0.174913746875 0.1495649 0.1834767234375
0 0.3747723453125 0.36424672343750003 0.366730171875 0.3624709625 0.35700048125 0.3726671953125 0.3575454234375 0.377851978125 0.3641901140625 0.3850166796875 0.3769696796875 0.37581040625 0.3747723453125 0.36424672343750003
0 0.25531744375 0.302102615625 0.2566973640625 0.30588912343749997 0.26530204375 0.3036742203125 0.26836947968749997 0.295488734375 0.2670071234375 0.282526778125 0.26230485937500003 0.27515792031249997 0.2656447671875 0.269564821875 0.26399237656249996 0.26318592343749997 0.2562051109375 0.2731779984375 0.260599778125 0.2963053625 0.25531744375 0.302102615625
0 0.3594005125 0.7131487046875 0.3635578359375 0.71533278125 0.36522778906250003 0.7125362328125 0.36110559375 0.6920012609375 0.3658429859375 0.681019225 0.36088581249999996 0.661882528125 0.356165984375 0.6636891171875 0.3580732828125 0.6818358531250001 0.3536083625 0.69541028125 0.3594005125 0.7131487046875
0 0.3435354671875 0.4500922640625 0.34435288124999996 0.45786943593749996 0.3476752265625 0.4614517875 0.35627990625 0.4592368859375 0.351577640625 0.4518680265625 0.35990984843749996 0.44706073281250003 0.364084734375 0.44006936249999995 0.36106998749999997 0.42072850781250004 0.358292584375 0.42233094062500004 0.35744004375 0.4329046609375 0.34743788124999997 0.4405085015625 0.3435354671875 0.4500922640625
0 0.2405869109375 0.46091259375 0.24390925624999998 0.4644949453125 0.2652759375 0.462249215625 0.2725006984375 0.45624780468750004 0.2769304921875 0.4610242734375 0.27970789375 0.459421840625 0.2813778484375 0.45662529375 0.2783455375 0.4464598859375 0.2819579171875 0.44345918125 0.2805779984375 0.4396726734375 0.269195915625 0.44349000624999996 0.26391358125000003 0.44928725937499997 0.25031660312500004 0.450716359375 0.2405869109375 0.46091259375
0 0.2367367078125 0.1533463671875 0.23452180937499997 0.15095813125 0.2309094296875 0.1539588375 0.2286945328125 0.15157060312499998 0.223139728125 0.1547754671875 0.18596117031249998 0.1560620609375 0.17957138749999998 0.160665196875 0.20841773749999998 0.1641858953125 0.215642496875 0.1581844859375 0.2239571421875 0.1625526390625 0.22951194687499998 0.159347775 0.2336692703125 0.161531853125 0.279180034375 0.1554379640625 0.282792415625 0.152437259375 0.28057751875000003 0.150049025 0.2819750015625 0.144660084375 0.27865265625 0.1410777359375 0.2697579421875 0.1498756953125 0.26560061875 0.14769161718749999 0.23840666093750001 0.1505498171875 0.2367367078125 0.1533463671875
0 0.8588056234374999 0.4103508484375 0.8526883125 0.41754637656250004 0.8540682328125 0.42133288437500005 0.8596230374999999 0.41812802031249996 0.8695900734374999 0.42887507343750003 0.8665577624999999 0.41870966718749997 0.8588056234374999 0.4103508484375
0 0.8484697593750001 0.5922881890625 0.8548595421874999 0.5876850515625 0.851264725 0.581510309375 0.842914953125 0.5954930515625 0.835980228125 0.5949114046874999 0.8395750453125 0.601086146875 0.8462372984375 0.5990754015624999 0.8484697593750001 0.5922881890625
0 0.7897749921874999 0.5289999890625 0.7911549124999999 0.5327864984375 0.7978171656249999 0.5307757515625 0.8011570750000001 0.5251826562499999 0.7997947171875001 0.5122207015625 0.8084169609374999 0.5008303515625 0.8070370406249999 0.49704384218750003 0.799539809375 0.5004528625 0.7953649234375 0.5074442328125001 0.7969997515625 0.5229985796875 0.7897749921874999 0.5289999890625
0 0.8571622546875 0.5441960484374999 0.8599396578125 0.54259361875 0.8652219921875 0.536796365625 0.8635695999999999 0.5304174640625 0.8560723703124999 0.533826484375 0.8474852531250001 0.526865940625 0.8327808265625001 0.5271009234374999 0.8347056875 0.5360722124999999 0.8444178156250001 0.5350514265624999 0.8571622546875 0.5441960484374999
0 0.784088221875 0.45620888437499996 0.7876830390625 0.462383625 0.79710513125 0.46794589531249997 0.8037849484375 0.456759703125 0.8051999953125 0.442195315625 0.813514640625 0.44656346874999997 0.8240617453124999 0.44414440937500005 0.8102098578125 0.4338056703125 0.8021676843750001 0.432029909375 0.797395165625 0.46136283906250003 0.784088221875 0.45620888437499996
0 0.85563280625 0.47358901875 0.844250725 0.477406353125 0.8387134828124999 0.47143576875 0.8375884703124999 0.4794170984375 0.8409108156249999 0.48299945 0.8450681390625 0.48518352656249997 0.8545077953125 0.48157035 0.8578301406250001 0.4851527 0.85946496875 0.500707046875 0.8652746812500001 0.509270021875 0.87525928125 0.5108416265625 0.8796890749999999 0.5156180953125 0.884408903125 0.5138115078125 0.8955185140624999 0.50740178125 0.89219616875 0.5038194328125 0.8785991890625 0.5052485328125 0.8700120734375 0.49828798750000003 0.86834211875 0.501084534375 0.8650197734375 0.49750218437499993 0.8636574171875001 0.4845402296875 0.85563280625 0.47358901875
0 0.7375583046874999 0.704855065625 0.74587295 0.7092232187499999 0.747015525 0.692066440625 0.7375583046874999 0.704855065625
0 0.770834446875 0.7131522328125001 0.77112448125 0.7065691765625 0.76723963125 0.706977490625 0.76916449375 0.71594878125 0.7824714375 0.7211027375 0.776389253125 0.7099473703125 0.770834446875 0.7131522328125001
0 0.8250025828125 0.6773171 0.8311374562499999 0.6609461249999999 0.8280875828125 0.6599561640625 0.8277975484375 0.666539221875 0.8230777203124999 0.668345809375 0.8195004671874999 0.65299561875 0.8183578921875 0.6701523984375 0.82111773125 0.6777254140625 0.8250025828125 0.6773171
0 0.7974132093749999 0.7418110390625 0.8001906125 0.740208609375 0.8182349484375001 0.7343805296875 0.822409834375 0.727389159375 0.8218648921874999 0.722204375 0.8185425468749999 0.7186220249999999 0.8152026375 0.724215121875 0.79826575 0.7312373171875 0.7940908640625 0.7382286890625 0.7974132093749999 0.7418110390625
0 0.7397466171875 0.576194646875 0.7405640296875 0.5839718203125 0.74250645625 0.5837676625 0.74751631875 0.57537801875 0.746426434375 0.5650084546875 0.74172416875 0.5576395953125 0.7395443984375001 0.5369004671875001 0.7317922593749999 0.5285416484375001 0.7342269375 0.5610486140625001 0.7408716281250001 0.5682133171875 0.7397466171875 0.576194646875
0 0.7360112937500001 0.6434234828125 0.72214184375 0.6422601921875 0.70794723125 0.6660308515625 0.7112695765625 0.6696132031250001 0.7159894046875 0.667806615625 0.725174153125 0.6524255984375 0.735158753125 0.6539972046875 0.7423835125 0.6479957953125 0.7471209046875 0.637013759375 0.7532206515625 0.6389936781250001 0.755725584375 0.63479885625 0.748245915625 0.629032428125 0.7360112937500001 0.6434234828125
0 0.7535192281249999 0.48301107343750005 0.755426528125 0.5011578109375 0.74901918125 0.5149363953125 0.7498365953125 0.52271356875 0.7553738375 0.5286841531250001 0.760093665625 0.526877565625 0.76481349375 0.5250709765625 0.7670459546874999 0.5182837640625 0.7553914015625 0.51950870625 0.763741171875 0.505525965625 0.7621063453125 0.48997161875 0.7687861625 0.47878542656249995 0.7654638171875 0.47520307500000003 0.7535192281249999 0.48301107343750005
0 0.9102500062500001 0.9278390999999999 0.8986130156250001 0.9198885953125 0.8927857390625 0.9205010671875 0.8902808078125 0.9246958890625001 0.891098221875 0.9324730625000001 0.8944205671875001 0.9360554125 0.903025246875 0.9338405109375 0.9102500062500001 0.9278390999999999
0 0.9765649468750001 0.9234901484375 0.9757124062500001 0.9340638703125 0.9787447171875 0.944229275 0.9718099921875 0.94364763125 0.9693050609375 0.9478424515625001 0.97262740625 0.951424803125 0.9831745109375 0.9490057437500001 0.9812672125 0.9308590062500001 0.9837721437500001 0.9266641828125 0.9918143171875 0.9284399453125 0.9923768234375 0.92444928125 0.9807398328125 0.9164987765625 0.9632580031250001 0.9183361906249999 0.9699026937499999 0.9255008921875 0.9765649468750001 0.9234901484375
0 0.8313928453124999 0.962337609375 0.834715190625 0.9659199609375 0.843592340625 0.9662974500000001 0.8452622953125 0.9635009015625 0.836675178125 0.9565403578125 0.8353479484375 0.92522750625 0.8303556499999999 0.9244417031250001 0.8242383375 0.9316372328125 0.8233857984374999 0.9422109546874999 0.8300304890625 0.94937565625 0.8313928453124999 0.962337609375
0 0.9514539203125001 0.8527406125000001 0.9392719875 0.839605325 0.938981953125 0.84618838125 0.94368421875 0.8535572406249999 0.9445016328125 0.8613344140624999 0.942251609375 0.8772970750000001 0.9358442625000001 0.8910756578125 0.9394215171875 0.9064258484375 0.9433063671875 0.906017534375 0.9416715390625001 0.8904631875 0.945846425 0.883471815625 0.9622208078125001 0.8804402843749999 0.9608408875000001 0.8766537781249999 0.9550136109375 0.8772662499999999 0.9494763687500001 0.8712956625 0.9525438062499999 0.8631101765625001 0.9514539203125001 0.8527406125000001