0 0.69140625 0.6242976265625 0.6904296875 0.6203876203124999 0.6796875 0.6216909562499999 0.6826171875 0.6256009609375 0.69140625 0.6242976265625
0 0.74609375 0.2776104265625 0.7490234375 0.2815204328125 0.751953125 0.280217096875 0.75390625 0.26718374375 0.7490234375 0.265880409375 0.74609375 0.2697904140625 0.74609375 0.2776104265625
0 0.640625 0.775484525 0.6396484375 0.766361178125 0.62890625 0.7650578421875001 0.6318359375 0.7767878609375 0.640625 0.775484525
0 0.7353515625 0.5734675484375 0.728515625 0.5851975656249999 0.73046875 0.59823091875 0.736328125 0.59823091875 0.736328125 0.5878042359375 0.748046875 0.577377553125 0.7451171875 0.56825420625 0.7353515625 0.5734675484375
0 0.72265625 0.363630559375 0.7197265625 0.36754056562500004 0.7138671875 0.36754056562500004 0.7109375 0.374057240625 0.7236328125 0.37275390625 0.7265625 0.37666391250000003 0.7265625 0.3870905953125 0.73046875 0.3870905953125 0.734375 0.3584172171875 0.7275390625 0.351900540625 0.72265625 0.3584172171875 0.72265625 0.363630559375
0 0.9423828125 0.810674578125 0.9365234375 0.800247896875 0.93359375 0.80937124375 0.9375 0.8171912562499999 0.9443359375 0.8211012609375 0.9560546875 0.8419546265625 0.962890625 0.8406512921875 0.96484375 0.8380446218750001 0.95703125 0.830224609375 0.953125 0.8171912562499999 0.9423828125 0.810674578125
0 0.830078125 0.321923828125 0.830078125 0.33495718124999996 0.818359375 0.35059720625 0.818359375 0.3610238890625 0.8212890625 0.36493389375 0.82421875 0.363630559375 0.82421875 0.355810546875 0.837890625 0.3375638515625 0.8388671875 0.31280048125 0.830078125 0.321923828125
0 0.640625 0.9084247296875001 0.6484375 0.9240647531249999 0.6533203125 0.93058143125 0.662109375 0.9292780953124999 0.66015625 0.9188514124999999 0.6484375 0.8953913765625 0.6435546875 0.894088040625 0.640625 0.9084247296875001
0 0.861328125 0.46268404375000005 0.861328125 0.457470703125 0.8544921875 0.4561673671875 0.845703125 0.46789738593749997 0.845703125 0.48353740937499995 0.86328125 0.5017841046875 0.865234375 0.491357421875 0.85546875 0.47832406875 0.85546875 0.47050405624999997 0.861328125 0.46268404375000005
0 0.8193359375 0.664701021875 0.8134765625 0.664701021875 0.810546875 0.6686110281250001 0.8125 0.67382436875 0.810546875 0.6998910765625 0.8134765625 0.70380108125 0.82421875 0.702497746875 0.826171875 0.6998910765625 0.822265625 0.68946439375 0.82421875 0.6712176984375 0.8193359375 0.664701021875
0 0.767578125 0.233297025 0.7607421875 0.2398137015625 0.7548828125 0.2398137015625 0.75390625 0.22547701406249998 0.7470703125 0.2189603359375 0.7421875 0.220263671875 0.74609375 0.22547701406249998 0.74609375 0.233297025 0.7509765625 0.24502704375 0.7666015625 0.2476337140625 0.7705078125 0.25284705625 0.775390625 0.2515437203125 0.77734375 0.24111703750000002 0.7685546875 0.2215670078125 0.765625 0.22287034218750001 0.767578125 0.233297025
0 0.6875 0.8588979859375 0.6884765625 0.868021334375 0.6982421875 0.868021334375 0.7119140625 0.8810546875 0.71875 0.8797513515625001 0.720703125 0.86932466875 0.7177734375 0.8575946515625 0.6923828125 0.8549879812500001 0.6875 0.8588979859375
0 0.1953125 0.4887507515625 0.1943359375 0.479627403125 0.189453125 0.48614408124999997 0.1923828125 0.4900540859375 0.1953125 0.4887507515625
0 0.294921875 0.5200307984375 0.2958984375 0.5109074515625001 0.2890625 0.5174241281249999 0.2900390625 0.521334134375 0.294921875 0.5200307984375
0 0.26953125 0.551310846875 0.2666015625 0.544794171875 0.259765625 0.5487041765625 0.2646484375 0.5526141828125 0.26953125 0.551310846875
0 0.330078125 0.728564453125 0.330078125 0.7233511109374999 0.3212890625 0.7142277640625 0.326171875 0.728564453125 0.330078125 0.728564453125
0 0.26171875 0.574770884375 0.26171875 0.5825908953125001 0.265625 0.5825908953125001 0.265625 0.574770884375 0.2734375 0.5695575421875 0.2705078125 0.5656475359375001 0.26171875 0.574770884375
0 0.173828125 0.626904296875 0.1796875 0.626904296875 0.1884765625 0.6256009609375 0.19140625 0.6216909562499999 0.1787109375 0.6203876203124999 0.173828125 0.626904296875
0 0.23828125 0.6633976859375 0.23828125 0.6712176984375 0.240234375 0.6712176984375 0.2421875 0.660791015625 0.2333984375 0.6490609984375 0.23046875 0.652971003125 0.23828125 0.6633976859375
0 0.283203125 0.4470440203125 0.2802734375 0.43792067343749996 0.26171875 0.4340106671875 0.2685546875 0.4431340140625 0.283203125 0.4470440203125
0 0.1572265625 0.622994290625 0.171875 0.6242976265625 0.171875 0.619084284375 0.1669921875 0.6125676078125 0.154296875 0.6164776140625 0.1572265625 0.622994290625
0 0.140625 0.4757173984375 0.1396484375 0.46920072187499995 0.1318359375 0.4770207328125 0.1259765625 0.4770207328125 0.1171875 0.4887507515625 0.1171875 0.49396409218750004 0.123046875 0.49917743437500006 0.123046875 0.491357421875 0.1259765625 0.487447415625 0.13671875 0.48353740937499995 0.140625 0.4757173984375
0 0.29296875 0.694677734375 0.2919921875 0.690767728125 0.2822265625 0.6855543859375001 0.27734375 0.6920710640625 0.26953125 0.7051044171874999 0.26953125 0.7233511109374999 0.271484375 0.7233511109374999 0.2734375 0.7077110875 0.2841796875 0.69598106875 0.2900390625 0.6985877406250001 0.29296875 0.694677734375
0 0.1318359375 0.3988206140625 0.1435546875 0.3910006015625 0.1494140625 0.3988206140625 0.154296875 0.397517278125 0.1435546875 0.38057391875 0.12109375 0.39491060624999996 0.1220703125 0.3988206140625 0.1318359375 0.3988206140625
0 0.216796875 0.5956242484375001 0.2158203125 0.5917142421875 0.2060546875 0.5917142421875 0.19921875 0.6008375906250001 0.201171875 0.6242976265625 0.205078125 0.6321176390625001 0.20703125 0.6295109671875 0.205078125 0.6034442609374999 0.2138671875 0.5995342546875 0.216796875 0.5956242484375001
0 0.1728515625 0.5187274640624999 0.18359375 0.525244140625 0.18359375 0.509604115625 0.1748046875 0.495267428125 0.162109375 0.49917743437500006 0.1728515625 0.5187274640624999
0 0.169921875 0.39491060624999996 0.1728515625 0.40142728437499997 0.1953125 0.41055063125 0.1845703125 0.38578725937499997 0.1787109375 0.3831805890625 0.171875 0.389697265625 0.169921875 0.39491060624999996
0 0.3056640625 0.6881610578124999 0.2978515625 0.6855543859375001 0.294921875 0.68946439375 0.2978515625 0.69598106875 0.3076171875 0.69598106875 0.3173828125 0.6855543859375001 0.3212890625 0.6855543859375001 0.3251953125 0.6933743984375 0.33203125 0.694677734375 0.328125 0.68164438125 0.3212890625 0.675127703125 0.3115234375 0.677734375 0.3056640625 0.6881610578124999
0 0.2080078125 0.43792067343749996 0.205078125 0.441830678125 0.205078125 0.45225736093749996 0.2119140625 0.46138070937500003 0.2177734375 0.46138070937500003 0.2265625 0.47050405624999997 0.224609375 0.4548640328125 0.2265625 0.45225736093749996 0.2158203125 0.43792067343749996 0.2080078125 0.43792067343749996
0 0.4091796875 0.7350811296875001 0.40234375 0.7389911359375 0.41015625 0.7389911359375 0.4091796875 0.7350811296875001
0 0.421875 0.7389911359375 0.4150390625 0.732474459375 0.41015625 0.7337777937500001 0.4150390625 0.740294471875 0.421875 0.7389911359375
0 0.380859375 0.775484525 0.384765625 0.7676645140625 0.3798828125 0.7611478359375 0.37890625 0.775484525 0.380859375 0.775484525
0 0.3955078125 0.8445612984374999 0.3984375 0.8432579625000001 0.40625 0.8354379515625 0.3935546875 0.8341346156249999 0.392578125 0.8406512921875 0.3955078125 0.8445612984374999
0 0.41796875 0.7702711843750001 0.4150390625 0.77939453125 0.408203125 0.780697865625 0.4091796875 0.7846078734375 0.41796875 0.7833045375000001 0.4248046875 0.7715745187499999 0.431640625 0.7702711843750001 0.4267578125 0.7611478359375 0.41796875 0.7702711843750001
0 0.3486328125 0.8497746390625001 0.349609375 0.8615046578125 0.361328125 0.871931340625 0.3564453125 0.8810546875 0.3515625 0.8823580234374999 0.3525390625 0.886268028125 0.357421875 0.88496469375 0.3671875 0.8745380109375 0.36328125 0.864111328125 0.3583984375 0.8628079921875 0.3486328125 0.8497746390625001
0 0.2861328125 0.7272611171875 0.283203125 0.7311711234375 0.283203125 0.7415978062499999 0.2880859375 0.7481144828125 0.294921875 0.7468111484375 0.294921875 0.7389911359375 0.298828125 0.7337777937500001 0.2919921875 0.7272611171875 0.2861328125 0.7272611171875
0 0.2333984375 0.8315279437499999 0.232421875 0.8380446218750001 0.240234375 0.848471303125 0.234375 0.864111328125 0.234375 0.871931340625 0.2392578125 0.8784480171875 0.24609375 0.8797513515625001 0.23828125 0.86932466875 0.24609375 0.8536846453125 0.244140625 0.8432579625000001 0.2333984375 0.8315279437499999