0 0.54296875 0.6920710640625 0.5341796875 0.677734375 0.53125 0.6790377109375 0.5341796875 0.690767728125 0.54296875 0.6920710640625
0 0.455078125 0.3584172171875 0.45703125 0.363630559375 0.453125 0.37145057187499997 0.458984375 0.37145057187499997 0.4609375 0.363630559375 0.466796875 0.3584172171875 0.4677734375 0.34929387031250003 0.455078125 0.3584172171875
0 0.513671875 0.4209773140625 0.5068359375 0.41706730781249995 0.5 0.423583984375 0.5 0.43140399687500003 0.505859375 0.441830678125 0.5078125 0.4340106671875 0.50390625 0.423583984375 0.5107421875 0.42488731875 0.513671875 0.4209773140625
0 0.5458984375 0.4744140625 0.541015625 0.4757173984375 0.5419921875 0.479627403125 0.546875 0.48093073906250006 0.5595703125 0.4770207328125 0.560546875 0.46789738593749997 0.5517578125 0.46398737968750003 0.5458984375 0.4744140625
0 0.3427734375 0.2789137609375 0.3388671875 0.284127103125 0.3310546875 0.2815204328125 0.326171875 0.288037109375 0.3310546875 0.29194711562500003 0.341796875 0.2906437796875 0.3447265625 0.2867337734375 0.35546875 0.288037109375 0.3486328125 0.2789137609375 0.3427734375 0.2789137609375
0 0.1591796875 0.1068734984375 0.1650390625 0.11730018125 0.177734375 0.126423528125 0.1796875 0.13945688125 0.1845703125 0.148580228125 0.1875 0.14727689375 0.18359375 0.13945688125 0.18359375 0.126423528125 0.1669921875 0.10948016875 0.1591796875 0.1068734984375
0 0.37109375 0.3584172171875 0.37109375 0.363630559375 0.376953125 0.37145057187499997 0.390625 0.363630559375 0.3896484375 0.351900540625 0.3818359375 0.34929387031250003 0.37109375 0.3584172171875
0 0.291015625 0.246330378125 0.2900390625 0.2398137015625 0.28125 0.24893704843750003 0.283203125 0.2723970859375 0.27734375 0.2776104265625 0.2783203125 0.2815204328125 0.287109375 0.280217096875 0.291015625 0.2723970859375 0.291015625 0.25936373125 0.287109375 0.2515437203125 0.291015625 0.246330378125
0 0.3447265625 0.6464543265625 0.33984375 0.6477576625 0.33984375 0.66600435625 0.333984375 0.6790377109375 0.337890625 0.6972844046875 0.341796875 0.6998910765625 0.34375 0.6972844046875 0.341796875 0.6764310390625 0.34765625 0.66600435625 0.3447265625 0.6464543265625
0 0.3701171875 0.406640625 0.3671875 0.4079439609375 0.365234375 0.41837064375 0.3544921875 0.42488731875 0.349609375 0.4340106671875 0.349609375 0.441830678125 0.3525390625 0.44574068437500003 0.361328125 0.44443735 0.357421875 0.4366173375 0.3662109375 0.43270733124999994 0.37109375 0.4261906546875 0.3701171875 0.406640625
0 0.2880859375 0.41706730781249995 0.2763671875 0.41967397812499996 0.2705078125 0.42488731875 0.2568359375 0.42488731875 0.24609375 0.4340106671875 0.2490234375 0.43792067343749996 0.2705078125 0.43792067343749996 0.2783203125 0.43270733124999994 0.2822265625 0.43792067343749996 0.28515625 0.4366173375 0.287109375 0.4340106671875 0.28515625 0.423583984375 0.2890625 0.4209773140625 0.2880859375 0.41706730781249995
0 0.3173828125 0.1199068515625 0.3076171875 0.1277268640625 0.3037109375 0.12512019218749998 0.2763671875 0.12512019218749998 0.2744140625 0.1277268640625 0.2724609375 0.12512019218749998 0.2685546875 0.1277268640625 0.2666015625 0.12512019218749998 0.2607421875 0.1277268640625 0.2236328125 0.12512019218749998 0.216796875 0.12903019843750002 0.2451171875 0.135546875 0.2529296875 0.130333534375 0.2607421875 0.135546875 0.2666015625 0.132940203125 0.2705078125 0.135546875 0.31640625 0.1342435390625 0.3203125 0.13163686875 0.318359375 0.12903019843750002 0.3203125 0.12381685625000001 0.3173828125 0.1199068515625
0 0.8603515625 0.4587740390625 0.8662109375 0.4561673671875 0.875 0.46789738593749997 0.873046875 0.457470703125 0.8662109375 0.44834735625000005 0.859375 0.4548640328125 0.8603515625 0.4587740390625
0 0.8310546875 0.630814303125 0.82421875 0.6295109671875 0.8271484375 0.63602764375 0.833984375 0.634724309375 0.8369140625 0.6282076328125 0.84375 0.6242976265625 0.8408203125 0.61778095 0.8310546875 0.630814303125
0 0.8056640625 0.5291541468750001 0.7978515625 0.5317608171875 0.79296875 0.53827749375 0.79296875 0.55391751875 0.78515625 0.559130859375 0.7861328125 0.563040865625 0.79296875 0.5617375296875 0.796875 0.5565241890625 0.796875 0.5434908359375 0.806640625 0.533064153125 0.8056640625 0.5291541468750001
0 0.8427734375 0.563040865625 0.828125 0.5617375296875 0.8291015625 0.5708608765625 0.8388671875 0.5708608765625 0.8505859375 0.581287559375 0.853515625 0.579984225 0.859375 0.574770884375 0.8583984375 0.56825420625 0.8505859375 0.5708608765625 0.8427734375 0.563040865625
0 0.828125 0.47832406875 0.8154296875 0.46659405 0.8076171875 0.46398737968750003 0.7998046875 0.4926607578125 0.787109375 0.48614408124999997 0.7900390625 0.4926607578125 0.798828125 0.49917743437500006 0.806640625 0.4887507515625 0.8095703125 0.4744140625 0.8173828125 0.479627403125 0.828125 0.47832406875
0 0.8681640625 0.5369741593749999 0.8662109375 0.539580828125 0.86328125 0.5356708234374999 0.86328125 0.5226374703125 0.8564453125 0.5109074515625001 0.8447265625 0.5135141234375 0.83984375 0.506997446875 0.837890625 0.5148174578125 0.8408203125 0.5187274640624999 0.8447265625 0.521334134375 0.8544921875 0.5187274640624999 0.857421875 0.5226374703125 0.857421875 0.53827749375 0.8623046875 0.547400840625 0.8720703125 0.5500075109375 0.8759765625 0.555220853125 0.880859375 0.55391751875 0.892578125 0.5487041765625 0.8896484375 0.544794171875 0.8759765625 0.544794171875 0.8681640625 0.5369741593749999
0 0.7255859375 0.716834434375 0.71484375 0.728564453125 0.72265625 0.7337777937500001 0.7255859375 0.716834434375
0 0.744140625 0.7337777937500001 0.7451171875 0.7429011421875 0.7578125 0.74941781875 0.7529296875 0.7376878 0.7470703125 0.740294471875 0.748046875 0.7337777937500001 0.744140625 0.7337777937500001
0 0.8037109375 0.7011944109375 0.8017578125 0.6855543859375001 0.798828125 0.702497746875 0.80078125 0.710317759375 0.8046875 0.710317759375 0.8125 0.694677734375 0.8095703125 0.6933743984375 0.80859375 0.6998910765625 0.8037109375 0.7011944109375
0 0.7939453125 0.750721153125 0.7900390625 0.7559344953125 0.7724609375 0.7611478359375 0.767578125 0.7676645140625 0.7705078125 0.7715745187499999 0.7734375 0.7702711843750001 0.7919921875 0.766361178125 0.796875 0.7598445015624999 0.796875 0.7546311593749999 0.7939453125 0.750721153125
0 0.734375 0.5617375296875 0.7275390625 0.5526141828125 0.7265625 0.5851975656249999 0.732421875 0.593017578125 0.73046875 0.6008375906250001 0.73046875 0.6086576015625 0.732421875 0.6086576015625 0.73828125 0.6008375906250001 0.73828125 0.5904109078124999 0.734375 0.5825908953125001 0.734375 0.5617375296875
0 0.7314453125 0.6620943515625 0.7373046875 0.664701021875 0.740234375 0.660791015625 0.7333984375 0.6542743390625 0.7197265625 0.6673076921875001 0.7060546875 0.664701021875 0.689453125 0.6868577218749999 0.6923828125 0.690767728125 0.697265625 0.68946439375 0.7080078125 0.675127703125 0.7177734375 0.677734375 0.7255859375 0.672521034375 0.7314453125 0.6620943515625
0 0.76171875 0.533064153125 0.76171875 0.5174241281249999 0.76953125 0.506997446875 0.7666015625 0.503087440625 0.75390625 0.509604115625 0.75390625 0.5278508109375 0.74609375 0.5408841640625 0.74609375 0.5487041765625 0.7509765625 0.555220853125 0.755859375 0.55391751875 0.7607421875 0.5526141828125 0.763671875 0.54609750625 0.751953125 0.54609750625 0.76171875 0.533064153125
0 0.84375 0.9631648140625 0.84375 0.9709848265625001 0.8466796875 0.97489483125 0.85546875 0.973591496875 0.86328125 0.9683781546875 0.8525390625 0.9592548078125 0.8466796875 0.9592548078125 0.84375 0.9631648140625
0 0.9453125 0.973591496875 0.9345703125 0.9644681484375001 0.9169921875 0.9644681484375001 0.9228515625 0.9722881609374999 0.9296875 0.9709848265625001 0.927734375 0.9814115093750001 0.9296875 0.991838190625 0.9228515625 0.99053485625 0.919921875 0.9944448609375 0.9228515625 0.9983548671875001 0.93359375 0.9970515328125 0.93359375 0.9788048375 0.9365234375 0.97489483125 0.9443359375 0.9775015015624999 0.9453125 0.973591496875
0 0.7841796875 0.9566481359375001 0.77734375 0.9631648140625 0.775390625 0.973591496875 0.78125 0.9814115093750001 0.78125 0.9944448609375 0.7841796875 0.9983548671875001 0.79296875 0.999658203125 0.794921875 0.9970515328125 0.787109375 0.9892315203125 0.7890625 0.957951471875 0.7841796875 0.9566481359375001
0 0.9189453125 0.9227614187500001 0.9130859375 0.9227614187500001 0.908203125 0.9162447406249999 0.912109375 0.9084247296875001 0.912109375 0.897998046875 0.9013671875 0.8836613578125 0.900390625 0.890178034375 0.904296875 0.897998046875 0.904296875 0.905818059375 0.900390625 0.9214580828125 0.892578125 0.9344914359375001 0.89453125 0.9501314609374999 0.8984375 0.9501314609374999 0.8984375 0.9344914359375001 0.9033203125 0.9279747593750001 0.919921875 0.9266714234375 0.9189453125 0.9227614187500001