0 0.607421875 0.26457707343750003 0.6083984375 0.2476337140625 0.599609375 0.25936373125 0.6025390625 0.265880409375 0.607421875 0.26457707343750003
0 0.654296875 0.295857121875 0.6552734375 0.2867337734375 0.640625 0.288037109375 0.6455078125 0.29716045625 0.654296875 0.295857121875
0 0.66796875 0.5695575421875 0.6708984375 0.5734675484375 0.673828125 0.5721642124999999 0.685546875 0.5617375296875 0.6806640625 0.5578275234375 0.6728515625 0.563040865625 0.66796875 0.5695575421875
0 0.4921875 0.288037109375 0.4931640625 0.29194711562500003 0.51171875 0.2906437796875 0.513671875 0.288037109375 0.5068359375 0.2815204328125 0.5009765625 0.2815204328125 0.4921875 0.288037109375
0 0.6279296875 0.182466946875 0.626953125 0.186376953125 0.6328125 0.19159029375 0.6328125 0.1968036359375 0.6220703125 0.19810697187499998 0.615234375 0.20723031875000003 0.62109375 0.20723031875000003 0.63671875 0.19941030625 0.63671875 0.1889836234375 0.6318359375 0.182466946875 0.6279296875 0.182466946875
0 0.6875 0.551310846875 0.6962890625 0.5656475359375001 0.701171875 0.5643442015625 0.703125 0.5565241890625 0.6923828125 0.539580828125 0.6875 0.54609750625 0.6875 0.551310846875
0 0.7099609375 0.4744140625 0.7041015625 0.4718073921875 0.69921875 0.4757173984375 0.697265625 0.48614408124999997 0.689453125 0.4965707640625 0.689453125 0.5017841046875 0.693359375 0.5017841046875 0.703125 0.491357421875 0.703125 0.48614408124999997 0.7109375 0.47832406875 0.7099609375 0.4744140625
0 0.5546875 0.1968036359375 0.556640625 0.19941030625 0.5546875 0.20983698906249998 0.5576171875 0.21374699531250002 0.560546875 0.212443659375 0.5703125 0.20723031875000003 0.564453125 0.19159029375 0.5654296875 0.1798602765625 0.5546875 0.1968036359375
0 0.6337890625 0.3753605765625 0.6240234375 0.37796724843749996 0.62109375 0.38448392343750004 0.62109375 0.397517278125 0.6171875 0.4079439609375 0.6201171875 0.41185396562500004 0.623046875 0.41055063125 0.62890625 0.397517278125 0.626953125 0.389697265625 0.634765625 0.381877253125 0.6337890625 0.3753605765625
0 0.7099609375 0.664701021875 0.69140625 0.6633976859375 0.69140625 0.6686110281250001 0.6962890625 0.675127703125 0.703125 0.67382436875 0.7119140625 0.672521034375 0.72265625 0.6555776734375 0.7177734375 0.65166766875 0.7099609375 0.664701021875
0 0.474609375 0.2437237078125 0.4765625 0.22808368437499998 0.484375 0.21505033125 0.4794921875 0.20071364218749999 0.4765625 0.2020169765625 0.4765625 0.212443659375 0.470703125 0.22287034218750001 0.470703125 0.23590369687499999 0.466796875 0.24111703750000002 0.4736328125 0.25284705625 0.4765625 0.2515437203125 0.482421875 0.24893704843750003 0.4814453125 0.24502704375 0.4775390625 0.2476337140625 0.474609375 0.2437237078125
0 0.8134765625 0.5526141828125 0.8056640625 0.5421875 0.798828125 0.54609750625 0.7998046875 0.563040865625 0.814453125 0.5643442015625 0.8251953125 0.56043419375 0.826171875 0.5565241890625 0.8232421875 0.5526141828125 0.8134765625 0.5526141828125
0 0.7080078125 0.2815204328125 0.6962890625 0.2815204328125 0.689453125 0.288037109375 0.6923828125 0.2945537859375 0.6982421875 0.29194711562500003 0.7060546875 0.29716045625 0.705078125 0.30628380312500003 0.7158203125 0.318013821875 0.720703125 0.3167104859375 0.7265625 0.308890475 0.716796875 0.303677134375 0.71484375 0.2906437796875 0.7080078125 0.2815204328125
0 0.6533203125 0.43270733124999994 0.6416015625 0.45095402656249994 0.6357421875 0.45095402656249994 0.625 0.46789738593749997 0.6513671875 0.46398737968750003 0.65234375 0.4757173984375 0.65625 0.4757173984375 0.66015625 0.465290715625 0.65625 0.4548640328125 0.658203125 0.4366173375 0.6533203125 0.43270733124999994
0 0.71484375 0.6086576015625 0.71875 0.59823091875 0.7177734375 0.589107571875 0.7119140625 0.5917142421875 0.7099609375 0.596927584375 0.6982421875 0.5943209140625 0.69140625 0.6008375906250001 0.6923828125 0.6073542671875 0.7041015625 0.6073542671875 0.708984375 0.6112642734375 0.708984375 0.6321176390625001 0.7021484375 0.6334209734375 0.697265625 0.642544321875 0.71484375 0.645150990625 0.71875 0.6373309796875 0.71875 0.6242976265625 0.71484375 0.619084284375 0.71484375 0.6086576015625
0 0.7607421875 0.81328125 0.765625 0.8067645734375001 0.763671875 0.7911245484375 0.7568359375 0.7976412265625 0.7373046875 0.79503455625 0.7333984375 0.800247896875 0.7216796875 0.7846078734375 0.720703125 0.7937312203125 0.724609375 0.80155123125 0.71875 0.8145845859374999 0.7236328125 0.8211012609375 0.73046875 0.8197979265625 0.7314453125 0.808067909375 0.7392578125 0.81328125 0.7412109375 0.810674578125 0.7607421875 0.81328125
0 0.7587890625 0.61778095 0.7578125 0.6112642734375 0.7490234375 0.6021409249999999 0.734375 0.60605093125 0.740234375 0.6242976265625 0.7451171875 0.630814303125 0.7529296875 0.630814303125 0.755859375 0.634724309375 0.75390625 0.645150990625 0.7587890625 0.65166766875 0.771484375 0.6503643328125001 0.767578125 0.642544321875 0.767578125 0.6242976265625 0.7626953125 0.615174278125 0.7587890625 0.61778095
0 0.708984375 0.4079439609375 0.712890625 0.397517278125 0.712890625 0.3870905953125 0.703125 0.374057240625 0.708984375 0.3662372296875 0.708984375 0.3584172171875 0.6845703125 0.359720553125 0.6796875 0.3662372296875 0.677734375 0.37666391250000003 0.66796875 0.3870905953125 0.6708984375 0.3910006015625 0.6826171875 0.3910006015625 0.6884765625 0.38057391875 0.6923828125 0.38057391875 0.703125 0.39491060624999996 0.701171875 0.4079439609375 0.708984375 0.43140399687500003 0.70703125 0.4340106671875 0.7099609375 0.43792067343749996 0.71875 0.4366173375 0.720703125 0.4287973265625 0.716796875 0.423583984375 0.716796875 0.41055063125 0.708984375 0.4079439609375
0 0.2421875 0.4001239484375 0.2412109375 0.3962139421875 0.232421875 0.397517278125 0.2353515625 0.40142728437499997 0.2421875 0.4001239484375
0 0.2412109375 0.479627403125 0.25 0.47832406875 0.2392578125 0.46138070937500003 0.236328125 0.465290715625 0.240234375 0.47050405624999997 0.2412109375 0.479627403125
0 0.287109375 0.5487041765625 0.29296875 0.551310846875 0.3037109375 0.5317608171875 0.2919921875 0.5369741593749999 0.287109375 0.5434908359375 0.287109375 0.5487041765625
0 0.2646484375 0.5656475359375001 0.2607421875 0.56825420625 0.2509765625 0.5656475359375001 0.248046875 0.5695575421875 0.24609375 0.593017578125 0.25 0.593017578125 0.251953125 0.574770884375 0.2626953125 0.5734675484375 0.265625 0.5695575421875 0.2646484375 0.5656475359375001
0 0.169921875 0.525244140625 0.1748046875 0.5317608171875 0.177734375 0.53045748125 0.18359375 0.525244140625 0.1708984375 0.503087440625 0.16796875 0.5174241281249999 0.169921875 0.525244140625
0 0.2587890625 0.3988206140625 0.2626953125 0.3962139421875 0.2626953125 0.3910006015625 0.2509765625 0.38839393125 0.2421875 0.40273061875 0.2421875 0.41837064375 0.2451171875 0.4222806484375 0.248046875 0.4209773140625 0.25 0.41837064375 0.248046875 0.4053372890625 0.2548828125 0.3962139421875 0.2587890625 0.3988206140625
0 0.1845703125 0.351900540625 0.1748046875 0.351900540625 0.1689453125 0.359720553125 0.1630859375 0.359720553125 0.1640625 0.3688439 0.15625 0.37666391250000003 0.1689453125 0.37796724843749996 0.171875 0.3870905953125 0.16796875 0.39491060624999996 0.173828125 0.39491060624999996 0.177734375 0.389697265625 0.17578125 0.363630559375 0.189453125 0.355810546875 0.1845703125 0.351900540625
0 0.2958984375 0.4353140015625 0.2880859375 0.43010066093750005 0.2802734375 0.43010066093750005 0.279296875 0.4340106671875 0.283203125 0.4366173375 0.2822265625 0.4431340140625 0.2763671875 0.4431340140625 0.2666015625 0.4561673671875 0.25390625 0.4600773734375 0.2548828125 0.46398737968750003 0.27734375 0.465290715625 0.279296875 0.46268404375000005 0.27734375 0.45225736093749996 0.2900390625 0.45095402656249994 0.2958984375 0.4353140015625
0 0.2021484375 0.5317608171875 0.20703125 0.5226374703125 0.20703125 0.5174241281249999 0.2021484375 0.5109074515625001 0.19921875 0.5122107875 0.201171875 0.5226374703125 0.1884765625 0.5265474765625 0.185546875 0.53045748125 0.185546875 0.53827749375 0.1796875 0.54609750625 0.1796875 0.55391751875 0.189453125 0.566950871875 0.19140625 0.5565241890625 0.197265625 0.55391751875 0.193359375 0.5356708234374999 0.2021484375 0.5317608171875
0 0.5634765625 0.6412409859375 0.55859375 0.6555776734375 0.55078125 0.660791015625 0.5556640625 0.664701021875 0.560546875 0.6633976859375 0.564453125 0.6503643328125001 0.5703125 0.645150990625 0.5673828125 0.6412409859375 0.5634765625 0.6412409859375
0 0.5751953125 0.672521034375 0.5703125 0.6790377109375 0.5703125 0.6842510515625 0.576171875 0.6842510515625 0.5791015625 0.680341046875 0.5908203125 0.682947715625 0.59375 0.67382436875 0.5751953125 0.672521034375
0 0.5634765625 0.6933743984375 0.55078125 0.7051044171874999 0.552734375 0.710317759375 0.5556640625 0.7064077515625 0.5673828125 0.7090144234375 0.576171875 0.694677734375 0.5634765625 0.6933743984375
0 0.5009765625 0.690767728125 0.501953125 0.7051044171874999 0.5087890625 0.7142277640625 0.515625 0.712924428125 0.517578125 0.710317759375 0.515625 0.6972844046875 0.5068359375 0.69598106875 0.5009765625 0.690767728125
0 0.59375 0.6164776140625 0.5830078125 0.6073542671875 0.5791015625 0.5995342546875 0.576171875 0.6034442609374999 0.578125 0.6112642734375 0.5859375 0.6216909562499999 0.583984375 0.634724309375 0.587890625 0.63993765 0.58984375 0.6373309796875 0.587890625 0.6321176390625001 0.59375 0.6242976265625 0.59375 0.6164776140625
0 0.6171875 0.626904296875 0.6123046875 0.6203876203124999 0.6064453125 0.6203876203124999 0.603515625 0.626904296875 0.61328125 0.6295109671875 0.611328125 0.645150990625 0.6162109375 0.65166766875 0.623046875 0.6503643328125001 0.630859375 0.645150990625 0.6259765625 0.6412409859375 0.6181640625 0.6464543265625 0.6171875 0.626904296875
0 0.5244140625 0.6099609375 0.5302734375 0.6099609375 0.5283203125 0.604747596875 0.515625 0.6138709437500001 0.51953125 0.634724309375 0.5068359375 0.638634315625 0.50390625 0.645150990625 0.5078125 0.6477576625 0.5205078125 0.64384765625 0.525390625 0.6373309796875 0.521484375 0.6138709437500001 0.5244140625 0.6099609375
0 0.5419921875 0.71162109375 0.5322265625 0.7090144234375 0.541015625 0.7233511109374999 0.541015625 0.7311711234375 0.533203125 0.7389911359375 0.5341796875 0.7455078125 0.541015625 0.7468111484375 0.53125 0.762451171875 0.53125 0.7676645140625 0.5341796875 0.7715745187499999 0.537109375 0.7702711843750001 0.537109375 0.762451171875 0.546875 0.7520244890625001 0.548828125 0.7259577828125 0.5419921875 0.71162109375
0 0.3125 0.93709810625 0.3203125 0.9449181187500001 0.31640625 0.9344914359375001 0.31640625 0.9240647531249999 0.3134765625 0.9227614187500001 0.3125 0.93709810625
0 0.42578125 0.6972844046875 0.4267578125 0.690767728125 0.41015625 0.6920710640625 0.4208984375 0.6985877406250001 0.42578125 0.6972844046875
0 0.369140625 0.8771446812500001 0.3701171875 0.8810546875 0.3759765625 0.8810546875 0.3798828125 0.886268028125 0.38671875 0.88496469375 0.3876953125 0.8810546875 0.3798828125 0.8810546875 0.3759765625 0.8758413468749999 0.369140625 0.8771446812500001
0 0.4169921875 0.8706280046874999 0.41015625 0.871931340625 0.4130859375 0.8758413468749999 0.419921875 0.8745380109375 0.4296875 0.8615046578125 0.4267578125 0.8575946515625 0.4228515625 0.8575946515625 0.4169921875 0.8706280046874999
0 0.4580078125 0.8445612984374999 0.453125 0.8562913156249999 0.447265625 0.8615046578125 0.4501953125 0.8654146640624999 0.455078125 0.864111328125 0.4580078125 0.8549879812500001 0.46875 0.848471303125 0.4677734375 0.8445612984374999 0.4580078125 0.8445612984374999
0 0.4443359375 0.7142277640625 0.4384765625 0.7064077515625 0.4345703125 0.7064077515625 0.4306640625 0.6985877406250001 0.4296875 0.7051044171874999 0.44140625 0.7155311 0.435546875 0.728564453125 0.44140625 0.728564453125 0.4462890625 0.71944110625 0.4560546875 0.71944110625 0.45703125 0.7155311 0.4443359375 0.7142277640625
0 0.4267578125 0.9357947718749999 0.419921875 0.9423114484375 0.4208984375 0.948828125 0.4248046875 0.9410081140625 0.4287109375 0.9410081140625 0.4375 0.957951471875 0.443359375 0.9605581437499999 0.44921875 0.9553448015624999 0.4443359375 0.954041465625 0.4326171875 0.9384014421875 0.4267578125 0.9357947718749999
0 0.3857421875 0.948828125 0.4013671875 0.946221453125 0.40625 0.93709810625 0.3935546875 0.9384014421875 0.3818359375 0.9331881015624999 0.365234375 0.9475247890625 0.369140625 0.9501314609374999 0.3798828125 0.9410081140625 0.3876953125 0.9410081140625 0.384765625 0.9449181187500001 0.3857421875 0.948828125
0 0.4501953125 0.909728065625 0.435546875 0.9188514124999999 0.4384765625 0.9227614187500001 0.4560546875 0.9201547484375 0.45703125 0.93709810625 0.46484375 0.9397047781250001 0.4609375 0.9292780953124999 0.462890625 0.9188514124999999 0.4599609375 0.9123347359375 0.4501953125 0.909728065625
0 0.271484375 0.80155123125 0.2734375 0.8067645734375001 0.271484375 0.8171912562499999 0.2744140625 0.8237079328125001 0.2783203125 0.826314603125 0.2939453125 0.8237079328125001 0.30078125 0.830224609375 0.296875 0.8197979265625 0.2900390625 0.815887921875 0.2822265625 0.8028545671874999 0.271484375 0.80155123125
0 0.4423828125 0.8237079328125001 0.4521484375 0.8367412859375 0.4599609375 0.8341346156249999 0.4609375 0.830224609375 0.451171875 0.8171912562499999 0.455078125 0.80937124375 0.453125 0.804157903125 0.4423828125 0.792427884375 0.4384765625 0.792427884375 0.4375 0.80155123125 0.447265625 0.8067645734375001 0.4443359375 0.81328125 0.4208984375 0.810674578125 0.4169921875 0.815887921875 0.4072265625 0.815887921875 0.3994140625 0.8028545671874999 0.3916015625 0.8028545671874999 0.4052734375 0.826314603125 0.416015625 0.830224609375 0.41015625 0.8406512921875 0.412109375 0.8432579625000001 0.421875 0.8328312796875 0.4228515625 0.8237079328125001 0.4287109375 0.826314603125 0.4423828125 0.8237079328125001
0 0.4111328125 0.7481144828125 0.419921875 0.7415978062499999 0.4189453125 0.7376878 0.4052734375 0.740294471875 0.40234375 0.736384465625 0.4130859375 0.7142277640625 0.4208984375 0.716834434375 0.423828125 0.712924428125 0.4208984375 0.7090144234375 0.4130859375 0.7064077515625 0.3974609375 0.716834434375 0.3818359375 0.71162109375 0.375 0.720744440625 0.380859375 0.736384465625 0.369140625 0.7442044765625 0.3671875 0.7520244890625001 0.3701171875 0.758541165625 0.373046875 0.75723783125 0.3720703125 0.7481144828125 0.3818359375 0.7455078125 0.38671875 0.7389911359375 0.38671875 0.7311711234375 0.3818359375 0.7220477765625 0.3974609375 0.724654446875 0.4033203125 0.716834434375 0.40625 0.7181377703125 0.396484375 0.7415978062499999 0.39453125 0.7546311593749999 0.3896484375 0.7611478359375 0.3759765625 0.7637545078125 0.37109375 0.7702711843750001 0.369140625 0.775484525 0.37109375 0.7833045375000001 0.37890625 0.7833045375000001 0.380859375 0.775484525 0.39453125 0.762451171875 0.4013671875 0.7455078125 0.4111328125 0.7481144828125