0 0.6920710640625 0.45703125 0.677734375 0.4658203125 0.6790377109375 0.46875 0.690767728125 0.4658203125 0.6920710640625 0.45703125
0 0.363630559375 0.5390625 0.3584172171875 0.533203125 0.34929387031250003 0.5322265625 0.3584172171875 0.544921875 0.363630559375 0.54296875 0.37145057187499997 0.546875 0.37145057187499997 0.541015625 0.363630559375 0.5390625
0 0.441830678125 0.494140625 0.4340106671875 0.4921875 0.423583984375 0.49609375 0.42488731875 0.4892578125 0.4209773140625 0.486328125 0.41706730781249995 0.4931640625 0.423583984375 0.5 0.43140399687500003 0.5 0.441830678125 0.494140625
0 0.4770207328125 0.4404296875 0.46789738593749997 0.439453125 0.46398737968750003 0.4482421875 0.4744140625 0.4541015625 0.4757173984375 0.458984375 0.479627403125 0.4580078125 0.48093073906250006 0.453125 0.4770207328125 0.4404296875
0 0.29194711562500003 0.6689453125 0.2906437796875 0.658203125 0.2867337734375 0.6552734375 0.288037109375 0.64453125 0.2789137609375 0.6513671875 0.2789137609375 0.6572265625 0.284127103125 0.6611328125 0.2815204328125 0.6689453125 0.288037109375 0.673828125 0.29194711562500003 0.6689453125
0 0.148580228125 0.8154296875 0.14727689375 0.8125 0.13945688125 0.81640625 0.126423528125 0.81640625 0.10948016875 0.8330078125 0.1068734984375 0.8408203125 0.11730018125 0.8349609375 0.126423528125 0.822265625 0.13945688125 0.8203125 0.148580228125 0.8154296875
0 0.351900540625 0.6103515625 0.34929387031250003 0.6181640625 0.3584172171875 0.62890625 0.363630559375 0.62890625 0.37145057187499997 0.623046875 0.363630559375 0.609375 0.351900540625 0.6103515625
0 0.2776104265625 0.72265625 0.2815204328125 0.7216796875 0.280217096875 0.712890625 0.2723970859375 0.708984375 0.25936373125 0.708984375 0.2515437203125 0.712890625 0.246330378125 0.708984375 0.2398137015625 0.7099609375 0.24893704843750003 0.71875 0.2723970859375 0.716796875 0.2776104265625 0.72265625
0 0.6972844046875 0.662109375 0.6998910765625 0.658203125 0.6972844046875 0.65625 0.6764310390625 0.658203125 0.66600435625 0.65234375 0.6464543265625 0.6552734375 0.6477576625 0.66015625 0.66600435625 0.66015625 0.6790377109375 0.666015625 0.6972844046875 0.662109375
0 0.4340106671875 0.650390625 0.441830678125 0.650390625 0.44574068437500003 0.6474609375 0.44443735 0.638671875 0.4366173375 0.642578125 0.43270733124999994 0.6337890625 0.4261906546875 0.62890625 0.406640625 0.6298828125 0.4079439609375 0.6328125 0.41837064375 0.634765625 0.42488731875 0.6455078125 0.4340106671875 0.650390625
0 0.4340106671875 0.75390625 0.43792067343749996 0.7509765625 0.43792067343749996 0.7294921875 0.43270733124999994 0.7216796875 0.43792067343749996 0.7177734375 0.4366173375 0.71484375 0.4340106671875 0.712890625 0.423583984375 0.71484375 0.4209773140625 0.7109375 0.41706730781249995 0.7119140625 0.41967397812499996 0.7236328125 0.42488731875 0.7294921875 0.42488731875 0.7431640625 0.4340106671875 0.75390625
0 0.1277268640625 0.7255859375 0.12512019218749998 0.7275390625 0.1277268640625 0.7314453125 0.12512019218749998 0.7333984375 0.1277268640625 0.7392578125 0.12512019218749998 0.7763671875 0.12903019843750002 0.783203125 0.135546875 0.7548828125 0.130333534375 0.7470703125 0.135546875 0.7392578125 0.132940203125 0.7333984375 0.135546875 0.7294921875 0.1342435390625 0.68359375 0.13163686875 0.6796875 0.12903019843750002 0.681640625 0.12381685625000001 0.6796875 0.1199068515625 0.6826171875 0.1277268640625 0.6923828125 0.12512019218749998 0.6962890625 0.12512019218749998 0.7236328125 0.1277268640625 0.7255859375
0 0.44834735625000005 0.1337890625 0.4548640328125 0.140625 0.4587740390625 0.1396484375 0.4561673671875 0.1337890625 0.46789738593749997 0.125 0.457470703125 0.126953125 0.44834735625000005 0.1337890625
0 0.6282076328125 0.1630859375 0.6242976265625 0.15625 0.61778095 0.1591796875 0.630814303125 0.1689453125 0.6295109671875 0.17578125 0.63602764375 0.1728515625 0.634724309375 0.166015625 0.6282076328125 0.1630859375
0 0.559130859375 0.21484375 0.563040865625 0.2138671875 0.5617375296875 0.20703125 0.5565241890625 0.203125 0.5434908359375 0.203125 0.533064153125 0.193359375 0.5291541468750001 0.1943359375 0.5317608171875 0.2021484375 0.53827749375 0.20703125 0.55391751875 0.20703125 0.559130859375 0.21484375
0 0.581287559375 0.1494140625 0.579984225 0.146484375 0.574770884375 0.140625 0.56825420625 0.1416015625 0.5708608765625 0.1494140625 0.563040865625 0.1572265625 0.5617375296875 0.171875 0.5708608765625 0.1708984375 0.5708608765625 0.1611328125 0.581287559375 0.1494140625
0 0.48614408124999997 0.212890625 0.4926607578125 0.2099609375 0.49917743437500006 0.201171875 0.4887507515625 0.193359375 0.4744140625 0.1904296875 0.479627403125 0.1826171875 0.47832406875 0.171875 0.46659405 0.1845703125 0.46398737968750003 0.1923828125 0.4926607578125 0.2001953125 0.48614408124999997 0.212890625
0 0.5109074515625001 0.1435546875 0.5135141234375 0.1552734375 0.506997446875 0.16015625 0.5148174578125 0.162109375 0.5187274640624999 0.1591796875 0.521334134375 0.1552734375 0.5187274640624999 0.1455078125 0.5226374703125 0.142578125 0.53827749375 0.142578125 0.547400840625 0.1376953125 0.5500075109375 0.1279296875 0.555220853125 0.1240234375 0.55391751875 0.119140625 0.5487041765625 0.107421875 0.544794171875 0.1103515625 0.544794171875 0.1240234375 0.5369741593749999 0.1318359375 0.539580828125 0.1337890625 0.5356708234374999 0.13671875 0.5226374703125 0.13671875 0.5109074515625001 0.1435546875
0 0.728564453125 0.28515625 0.7337777937500001 0.27734375 0.716834434375 0.2744140625 0.728564453125 0.28515625
0 0.740294471875 0.2529296875 0.7337777937500001 0.251953125 0.7337777937500001 0.255859375 0.7429011421875 0.2548828125 0.74941781875 0.2421875 0.7376878 0.2470703125 0.740294471875 0.2529296875
0 0.710317759375 0.1953125 0.694677734375 0.1875 0.6933743984375 0.1904296875 0.6998910765625 0.19140625 0.7011944109375 0.1962890625 0.6855543859375001 0.1982421875 0.702497746875 0.201171875 0.710317759375 0.19921875 0.710317759375 0.1953125
0 0.7715745187499999 0.2294921875 0.7702711843750001 0.2265625 0.766361178125 0.2080078125 0.7598445015624999 0.203125 0.7546311593749999 0.203125 0.750721153125 0.2060546875 0.7559344953125 0.2099609375 0.7611478359375 0.2275390625 0.7676645140625 0.232421875 0.7715745187499999 0.2294921875
0 0.6008375906250001 0.26953125 0.6086576015625 0.26953125 0.6086576015625 0.267578125 0.6008375906250001 0.26171875 0.5904109078124999 0.26171875 0.5825908953125001 0.265625 0.5617375296875 0.265625 0.5526141828125 0.2724609375 0.5851975656249999 0.2734375 0.593017578125 0.267578125 0.6008375906250001 0.26953125
0 0.6673076921875001 0.2802734375 0.664701021875 0.2939453125 0.6868577218749999 0.310546875 0.690767728125 0.3076171875 0.68946439375 0.302734375 0.675127703125 0.2919921875 0.677734375 0.2822265625 0.672521034375 0.2744140625 0.6620943515625 0.2685546875 0.664701021875 0.2626953125 0.660791015625 0.259765625 0.6542743390625 0.2666015625 0.6673076921875001 0.2802734375
0 0.509604115625 0.24609375 0.5278508109375 0.24609375 0.5408841640625 0.25390625 0.5487041765625 0.25390625 0.555220853125 0.2490234375 0.55391751875 0.244140625 0.5526141828125 0.2392578125 0.54609750625 0.236328125 0.54609750625 0.248046875 0.533064153125 0.23828125 0.5174241281249999 0.23828125 0.506997446875 0.23046875 0.503087440625 0.2333984375 0.509604115625 0.24609375
0 0.9683781546875 0.13671875 0.9592548078125 0.1474609375 0.9592548078125 0.1533203125 0.9631648140625 0.15625 0.9709848265625001 0.15625 0.97489483125 0.1533203125 0.973591496875 0.14453125 0.9683781546875 0.13671875
0 0.9709848265625001 0.0703125 0.9814115093750001 0.072265625 0.991838190625 0.0703125 0.99053485625 0.0771484375 0.9944448609375 0.080078125 0.9983548671875001 0.0771484375 0.9970515328125 0.06640625 0.9788048375 0.06640625 0.97489483125 0.0634765625 0.9775015015624999 0.0556640625 0.973591496875 0.0546875 0.9644681484375001 0.0654296875 0.9644681484375001 0.0830078125 0.9722881609374999 0.0771484375 0.9709848265625001 0.0703125
0 0.9944448609375 0.21875 0.9983548671875001 0.2158203125 0.999658203125 0.20703125 0.9970515328125 0.205078125 0.9892315203125 0.212890625 0.957951471875 0.2109375 0.9566481359375001 0.2158203125 0.9631648140625 0.22265625 0.973591496875 0.224609375 0.9814115093750001 0.21875 0.9944448609375 0.21875
0 0.897998046875 0.087890625 0.8836613578125 0.0986328125 0.890178034375 0.099609375 0.897998046875 0.095703125 0.905818059375 0.095703125 0.9214580828125 0.099609375 0.9344914359375001 0.107421875 0.9501314609374999 0.10546875 0.9501314609374999 0.1015625 0.9344914359375001 0.1015625 0.9279747593750001 0.0966796875 0.9266714234375 0.080078125 0.9227614187500001 0.0810546875 0.9227614187500001 0.0869140625 0.9162447406249999 0.091796875 0.9084247296875001 0.087890625 0.897998046875 0.087890625