0 0.6674008734375 0.5584052875000001 0.6714004078125 0.5651517609375001 0.6801697984375 0.5678511984375 0.6685188937500001 0.552653565625 0.6674008734375 0.5584052875000001
0 0.763268615625 0.5501793937499999 0.759616784375 0.548474709375 0.7482636484375 0.5522369265625 0.732910975 0.54925266875 0.7325383015625 0.551169909375 0.7500770796875 0.556568784375 0.763268615625 0.5501793937499999
0 0.42280680625 0.218377903125 0.427203984375 0.21624810625 0.42832200625 0.21049638437499998 0.423229415625 0.20254260156249998 0.41848453281250003 0.199630609375 0.4129943015625 0.200553096875 0.4118762796875 0.20630481875 0.42280680625 0.218377903125
0 0.47790514999999995 0.3584172046875 0.4903763078125 0.348903265625 0.4976799703125 0.352312634375 0.502822496875 0.34634835625 0.4838179921875 0.341659415625 0.4764893609375 0.3452090765625 0.47571904531250003 0.3560025875 0.47790514999999995 0.3584172046875
0 0.7010645 0.4535266953125 0.7128152796875 0.4408882078125 0.7022324609374999 0.4338569125 0.6882955749999999 0.4440807828125 0.68864328125 0.4491225734375 0.693015490625 0.45395180625 0.7010645 0.4535266953125
0 0.6240283390625 0.41268652812499995 0.641567115625 0.418085403125 0.649268421875 0.4126185015625 0.6229602546875 0.4045201890625 0.6028127609375 0.412542 0.612675203125 0.4164487453125 0.6240283390625 0.41268652812499995
0 0.5368856265625 0.13012528125 0.5647344296875 0.11663657031250001 0.551940534375 0.1141496890625 0.527395859375 0.1243012953125 0.5262528703125 0.137012046875 0.5324634796875001 0.13921410781250002 0.5368856265625 0.13012528125
0 0.8202877093750001 0.256841584375 0.8089096046875 0.26756283125 0.8136544875 0.27047482343749996 0.823169225 0.2693397796875 0.8312681734374999 0.2549966078125 0.8517883421875 0.24505755625 0.84925453125 0.23760115 0.83459726875 0.24470047187500002 0.8250825328125 0.24583551718750002 0.8202877093750001 0.256841584375
0 0.446951975 0.3195707796875 0.43487846093750004 0.320208446875 0.427549828125 0.3237581078125 0.42568645937499994 0.3333443109375 0.42091660781250007 0.3373913484375 0.41286759687499996 0.3378164609375 0.40044637656250004 0.3334123390625 0.3861617859375 0.33859442031250003 0.37336789375 0.3361075390625 0.3729952203125 0.3380247796875 0.3773674296875 0.3428540125 0.3876025453125 0.3448435171875 0.39895568125 0.3410813015625 0.41723980625 0.34264569375 0.45974586874999995 0.3220576609375 0.47040359687500005 0.3082118640625 0.4612615328125 0.3074296671875 0.446951975 0.3195707796875
0 0.6399266078125 0.46750854531249997 0.62201515625 0.46402691249999994 0.6055944 0.4528763171875 0.5986384421875 0.4545087375 0.5993588203125 0.4576332859375 0.613568503125 0.47332829531250004 0.6076306921875 0.4970451140625 0.6127482484375 0.49803986718750004 0.6200768796875 0.49449020624999995 0.6219402484375001 0.48490400312500004 0.626337428125 0.48277420624999995 0.64901873125 0.482208803125 0.6399266078125 0.46750854531249997
0 0.3138399578125 0.6150299125 0.3241000421875 0.6100603875 0.3233796640625 0.6069358390625 0.3164237046875 0.6085682593749999 0.3138399578125 0.6150299125
0 0.444064878125 0.61447721875 0.4491824359375 0.615471971875 0.45395228750000005 0.611424934375 0.4510458046875 0.60588576875 0.444064878125 0.61447721875
0 0.4111234890625 0.6200121484375 0.4133095953125 0.622426765625 0.4312460140625 0.61894936875 0.41991784687499994 0.6157525546875 0.4111234890625 0.6200121484375
0 0.18393591250000002 0.7300516375 0.18028408125 0.728346953125 0.16599949218750001 0.7335290343749999 0.160881934375 0.7325342828125 0.16013658749999998 0.7363687640625 0.1733031546875 0.7369384046875 0.18393591250000002 0.7300516375
0 0.34844310312500004 0.7580492343749999 0.348468071875 0.7510902046875 0.344443565625 0.751302759375 0.344791271875 0.75634455 0.3476977546875 0.761883715625 0.34402095625 0.7671380609375 0.3454617125 0.773387159375 0.3487408703125 0.777009084375 0.35641720781249997 0.7785012124999999 0.35095194375 0.7724646703125 0.3528153125 0.76287846875 0.34844310312500004 0.7580492343749999
0 0.352271578125 0.6085724953125 0.3602956203125 0.6151064140625 0.35917759843749997 0.6208581359374999 0.3624567546875 0.6244800609375 0.3661585234375 0.6122666859375 0.359227534375 0.606940075 0.3621839578125 0.59856118125 0.352296546875 0.6016134656250001 0.352271578125 0.6085724953125
0 0.38379531875 0.6922976515625 0.3753736328125 0.694640003125 0.3775597375 0.6970546203125 0.39072630625000004 0.6976242609375001 0.40347026093749994 0.7140292015624999 0.4111465984375 0.71552133125 0.423965459375 0.71104918125 0.40970584062500004 0.7092722328125001 0.399147990625 0.6952819078125 0.38379531875 0.6922976515625
0 0.17238860625000002 0.48208145937499997 0.167991428125 0.48421125624999994 0.16871180624999998 0.48733580625000006 0.189927384375 0.487480334375 0.197256015625 0.48393067343749996 0.19874671093750002 0.4762617109375 0.1947471734375 0.4695152359375 0.19770359531249998 0.4611363421875 0.1878161859375 0.4641886265625 0.189952353125 0.480521303125 0.17238860625000002 0.48208145937499997
0 0.159143409375 0.707325334375 0.16431090625 0.6944020265625 0.15010122343750001 0.6787070171875 0.14386564375 0.6834639859375 0.147144803125 0.6870859125 0.1445610546875 0.6935475656250001 0.150423959375 0.6907078375 0.15663456874999998 0.6929098984375 0.15146707343750002 0.70583320625 0.160186525 0.722450703125 0.16277027187499998 0.7159890484375 0.159143409375 0.707325334375
0 0.2895200046875 0.5625502484375 0.27123588125000003 0.5609858546875001 0.262864134375 0.549410146875 0.247884134375 0.54450865 0.244580009375 0.5478457546875 0.2548151234375 0.549835259375 0.265372975 0.563825584375 0.283284425 0.5673072171875 0.2876316671875 0.57909548125 0.2909108234375 0.58271740625 0.29530800468749996 0.580587609375 0.29461259375000004 0.57050403125 0.2895200046875 0.5625502484375
0 0.4204135046875 0.6815083765625001 0.41348251718749995 0.676181765625 0.40580618125 0.6746896375 0.40543350624999996 0.6766068781250001 0.41345754843750004 0.683140796875 0.4159663875 0.6975562328125 0.42910798906250003 0.705084903125 0.433455228125 0.7168731671875 0.43710706093749996 0.7185778515625 0.4408088296875 0.7063644765625 0.42257464218749996 0.6908820234374999 0.4204135046875 0.6815083765625001
0 0.189353096875 0.6475380281249999 0.1929799609375 0.65620174375 0.17978842343749998 0.6625911328125 0.1735778140625 0.660389071875 0.171068971875 0.6459736359375 0.18316745625 0.6383769375 0.184310446875 0.6256661859375 0.17991326875 0.62779598125 0.181354025 0.6340450796875 0.17804989843750002 0.637382184375 0.1663240890625 0.6430616421875001 0.1662991203125 0.6500206734375 0.17099406718750002 0.6668507265625 0.18122918125 0.66884023125 0.19844522343749998 0.6622382859375 0.2119594953125 0.667849715625 0.2046808015625 0.657481315625 0.1940979828125 0.650450021875 0.1919368453125 0.641076375 0.189353096875 0.6475380281249999
0 0.24415739687500002 0.5636810546875 0.24013289062499998 0.5638936109375 0.2364560921875 0.5691479562499999 0.236406153125 0.5830660171875001 0.227239121875 0.5892428515625 0.2275618578125 0.6012436703125 0.20413520468750002 0.6056435546875 0.203017184375 0.6113952765625 0.216556425 0.6100476765625 0.2253507828125 0.605788084375 0.23702665625 0.6140266875 0.24105116093749998 0.6138141312500001 0.2341701109375 0.5945694609375 0.24664126875 0.585055521875 0.24813196406250002 0.577386559375 0.24415739687500002 0.5636810546875
0 0.3883423109375 0.6484136734375 0.385063153125 0.6447917484375 0.3642202484375 0.642729978125 0.34588618437499996 0.6550836453125 0.33418534375000003 0.6538040734375 0.34548854218749997 0.6639599171875 0.3406937203125 0.674965984375 0.32310500468750003 0.6834851703125 0.3230800359375 0.6904442000000001 0.34469325624999997 0.6817124578125 0.3527922046875 0.6673692859375 0.3637726671875 0.6655243093750001 0.35902778281250003 0.6626123171875 0.366381384375 0.652103625 0.373710015625 0.6485539640625 0.38394513125 0.6505434703125 0.3883423109375 0.6484136734375
0 0.1058529140625 0.8790225265625 0.11315657812499999 0.8824318968749999 0.124162009375 0.8736278890625 0.1179513984375 0.871425828125 0.1058529140625 0.8790225265625
0 0.18393591250000002 0.7300516375 0.171862396875 0.7306893062500001 0.1630680390625 0.7349488984375 0.167812925 0.7378608921875001 0.1787933859375 0.736015915625 0.18393591250000002 0.7300516375
0 0 0.70912770625 0.017565353125 0.71164024375 0.016844975 0.7085156953125 0 0.7052413640624999 0 0.70912770625
0 0.1041661890625 0.7374273062500001 0.1144262734375 0.73245778125 0.11114711562499999 0.72883585625 0.0997939796875 0.7325980734375 0.0924903171875 0.729188703125 0.08553435937500001 0.7308211250000001 0.0858820640625 0.7358629140625 0.1041661890625 0.7374273062500001
0 0 0.7925997515625001 0.00044732656250000004 0.79287428125 0.0044968000000000004 0.7857026953124999 0.01729069375 0.7881895765625 0.024992 0.782722675 0.0191540640625 0.7786033734375 0.012918485937499998 0.78336034375 0.0001245921875 0.7808734625 0 0.780933809375 0 0.7925997515625001
0 0.11181569531249999 0.848346678125 0.12386424375 0.8546680406249999 0.127863778125 0.8614145140625 0.13956461874999998 0.8626940859375001 0.139216915625 0.857652296875 0.1191443265625 0.8447970171874999 0.1195419703125 0.8359207453125 0.1122133375 0.83947040625 0.11181569531249999 0.848346678125
0 0.12711843125 0.8652489953125 0.12637308281249998 0.8690834765625001 0.14753872343750002 0.883146065625 0.1581465125 0.8832183296875 0.1684065953125 0.8782488046875001 0.1651274375 0.8746268781250001 0.1567057546875 0.87696923125 0.14902941875 0.8754771031249999 0.1322359890625 0.8662437484375 0.12711843125 0.8652489953125
0 0 0.8430201125 0.0046697234375 0.839457696875 0.00978728125 0.8404524484375001 0.0171159109375 0.8369027875 0.025587534375 0.820642375 0.0259851765625 0.8117661046875 0.012420965624999999 0.820072734375 0.0079988171875 0.8291615609375 0 0.8311697875 0 0.8430201125
0 0.08876357968750001 0.748361109375 0.06866602187500001 0.742464859375 0.055847159375 0.7469370078125 0.044841728125 0.755741015625 0.0323955375 0.7582959234375 0.03274324375 0.7633377125 0.0349293484375 0.7657523296875001 0.0601944 0.758725271875 0.06936143125000001 0.7525484390625 0.09676264999999999 0.7618540578124999 0.10409128281249999 0.7583043968750001 0.10483663125 0.754469915625 0.096812590625 0.7479359984375 0.08876357968750001 0.748361109375