0 0.525390625 0.32453049843750004 0.53125 0.3193171578125 0.5322265625 0.31019380937499996 0.51953125 0.32453049843750004 0.525390625 0.32453049843750004
0 0.50390625 0.246330378125 0.50390625 0.261970403125 0.505859375 0.261970403125 0.5078125 0.2437237078125 0.4990234375 0.23199369062500003 0.498046875 0.23590369687499999 0.50390625 0.246330378125
0 0.22265625 0.6321176390625001 0.220703125 0.6373309796875 0.22265625 0.642544321875 0.228515625 0.642544321875 0.23828125 0.6295109671875 0.2353515625 0.6256009609375 0.2294921875 0.6256009609375 0.22265625 0.6321176390625001
0 0.3486328125 0.5265474765625 0.34765625 0.54609750625 0.3525390625 0.5526141828125 0.36328125 0.551310846875 0.365234375 0.5487041765625 0.353515625 0.53827749375 0.35546875 0.53045748125 0.3486328125 0.5265474765625
0 0.396484375 0.314103815625 0.4091796875 0.325833834375 0.4140625 0.32453049843750004 0.41796875 0.3193171578125 0.416015625 0.3114971453125 0.4013671875 0.3023737984375 0.396484375 0.314103815625
0 0.3857421875 0.3701472359375 0.3828125 0.397517278125 0.39453125 0.41576397187499997 0.396484375 0.4053372890625 0.390625 0.39491060624999996 0.392578125 0.37666391250000003 0.3857421875 0.3701472359375
0 0.111328125 0.5226374703125 0.1259765625 0.544794171875 0.138671875 0.5434908359375 0.1396484375 0.5369741593749999 0.1298828125 0.5343674890625 0.111328125 0.509604115625 0.111328125 0.5226374703125
0 0.1826171875 0.2033203125 0.17578125 0.20723031875000003 0.185546875 0.220263671875 0.1884765625 0.22938701875 0.2001953125 0.23199369062500003 0.212890625 0.24111703750000002 0.21484375 0.23590369687499999 0.2119140625 0.2267803484375 0.1962890625 0.2215670078125 0.1826171875 0.2033203125
0 0.361328125 0.6112642734375 0.3330078125 0.5734675484375 0.3173828125 0.5656475359375001 0.318359375 0.574770884375 0.3330078125 0.5865009015625 0.3359375 0.59823091875 0.3408203125 0.604747596875 0.3505859375 0.604747596875 0.35546875 0.6086576015625 0.357421875 0.6164776140625 0.35546875 0.6295109671875 0.36328125 0.642544321875 0.36328125 0.6555776734375 0.365234375 0.6555776734375 0.369140625 0.6503643328125001 0.369140625 0.63993765 0.36328125 0.6295109671875 0.361328125 0.6112642734375
0 0.4716796875 0.3831805890625 0.4619140625 0.3831805890625 0.458984375 0.3792705828125 0.4541015625 0.3571138828125 0.44140625 0.3688439 0.44140625 0.3870905953125 0.43359375 0.4053372890625 0.4365234375 0.41185396562500004 0.439453125 0.41055063125 0.4521484375 0.393607271875 0.4765625 0.39491060624999996 0.4765625 0.389697265625 0.4716796875 0.3831805890625
0 0.6484375 0.660791015625 0.6416015625 0.65166766875 0.638671875 0.652971003125 0.6416015625 0.65948768125 0.6484375 0.660791015625
0 0.623046875 0.533064153125 0.623046875 0.5278508109375 0.6181640625 0.52394080625 0.61328125 0.5278508109375 0.623046875 0.533064153125
0 0.634765625 0.5643442015625 0.63671875 0.5617375296875 0.6298828125 0.544794171875 0.62890625 0.5565241890625 0.634765625 0.5643442015625
0 0.79296875 0.7833045375000001 0.79296875 0.788517878125 0.796875 0.788517878125 0.794921875 0.775484525 0.7861328125 0.766361178125 0.78515625 0.7702711843750001 0.79296875 0.7833045375000001
0 0.80078125 0.5956242484375001 0.80078125 0.5878042359375 0.7958984375 0.5943209140625 0.7861328125 0.5943209140625 0.7822265625 0.5995342546875 0.775390625 0.6008375906250001 0.7763671875 0.604747596875 0.78125 0.6034442609374999 0.7861328125 0.5995342546875 0.7919921875 0.6021409249999999 0.7978515625 0.5995342546875 0.80078125 0.5956242484375001
0 0.6357421875 0.6099609375 0.6318359375 0.61778095 0.623046875 0.6164776140625 0.6279296875 0.6256009609375 0.634765625 0.6242976265625 0.6396484375 0.615174278125 0.6455078125 0.615174278125 0.6484375 0.6112642734375 0.6357421875 0.6099609375
0 0.728515625 0.54609750625 0.7216796875 0.5343674890625 0.72265625 0.5487041765625 0.7109375 0.5617375296875 0.7109375 0.577377553125 0.71484375 0.5851975656249999 0.716796875 0.5825908953125001 0.71484375 0.5695575421875 0.728515625 0.55391751875 0.728515625 0.54609750625
0 0.5283203125 0.8054612390625 0.51953125 0.804157903125 0.5244140625 0.81328125 0.5400390625 0.808067909375 0.544921875 0.82501126875 0.5478515625 0.8289212734375001 0.55078125 0.8276179390625 0.546875 0.8067645734375001 0.5419921875 0.800247896875 0.5341796875 0.800247896875 0.5283203125 0.8054612390625
0 0.7548828125 0.800247896875 0.7685546875 0.8028545671874999 0.783203125 0.7911245484375 0.7763671875 0.7898212140624999 0.7685546875 0.79503455625 0.7548828125 0.792427884375 0.7421875 0.80937124375 0.748046875 0.8145845859374999 0.7509765625 0.810674578125 0.7578125 0.8119779140625001 0.75390625 0.8067645734375001 0.7548828125 0.800247896875
0 0.6181640625 0.6933743984375 0.62109375 0.68946439375 0.6181640625 0.6855543859375001 0.6083984375 0.6881610578124999 0.6015625 0.694677734375 0.603515625 0.712924428125 0.59375 0.7233511109374999 0.591796875 0.7389911359375 0.595703125 0.7415978062499999 0.595703125 0.7311711234375 0.607421875 0.7181377703125 0.607421875 0.6998910765625 0.6181640625 0.6933743984375
0 0.7255859375 0.52394080625 0.7265625 0.5200307984375 0.7138671875 0.5187274640624999 0.7021484375 0.539580828125 0.693359375 0.5434908359375 0.689453125 0.551310846875 0.689453125 0.559130859375 0.69140625 0.559130859375 0.6962890625 0.5500075109375 0.7099609375 0.544794171875 0.71484375 0.53045748125 0.7255859375 0.52394080625
0 0.7197265625 0.750721153125 0.7109375 0.7598445015624999 0.7060546875 0.7715745187499999 0.697265625 0.775484525 0.7041015625 0.7767878609375 0.7119140625 0.7715745187499999 0.720703125 0.7833045375000001 0.7197265625 0.7898212140624999 0.7060546875 0.79503455625 0.6962890625 0.7846078734375 0.68359375 0.7859112078125 0.6865234375 0.7898212140624999 0.6923828125 0.78721454375 0.6962890625 0.7898212140624999 0.7041015625 0.800247896875 0.7109375 0.7989445609375 0.7265625 0.7911245484375 0.7265625 0.780697865625 0.716796875 0.7650578421875001 0.7197265625 0.750721153125
0 0.6611328125 0.732474459375 0.6435546875 0.7429011421875 0.6318359375 0.732474459375 0.6240234375 0.732474459375 0.611328125 0.7389911359375 0.6123046875 0.7429011421875 0.6181640625 0.7455078125 0.6318359375 0.7429011421875 0.6396484375 0.750721153125 0.6513671875 0.7481144828125 0.66015625 0.7702711843750001 0.666015625 0.7702711843750001 0.662109375 0.75723783125 0.65625 0.74941781875 0.662109375 0.736384465625 0.6611328125 0.732474459375
0 0.6865234375 0.6073542671875 0.6748046875 0.6021409249999999 0.669921875 0.5956242484375001 0.669921875 0.5851975656249999 0.6669921875 0.581287559375 0.6640625 0.5851975656249999 0.666015625 0.60605093125 0.681640625 0.6216909562499999 0.6826171875 0.6334209734375 0.6904296875 0.6203876203124999 0.7021484375 0.622994290625 0.7138671875 0.638634315625 0.720703125 0.6373309796875 0.7080078125 0.61778095 0.6923828125 0.6125676078125 0.6884765625 0.6021409249999999 0.6865234375 0.6073542671875
0 0.947265625 0.8145845859374999 0.94921875 0.8067645734375001 0.9384765625 0.7976412265625 0.9375 0.804157903125 0.947265625 0.8145845859374999
0 0.7890625 0.778091196875 0.794921875 0.7859112078125 0.796875 0.780697865625 0.79296875 0.7702711843750001 0.7861328125 0.766361178125 0.7890625 0.778091196875
0 0.796875 0.95273813125 0.787109375 0.9553448015624999 0.7900390625 0.9592548078125 0.796875 0.957951471875 0.80078125 0.95273813125 0.7998046875 0.9331881015624999 0.796875 0.9344914359375001 0.796875 0.95273813125
0 0.8046875 0.848471303125 0.802734375 0.8562913156249999 0.8056640625 0.8628079921875 0.810546875 0.8615046578125 0.80859375 0.8432579625000001 0.8017578125 0.8341346156249999 0.798828125 0.8380446218750001 0.8046875 0.848471303125
0 0.8681640625 0.9123347359375 0.865234375 0.9188514124999999 0.87109375 0.9240647531249999 0.87109375 0.93709810625 0.8740234375 0.9410081140625 0.880859375 0.9397047781250001 0.8828125 0.9344914359375001 0.875 0.931884765625 0.875 0.9188514124999999 0.8681640625 0.9123347359375
0 0.919921875 0.7859112078125 0.9111328125 0.808067909375 0.90234375 0.80937124375 0.9072265625 0.815887921875 0.916015625 0.8145845859374999 0.919921875 0.80155123125 0.92578125 0.796337890625 0.9248046875 0.7846078734375 0.919921875 0.7859112078125
0 0.931640625 0.75723783125 0.935546875 0.7650578421875001 0.935546875 0.7728778546874999 0.9296875 0.7911245484375 0.9296875 0.796337890625 0.93359375 0.796337890625 0.943359375 0.7728778546874999 0.94140625 0.762451171875 0.9345703125 0.7533278250000001 0.931640625 0.75723783125
0 0.9228515625 0.909728065625 0.9052734375 0.9045147234375 0.896484375 0.905818059375 0.9072265625 0.9175480765625 0.9169921875 0.9201547484375 0.9267578125 0.9410081140625 0.931640625 0.9397047781250001 0.93359375 0.9266714234375 0.927734375 0.9214580828125 0.927734375 0.9162447406249999 0.9228515625 0.909728065625
0 0.833984375 0.845864634375 0.8291015625 0.8393479562499999 0.8251953125 0.8393479562499999 0.8203125 0.848471303125 0.822265625 0.8562913156249999 0.8203125 0.8771446812500001 0.8271484375 0.8888747 0.837890625 0.897998046875 0.8427734375 0.909728065625 0.84765625 0.9084247296875001 0.849609375 0.905818059375 0.837890625 0.8823580234374999 0.830078125 0.8745380109375 0.833984375 0.845864634375