0 0.8313913140625001 0.5886421546875 0.825154775 0.5921286593749999 0.8268787156249999 0.5968792984375 0.8329450296875001 0.5914471 0.8313913140625001 0.5886421546875
0 0.8855392828124999 0.609392434375 0.8767059921874999 0.6131061250000001 0.8834532093749999 0.6154566984375001 0.8870929984375 0.6121973796875 0.8855392828124999 0.609392434375
0 0.8078969015625 0.43973255624999996 0.8040868874999999 0.44104618125000006 0.80632150625 0.4516338984375 0.80996129375 0.44837457968749994 0.8078969015625 0.43973255624999996
0 0.888136034375 0.6091652468750001 0.8967990984374999 0.6035058640625001 0.895245384375 0.6007009171875 0.8912651437499999 0.60006885 0.8865823203125001 0.6063603015625 0.888136034375 0.6091652468750001
0 0.8977184875 0.44951945625 0.8847347296875 0.4506553875 0.8838619187500001 0.4556332125 0.8980589390624999 0.45341084218749994 0.8977184875 0.44951945625
0 0.8296489093750001 0.4790018 0.823774503125 0.4716734015625 0.8147709859375001 0.4734414 0.827222384375 0.4811746796875 0.8296489093750001 0.4790018
0 0.693064115625 0.4880105421875 0.699641109375 0.4884154234375 0.6993006562499999 0.48452403750000006 0.6934262484375 0.4771956390625 0.6897864609375 0.4804549578125 0.693064115625 0.4880105421875
0 0.65644943125 0.66766661875 0.6772017625 0.6805554171875 0.6822250390625 0.6781553515625001 0.6754778234375001 0.6758047781250001 0.670986903125 0.6693356328125 0.65644943125 0.66766661875
0 0.9376477546875 0.48719839531250003 0.9265581656249999 0.49503065937499996 0.9284523312499999 0.501726990625 0.9400525999999999 0.49973180624999997 0.9376477546875 0.48719839531250003
0 0.8339230234375 0.632533834375 0.8406702421875 0.6348844078125 0.84552329375 0.63053865 0.8533135484375001 0.6298570906250001 0.8553996203124999 0.6237928265625 0.8472689156250001 0.620583 0.8339230234375 0.632533834375
0 0.897337890625 0.35544464374999996 0.9157070578125 0.34109374375 0.9134724375 0.3305060265625 0.9101731031250001 0.33765673125 0.8978702500000001 0.34657543281250003 0.897337890625 0.35544464374999996
0 0.870667790625 0.36464002500000003 0.8800117593750001 0.3667634125 0.8876317890625 0.3641361609375 0.891271578125 0.3608768421875 0.889377409375 0.35418051093749997 0.876563878125 0.357262134375 0.870667790625 0.36464002500000003
0 0.794058796875 0.550736028125 0.7883546156250001 0.545353321875 0.780223909375 0.5421434953125 0.7764138953125 0.5434571218750001 0.776754346875 0.5473485078125 0.7848850546875 0.550558334375 0.7924834015625 0.5626373703125 0.7962934171875 0.5613237453125001 0.794058796875 0.550736028125
0 0.7414830078125 0.6376804093749999 0.736289503125 0.6381347828124999 0.7342034296875 0.6441990468750001 0.7314364531249999 0.642480540625 0.7068524265625 0.64561165625 0.7189633734374999 0.6494535499999999 0.7397373859374999 0.647636059375 0.743377175 0.644376740625 0.7414830078125 0.6376804093749999
0 0.8615928 0.6497188984375 0.87544936875 0.6436051421875 0.8548455828125 0.647368325 0.8512057937499999 0.65062764375 0.8518866984375 0.6584104156249999 0.84184014375 0.663210546875 0.8700422781249999 0.6715264000000001 0.871085315625 0.6684942671874999 0.86018763125 0.663565934375 0.8615928 0.6497188984375
0 0.6841408875 0.67014539375 0.691760915625 0.6675181421875 0.7026586 0.672446475 0.707852103125 0.671992103125 0.7075116515625 0.6681007171875 0.7007644328125 0.66575014375 0.7054472578125 0.6594586921875 0.7009563390625 0.652989546875 0.68797258125 0.6541254796875 0.684673246875 0.6612761828125 0.67705321875 0.663903434375 0.6773936703125 0.6677948203125 0.6841408875 0.67014539375
0 0.8127868796875 0.645166228125 0.82370624375 0.6353882734375 0.821812078125 0.628691940625 0.8145325 0.6352105781249999 0.8064017953124999 0.6320007515625 0.80154874375 0.636346509375 0.794290846875 0.6281588578124999 0.7875436296875 0.6258082843749999 0.793736809375 0.6517343578125 0.7977170499999999 0.6523664250000001 0.8127868796875 0.645166228125
0 0.28279584375 0.6287956968749999 0.29733331406249996 0.6304647109375 0.3087416765625 0.641230121875 0.3095928078125 0.6509585859375 0.316680478125 0.6572005453124999 0.320490490625 0.65588691875 0.3175749671875 0.63751643125 0.310487296875 0.6312744718750001 0.3096361671875 0.6215460078125 0.3054857015625 0.6189682484375 0.30063265 0.62331400625 0.28764889375 0.6244499375 0.279347959375 0.61929441875 0.27311142187500004 0.6227809234375 0.28279584375 0.6287956968749999
0 0.880968075 0.42255643593750003 0.8890987828125001 0.4257662625 0.8927168906249999 0.43721323281249996 0.8984210718750001 0.4425959375 0.9162362 0.4518205375 0.9200462140625 0.45050691093750006 0.918152046875 0.4438105796875 0.9001666921875 0.43264028750000005 0.8993155625 0.422911825 0.89344115625 0.415583425 0.9028068062499999 0.40300052343750004 0.8962298140625 0.40259564374999995 0.892930478125 0.409746346875 0.880457396875 0.41671935781249997 0.880968075 0.42255643593750003
0 0.5744181 0.657198159375 0.56956505 0.6615439171874999 0.570075728125 0.6673809953125 0.5743964203124999 0.6719044484375 0.5849536515625 0.6729413953125001 0.5936167171875 0.6672820109375001 0.5920630015625 0.6644770656250001 0.5818462234374999 0.667331503125 0.57769575625 0.66475374375 0.58012228125 0.6625808640625 0.5768446265625 0.6550252796875 0.588615121875 0.6549757875 0.59087141875 0.650857215625 0.5785902468749999 0.6450696296875 0.579995415625 0.63122259375 0.574121009375 0.6238941953125 0.567373790625 0.621543621875 0.5639042296875 0.626748634375 0.569608409375 0.6321313390625 0.568203240625 0.645978375 0.5744181 0.657198159375
0 0.5987612625 0.11296648437500001 0.5923544953125 0.11450729687500001 0.5916519109375 0.1214308140625 0.6004852015625 0.1177171234375 0.5987612625 0.11296648437500001
0 0.5482313999999999 0.103663175 0.5520414140625001 0.10234954999999998 0.5504876984375 0.09954460312499999 0.539590015625 0.0946162703125 0.53578 0.095929896875 0.5482313999999999 0.103663175
0 0.4922478734375 0.27128970625000004 0.48149873281250005 0.2830133546875 0.4830524484375 0.28581829999999997 0.49171551406249997 0.280158915625 0.4922478734375 0.27128970625000004
0 0.452745778125 0.1786769953125 0.44650923750000004 0.18216349999999998 0.44736036874999996 0.1918919640625 0.45151083437499995 0.19446972499999998 0.452745778125 0.1786769953125
0 0.4957206515625 0.146488690625 0.49520997343750006 0.1406516125 0.4912297328125 0.1400195453125 0.48793039687500006 0.14717024843749998 0.4979552703125 0.1570764078125 0.5015950578124999 0.1538170890625 0.4998711171875 0.14906645000000002 0.4957206515625 0.146488690625
0 0.49942548125 0.0991105046875 0.506002471875 0.0995153859375 0.5108555234375001 0.0951696265625 0.529203009375 0.095525015625 0.5288625578125 0.0916336296875 0.5103448453125 0.0893325484375 0.49942548125 0.0991105046875
0 0.5741956984375001 0.220987315625 0.5703856859374999 0.22230094218750002 0.5708963640625 0.2281380203125 0.5662135375 0.23442947187500002 0.556166984375 0.2392296015625 0.553910684375 0.24334817343749998 0.5580611515625 0.245925934375 0.5764303171875 0.2315750328125 0.5741956984375001 0.220987315625
0 0.5533349656250001 0.2816299625 0.5690857 0.2822125375 0.575152015625 0.2767803390625 0.57274716875 0.26424692968749997 0.5665106296875 0.267733434375 0.5670213078125 0.2735705125 0.56338151875 0.27682983125 0.5502275359375 0.27602007031250003 0.5441612218749999 0.28145226874999996 0.544501675 0.285343653125 0.548652140625 0.2879214140625 0.5533349656250001 0.2816299625
0 0.41298351875000006 0.262539753125 0.42579705 0.259458128125 0.4329064015625 0.2509937984375 0.412472840625 0.256702675 0.40157515625 0.2517743421875 0.39118814999999996 0.2526830875 0.381673953125 0.2486140078125 0.38201440625 0.2525053921875 0.391698828125 0.258520165625 0.40208583437499995 0.2576114203125 0.41298351875000006 0.262539753125
0 0.5129785234375001 0.29888479375 0.5188746125 0.291506903125 0.5171506703125 0.2867562640625 0.5147458265625 0.274222853125 0.510765584375 0.2735907875 0.507125796875 0.27685010625 0.507976928125 0.28657856875 0.500527125 0.2911515140625 0.5008675765625 0.2950429 0.5077850203125001 0.299339165625 0.5129785234375001 0.29888479375
0 0.55868023125 0.1782315671875 0.5685565593749999 0.17148574375 0.5704724062500001 0.1634757859375 0.5876283109375 0.150211325 0.5916302296875 0.136137103125 0.5897360640625 0.129440771875 0.586798859375 0.12577657343749998 0.577071078125 0.149174378125 0.562511925 0.16221165312500002 0.560596078125 0.170221609375 0.5508899765625 0.1789131265625 0.550187390625 0.18583664375 0.5565941578125 0.18429583125 0.55868023125 0.1782315671875
0 0.7988781359375 0.21701483437500002 0.80268815 0.215701209375 0.8032205093749999 0.2068319984375 0.8004535328125 0.20511349218750002 0.79698396875 0.21031850312499997 0.7988781359375 0.21701483437500002
0 0.7735915265625 0.22706946874999998 0.7737834328125001 0.2143088734375 0.7774232203125 0.21104955468750003 0.7696329656249999 0.2117311140625 0.765993178125 0.2149904328125 0.7735915265625 0.22706946874999998
0 0.8518345234375 0.22414526562499998 0.8627538875 0.21436730937499998 0.8603490421875 0.2018339 0.8573901578124999 0.2128759890625 0.85011058125 0.21939462656250003 0.8518345234375 0.22414526562499998
0 0.7895558484375 0.200185159375 0.7933658609375 0.1988715328125 0.7958140671875 0.181992365625 0.793047090625 0.180273859375 0.789407303125 0.18353317656249998 0.7895558484375 0.200185159375
0 0.8766971781249999 0.149428396875 0.8855304687500001 0.14571470625 0.886403278125 0.14073688125 0.8836363015625001 0.1390183734375 0.862840609375 0.155542153125 0.861435440625 0.1693891890625 0.8515591125 0.17613501250000002 0.8531128265625 0.178939959375 0.8666289421875 0.1689348171875 0.8683745640625 0.1589791671875 0.8766971781249999 0.149428396875
0 0.783507996875 0.310507071875 0.7833377718750001 0.3085613796875 0.7750368390625 0.30340585937500003 0.756689353125 0.303050471875 0.74821819375 0.295949259375 0.7444081796875001 0.2972628859375 0.7476858359375 0.3048184703125 0.7546032796875 0.3091147359375 0.7757177421875 0.31118863124999996 0.783507996875 0.310507071875
0 0.822908125 0.23745921874999998 0.8275909484374999 0.2311677671875 0.8253563296875001 0.22058005 0.819822375 0.2171430375 0.813415609375 0.21868384999999999 0.8170337171875 0.2301308203125 0.8123508921875 0.2364222703125 0.81560686875 0.25868414375 0.8232268953125 0.2560568921875 0.8266964578125 0.25085188125 0.822908125 0.23745921874999998