0 0.013671875 0.20983698906249998 0.0126953125 0.19810697187499998 0.005859375 0.2046236484375 0.005859375 0.20983698906249998 0.013671875 0.20983698906249998
0 0.201171875 0.2567570609375 0.2021484375 0.265880409375 0.212890625 0.26457707343750003 0.220703125 0.2515437203125 0.2197265625 0.2476337140625 0.2080078125 0.25024038437499996 0.201171875 0.2567570609375
0 0.1240234375 0.2945537859375 0.1162109375 0.29716045625 0.11328125 0.303677134375 0.115234375 0.3167104859375 0.111328125 0.32453049843750004 0.111328125 0.3323505109375 0.1142578125 0.3362605171875 0.119140625 0.33495718124999996 0.12109375 0.3323505109375 0.119140625 0.30628380312500003 0.125 0.2984637921875 0.1240234375 0.2945537859375
0 0.20703125 0.47832406875 0.2021484375 0.4718073921875 0.19921875 0.4731107265625 0.201171875 0.48614408124999997 0.2060546875 0.495267428125 0.2216796875 0.5004807687499999 0.228515625 0.49917743437500006 0.2255859375 0.4926607578125 0.2177734375 0.487447415625 0.2099609375 0.487447415625 0.20703125 0.47832406875
0 0.0634765625 0.25806039687500004 0.0625 0.26718374375 0.0703125 0.27500375625 0.068359375 0.2854304390625 0.0703125 0.3114971453125 0.07421875 0.3114971453125 0.07421875 0.288037109375 0.078125 0.280217096875 0.078125 0.2723970859375 0.0634765625 0.25806039687500004
0 0.0546875 0.2906437796875 0.0537109375 0.284127103125 0.0380859375 0.2867337734375 0.03125 0.2984637921875 0.03125 0.30628380312500003 0.01953125 0.314103815625 0.0244140625 0.3206204921875 0.029296875 0.3193171578125 0.0390625 0.308890475 0.0390625 0.2984637921875 0.0419921875 0.2945537859375 0.0546875 0.2906437796875
0 0.2509765625 0.50830078125 0.24609375 0.504390775 0.244140625 0.49396409218750004 0.25390625 0.47832406875 0.251953125 0.465290715625 0.259765625 0.4548640328125 0.2548828125 0.453560696875 0.24609375 0.465290715625 0.24609375 0.47832406875 0.23828125 0.491357421875 0.23828125 0.5017841046875 0.2490234375 0.5161207937500001 0.2626953125 0.5135141234375 0.2724609375 0.521334134375 0.291015625 0.5200307984375 0.2861328125 0.5109074515625001 0.2744140625 0.5135141234375 0.2646484375 0.5056941109374999 0.2509765625 0.50830078125
0 0.4169921875 0.8419546265625 0.4228515625 0.8497746390625001 0.427734375 0.848471303125 0.4189453125 0.8393479562499999 0.41015625 0.8406512921875 0.4111328125 0.8445612984374999 0.4169921875 0.8419546265625
0 0.44140625 0.8145845859374999 0.4453125 0.8171912562499999 0.4599609375 0.808067909375 0.4609375 0.804157903125 0.4521484375 0.8028545671874999 0.44140625 0.8145845859374999
0 0.2578125 0.736384465625 0.26171875 0.728564453125 0.2607421875 0.7220477765625 0.255859375 0.7259577828125 0.251953125 0.7415978062499999 0.240234375 0.7520244890625001 0.240234375 0.7598445015624999 0.24609375 0.7676645140625 0.24609375 0.75723783125 0.2548828125 0.750721153125 0.2578125 0.7442044765625 0.2578125 0.736384465625
0 0.615234375 0.6164776140625 0.607421875 0.6295109671875 0.607421875 0.63993765 0.609375 0.63993765 0.609375 0.6321176390625001 0.619140625 0.619084284375 0.6142578125 0.6099609375 0.615234375 0.6164776140625
0 0.5859375 0.66600435625 0.5859375 0.6712176984375 0.58984375 0.6712176984375 0.59765625 0.66600435625 0.5966796875 0.65948768125 0.5927734375 0.6568810093749999 0.5859375 0.66600435625
0 0.6181640625 0.680341046875 0.6220703125 0.675127703125 0.634765625 0.6790377109375 0.6259765625 0.6673076921875001 0.6220703125 0.6673076921875001 0.615234375 0.6764310390625 0.6181640625 0.680341046875
0 0.5947265625 0.682947715625 0.59375 0.6868577218749999 0.6005859375 0.690767728125 0.603515625 0.6998910765625 0.59765625 0.710317759375 0.603515625 0.710317759375 0.607421875 0.702497746875 0.60546875 0.6868577218749999 0.6025390625 0.682947715625 0.5947265625 0.682947715625
0 0.650390625 0.6216909562499999 0.650390625 0.626904296875 0.6533203125 0.630814303125 0.66015625 0.6295109671875 0.666015625 0.619084284375 0.6630859375 0.615174278125 0.6552734375 0.615174278125 0.650390625 0.6216909562499999
0 0.6513671875 0.675127703125 0.64453125 0.6842510515625 0.65625 0.6868577218749999 0.654296875 0.7051044171874999 0.66015625 0.7077110875 0.6640625 0.702497746875 0.662109375 0.6842510515625 0.6591796875 0.677734375 0.6513671875 0.675127703125
0 0.64453125 0.5643442015625 0.6416015625 0.563040865625 0.630859375 0.577377553125 0.630859375 0.5878042359375 0.6376953125 0.5943209140625 0.64453125 0.593017578125 0.6484375 0.5878042359375 0.6484375 0.579984225 0.64453125 0.5721642124999999 0.64453125 0.5643442015625
0 0.4404296875 0.3414738578125 0.4296875 0.35059720625 0.4326171875 0.3571138828125 0.4443359375 0.351900540625 0.4482421875 0.359720553125 0.453125 0.3584172171875 0.455078125 0.355810546875 0.453125 0.35059720625 0.4462890625 0.3414738578125 0.4404296875 0.3414738578125
0 0.5 0.3923039359375 0.5048828125 0.3910006015625 0.5078125 0.381877253125 0.5029296875 0.3753605765625 0.4912109375 0.37796724843749996 0.490234375 0.381877253125 0.498046875 0.3923039359375 0.49609375 0.397517278125 0.4892578125 0.40142728437499997 0.4833984375 0.3962139421875 0.4716796875 0.3962139421875 0.4638671875 0.406640625 0.458984375 0.4079439609375 0.4619140625 0.41446063593750004 0.46875 0.4131573015625 0.4736328125 0.406640625 0.4931640625 0.41185396562500004 0.5 0.4001239484375 0.5 0.3923039359375
0 0.8740234375 0.581287559375 0.859375 0.59823091875 0.85546875 0.6164776140625 0.84765625 0.6216909562499999 0.8505859375 0.6282076328125 0.859375 0.626904296875 0.86328125 0.619084284375 0.86328125 0.60605093125 0.875 0.5878042359375 0.8740234375 0.581287559375
0 0.87890625 0.6477576625 0.87890625 0.642544321875 0.8583984375 0.6490609984375 0.8505859375 0.63602764375 0.8515625 0.6581843453125 0.84375 0.6712176984375 0.8466796875 0.675127703125 0.8515625 0.67382436875 0.8544921875 0.6620943515625 0.8603515625 0.6620943515625 0.8720703125 0.6542743390625 0.87890625 0.6477576625
0 0.7548828125 0.56043419375 0.740234375 0.5695575421875 0.7412109375 0.57607421875 0.7490234375 0.57607421875 0.7666015625 0.563040865625 0.76953125 0.574770884375 0.7734375 0.577377553125 0.7734375 0.5565241890625 0.7666015625 0.5500075109375 0.7626953125 0.5500075109375 0.7548828125 0.56043419375