0 0.6560353953125 0.2851790078125 0.655403328125 0.281198765625 0.6417339859375 0.2917776796875 0.6386523625 0.3045912125 0.6425437484375001 0.3049316640625 0.645171 0.297311634375 0.6560353953125 0.2851790078125
0 0.8105030078125001 0.58128896875 0.8098214484374999 0.589079221875 0.8190955390625 0.5951238562500001 0.82240435 0.5797135718749999 0.8198265906250001 0.5755631046875 0.8105030078125001 0.58128896875
0 0.6368933078125 0.41433567812499994 0.6394710671875 0.41848614531250006 0.6558958625 0.42123144218749997 0.6535452890625 0.414484225 0.6410118796875001 0.41207937968749997 0.6467207562499999 0.39164581875 0.6365874109375 0.384217696875 0.6331009062499999 0.3904542359375 0.640656490625 0.39373189218750004 0.6358563609375001 0.4037784453125 0.6368933078125 0.41433567812499994
0 0.6944811625 0.7085113265625 0.690362590625 0.7107676265625 0.6827575140625 0.719260465625 0.684021646875 0.7272209468749999 0.6816215828125001 0.7322442234375 0.6855129671875 0.732584675 0.6892266593749999 0.7237513828125001 0.6920316046874999 0.7253050984375 0.6924364859375001 0.731882090625 0.6982735640625 0.73239276875 0.70827870625 0.7188766531249999 0.7018095609375 0.7143857328125 0.697463803125 0.719238784375 0.6944811625 0.7085113265625
0 0.8047535828125 0.7142339718749999 0.8073313437499999 0.7183844390624999 0.8142548609375 0.7176818546875 0.8164277406249999 0.715255328125 0.8132179140625 0.707124621875 0.82168224375 0.700015271875 0.8286552531250001 0.6875421921875 0.8282503734375 0.6809652015625 0.8243589874999999 0.6806247484375 0.8056623281249999 0.703846965625 0.8047535828125 0.7142339718749999
0 0.6733373312500001 0.49078969375000003 0.6761917703125 0.4805729140625 0.683796846875 0.47208007343749997 0.6740683828125 0.47122894375 0.669722625 0.4760819953125 0.660221346875 0.4726341140625 0.6526162703125 0.481126953125 0.6547396578125 0.49047092187499997 0.6733373312500001 0.49078969375000003
0 0.893868459375 0.9169692796875 0.8997055375 0.9174799578125 0.897483165625 0.931676978125 0.9013745515625 0.9320174296875001 0.9078931890625 0.924737853125 0.9070834281250001 0.9115838703125 0.9006142828125 0.9070929515625 0.8956859484375 0.8961952671875 0.8898488703125 0.8956845890625 0.8865895515625001 0.899324378125 0.8859079937500001 0.9071146328124999 0.893868459375 0.9169692796875
0 0.7827165109374999 0.96611886875 0.7871612531250001 0.9377248281250001 0.7792007875 0.9278701796875 0.7655809375 0.9266785984375 0.7648993796875 0.934468853125 0.778924109375 0.9422374250000001 0.7753881125000001 0.9602444609375 0.7777386859375001 0.9669916796875 0.7827165109374999 0.96611886875
0 0.6829644265625 0.7729194359375 0.67707785625 0.7841792546875 0.68395188125 0.7952471640625001 0.6989348484375 0.7808582375 0.6972163421875 0.778091259375 0.7004756609375 0.774451471875 0.7082584328125 0.775132375 0.70979924375 0.768725609375 0.6974930203125 0.7637240125 0.6888015046875 0.7734301140625 0.6829644265625 0.7729194359375
0 0.8055430703124999 0.783643678125 0.808575203125 0.782600640625 0.8129209609375 0.777747590625 0.8116568281250001 0.769787109375 0.8015234828125 0.7623589875000001 0.7974544031249999 0.75284479375 0.7981359625 0.7450545375 0.791894003125 0.73796686875 0.788081328125 0.7703411484375 0.8055430703124999 0.783643678125
0 0.7115988468750001 0.546469696875 0.7105618984375 0.5359124640624999 0.7153620296875001 0.5258659125 0.715411521875 0.5140954171875001 0.705455871875 0.5158410375 0.6917865296875 0.5264199484375001 0.690877784375 0.5368069546875 0.6951740515625 0.5437244 0.7115988468750001 0.546469696875
0 0.7732378921875 0.648677640625 0.7703834546875 0.658894421875 0.778166225 0.6595753249999999 0.7825119843749999 0.6547222734375 0.7838751015625001 0.639141765625 0.7808924609375001 0.6284143078125 0.787865471875 0.615941228125 0.7874605906250001 0.6093642359375 0.7772777546875 0.6137066078125 0.767045425 0.6298194765625 0.7732378921875 0.648677640625
0 0.761275728125 0.8190202046874999 0.7657991796875 0.8233408953125 0.7785597765625 0.8231489906249999 0.7839919734375 0.817082675 0.7844958390625 0.8001186796875001 0.775221746875 0.7940740453124999 0.75811539375 0.7991190015625 0.7541250234375 0.8223195390625 0.7569299703125 0.8238732546875 0.761275728125 0.8190202046874999
0 0.7433035609374999 0.4642030984375 0.7394121765625 0.463862646875 0.739135496875 0.47822989375 0.7434317640625 0.48514733750000005 0.7512145343750001 0.48582824062499996 0.75379229375 0.48997870781249997 0.7485872828125 0.4934482703125 0.7468687765625 0.4906812921875 0.7455551515625001 0.49449130625000004 0.7565477484375001 0.5033029171875001 0.7551846296875 0.5188834265625 0.7659500421875001 0.5302917890625001 0.763095603125 0.54050856875 0.7656733640625 0.544659034375 0.778433959375 0.544467128125 0.7812883984375001 0.5342503484375001 0.78025145 0.5236931171875 0.775955184375 0.5167756734375 0.7675403453125 0.5121145281249999 0.766957771875 0.4963637921875 0.756014665625 0.47578168749999994 0.7501775875 0.475271009375 0.7433035609374999 0.4642030984375
0 0.288492659375 0.7213995484375 0.2900334703125 0.7149927828125 0.28093707343749996 0.71812189375 0.281569140625 0.722102134375 0.288492659375 0.7213995484375
0 0.2937471625 0.7061594906249999 0.29437922968749997 0.71013973125 0.3010755609375 0.7120338984375 0.3032484390625 0.7096073734375 0.3006706796875 0.7054569078124999 0.2937471625 0.7061594906249999
0 0.30213278125 0.6663354078125 0.2992288515625 0.6883226828125 0.3028930515625 0.6912598859375 0.302083290625 0.678105903125 0.3047105421875 0.670485875 0.30213278125 0.6663354078125
0 0.385768353125 0.6291699015625001 0.37707683593749997 0.6388760046875 0.3682076265625 0.6394083609375001 0.3707853859375 0.643558828125 0.37965459687499997 0.64302646875 0.3922374984375 0.6336608203125 0.385768353125 0.6291699015625001
0 0.384157775 0.7036028828124999 0.381580015625 0.69945241875 0.3798120171875 0.708455934375 0.3667747421875 0.7230150875 0.3682660625 0.7283788171875 0.3832490296875 0.7139898890625 0.384157775 0.7036028828124999
0 0.2682957359375 0.6385170875 0.27585132031250004 0.6417947421875 0.2724143078125 0.6362607875 0.277895996875 0.6184239796875 0.2746861703125 0.610293271875 0.2777677953125 0.5974797406250001 0.2749628484375 0.595926025 0.269076278125 0.6071858421874999 0.27205891875 0.6179133015625 0.2682957359375 0.6385170875
0 0.3402458203125 0.757326896875 0.348433471875 0.7645847921875 0.353411296875 0.76371198125 0.3448187640625 0.74987709375 0.3461818828125 0.7342965859375 0.34297205625 0.726165878125 0.340394296875 0.7220154125 0.33455721875 0.7215047328125 0.342290496875 0.7339561328124999 0.33989043125 0.738979409375 0.3402458203125 0.757326896875
0 0.390617975 0.607352853125 0.37922049687500003 0.59196425 0.3640598359375 0.5971794328125 0.36641040937499997 0.60392665 0.376366059375 0.6021810296875 0.381521578125 0.6104819625 0.3882179109375 0.6123761296875 0.390617975 0.607352853125
0 0.3081881015625 0.5635083859375001 0.3070521703125 0.5764921421875 0.3115756234375 0.580812834375 0.318499140625 0.5801102499999999 0.32456340625 0.5780241765625 0.32198564531249996 0.5738737109375001 0.313343621875 0.5718093171875 0.3200894453125 0.5619329890625 0.320998190625 0.551545984375 0.3164747375 0.5472252921874999 0.3166524328125 0.5563990343749999 0.3081881015625 0.5635083859375001
0 0.23083503749999998 0.4952501171875 0.23902268906250002 0.5025080125 0.236622625 0.5075312890625 0.240514009375 0.5078717421875 0.2433684484375 0.49765496093749995 0.2328302234375 0.48364985000000005 0.2324253421875 0.47707285625000007 0.22464257187499997 0.4763919515625 0.21726468125 0.482288040625 0.219842440625 0.48643850625 0.22762521093750002 0.487119409375 0.23083503749999998 0.4952501171875
0 0.36430729687499996 0.5383269578125 0.36380343125 0.5552909578125 0.366786071875 0.5660184140625 0.3704502703125 0.56895561875 0.37954666718749996 0.565826509375 0.3860653046875 0.5585469328125 0.39945796875 0.562335265625 0.40077159375000004 0.558525253125 0.38891974375 0.5483301515625 0.37850972031249996 0.5552692765625 0.37072695 0.554588371875 0.36430729687499996 0.5383269578125
0 0.4057786375 0.60213766875 0.40062311875 0.5938367359375001 0.39759098593750003 0.5948797734375 0.3969094265625 0.602670028125 0.4026970125 0.6149511999999999 0.4115662234375 0.61441884375 0.4328406421875 0.595347090625 0.4287715625 0.5858328953124999 0.42510736250000003 0.5828956921875 0.4151517125 0.5846413125 0.4138380875 0.5884513265625 0.42116648593750006 0.594325734375 0.4135614078125 0.6028185734375 0.4057786375 0.60213766875
0 0.0943485359375 0.6546982125 0.094980603125 0.6586784515625 0.0980127359375 0.6576354156249999 0.099553546875 0.6512286484375001 0.10733631875 0.651909553125 0.1155734625 0.6473969562499999 0.12095616875 0.6531011359375001 0.12421548593750001 0.6494613484375 0.11991922031249999 0.642543903125 0.1041264921875 0.643778846875 0.0943485359375 0.6546982125
0 0.06983507343749999 0.6211540296875 0.066980634375 0.631370809375 0.067563209375 0.64712154375 0.0720866625 0.6514422359375 0.0790101796875 0.6507396515625 0.0833559390625 0.6458866015625 0.07276822187500001 0.6436519828125 0.07041764843750001 0.6369047640625001 0.0758993375 0.6190679546875 0.07160307187500001 0.6121505125 0.0677116859375 0.6118100609375 0.0644523671875 0.615449846875 0.06983507343749999 0.6211540296875
0 0.047798 0.873038925 0.060835275 0.858479771875 0.059798326562500004 0.847922540625 0.05355636875000001 0.8408348703125 0.050297049999999996 0.8444746593750001 0.05350687656250001 0.8526053640625 0.0428696671875 0.862141240625 0.0421881078125 0.8699314953125 0.047798 0.873038925
0 0.060995081250000006 0.6661716140625 0.071029440625 0.6971407265625 0.071711 0.689350471875 0.0653408390625 0.6613185640625 0.057785254687499996 0.6580409078125 0.0437110328125 0.6620428296875 0.04027401875 0.6565088734375 0.0370147 0.6601486624999999 0.0430294734375 0.669833084375 0.060995081250000006 0.6661716140625
0 0.1251916125 0.828785746875 0.1295373703125 0.8239326968749999 0.1414387140625 0.8223573015625 0.14894480625 0.8374054515625 0.1511176859375 0.8349789265625001 0.1481350453125 0.82425146875 0.143838778125 0.8173340250000001 0.134110315625 0.8164828937499999 0.1361055 0.8048826265625 0.13135486093749998 0.803158684375 0.120668159375 0.8244650546875001 0.1251916125 0.828785746875
0 0.07407051718749999 0.796838640625 0.06765086406250001 0.7805772265625001 0.0683324234375 0.772786971875 0.0739918078125 0.7641239078125001 0.06598185 0.7660397546875 0.06140890624999999 0.77348955625 0.053626134375 0.7728086515625 0.050366815625000005 0.7764484421875 0.049230884375 0.7894321984375 0.045971565625 0.7930719859375001 0.041220926562499996 0.7913480453124999 0.041398621875 0.8005217890624999 0.052213525000000004 0.8001596578125 0.0565592828125 0.7953066046874999 0.0535766421875 0.784579146875 0.059008840625 0.7785128359375 0.06525079843750001 0.785600503125 0.062623546875 0.7932205328124999 0.06520130625000001 0.7973709984374999 0.0708111984375 0.800478428125 0.07407051718749999 0.796838640625