0 0.0650508765625 0.137330896875 0.065921315625 0.125592528125 0.0581501078125 0.130959596875 0.0573345609375 0.13610875312499998 0.0650508765625 0.137330896875
0 0.262655978125 0.2068963359375 0.2506737328125 0.2076376984375 0.24290252343750002 0.2130047671875 0.2424398578125 0.2221685609375 0.253253678125 0.22256171875000003 0.2630088578125 0.21091097187500002 0.262655978125 0.2068963359375
0 0.1435627984375 0.2658891421875 0.142339478125 0.273612878125 0.1446214375 0.2779330484375 0.1496480203125 0.27740960000000003 0.1519848734375 0.2751405578125 0.154133525 0.2490892390625 0.16114408125 0.2422821125 0.16079120156249999 0.2382674765625 0.1526671125 0.23961991093749999 0.1487540625 0.245598053125 0.148644275 0.2587764796875 0.1435627984375 0.2658891421875
0 0.21041397968750003 0.449342515625 0.2250310640625 0.4569359609375 0.231986725 0.4567180484375 0.23011254062500003 0.4498232984375 0.22321177187500002 0.44345199687500003 0.21549545625 0.442229853125 0.21402904375 0.43276052500000006 0.2102257796875 0.42556024062500003 0.207128275 0.42638922343749996 0.20701848906250003 0.439567653125 0.21041397968750003 0.449342515625
0 0.105091009375 0.24659999375 0.1089491671875 0.247211065625 0.112619125 0.22403986250000002 0.11770060156249999 0.2169271984375 0.118923921875 0.209203465625 0.1066985828125 0.1927517640625 0.1043068375 0.20161002031250003 0.11079983281250001 0.2105558984375 0.10723966250000001 0.2205486765625 0.105091009375 0.24659999375
0 0.0673249796875 0.23534011562499998 0.0545271875 0.241230634375 0.058330451562499996 0.2484309203125 0.0633570359375 0.247907471875 0.074633521875 0.2391368390625 0.0762646140625 0.2288385265625 0.0797698921875 0.2254349625 0.0929205640625 0.2235590796875 0.0929754578125 0.216969865625 0.07713505468750001 0.2171001546875 0.0685482984375 0.22761638125 0.0673249796875 0.23534011562499998
0 0.260436721875 0.42691496406249996 0.2697841296875 0.4178387953125 0.26516531875 0.415787665625 0.25464948593750003 0.42599835625000004 0.2526106203125 0.43887124687499995 0.2428554390625 0.45052199374999996 0.241224346875 0.46082030625000003 0.249591528125 0.4766609359375 0.26350285156250003 0.4762251109375 0.2719249265625 0.485476525 0.2904550625 0.4870918265625 0.28705957187500003 0.4773169640625 0.275077325 0.4780583265625 0.26665525 0.46880691093750004 0.2527439265625 0.46924273593750004 0.24853288906249998 0.464617028125 0.24823490312500002 0.45401317968750005 0.260326934375 0.44009339062499997 0.260436721875 0.42691496406249996
0 0.3579727734375 0.8224026500000001 0.358325653125 0.8264172859375 0.36452066250000004 0.8247593156249999 0.3690845796875 0.8333996578124999 0.3741111625 0.8328762093750001 0.3668575140625 0.8224902734375 0.3579727734375 0.8224026500000001
0 0.405360678125 0.791640290625 0.392915765625 0.8015454453125 0.39636615000000003 0.8047310953125001 0.412261446875 0.7980115921875 0.4138376453125 0.79430249375 0.405360678125 0.791640290625
0 0.21721277031250003 0.69982025625 0.20400720468750003 0.708285353125 0.20278388593750002 0.7160090875 0.20734780156250002 0.72464943125 0.20897889531249997 0.71435111875 0.2186791828125 0.7092895828125 0.22259223281249998 0.7033114421875 0.22381555312499998 0.6955877078125 0.2288970296875 0.6884750453125 0.2289519234375 0.6818858328124999 0.223517565625 0.6849838593750001 0.21721277031250003 0.69982025625
0 0.587360659375 0.6476010718749999 0.5990449203125 0.6362558593750001 0.595649428125 0.6264809953125 0.5955945359375 0.633070209375 0.5858393546875 0.64472095625 0.5842082625 0.65501926875 0.586137340625 0.6553248046875 0.587360659375 0.6476010718749999
0 0.5705400296875001 0.6726481578125 0.5670896453125 0.66946250625 0.5589106640625 0.6774041546875 0.5580951171875 0.6825533109374999 0.561953275 0.6831643828125 0.5704851375 0.6792373703125001 0.5705400296875001 0.6726481578125
0 0.594394734375 0.6843438609375 0.5862157531250001 0.6922855078125 0.5884977109375 0.69660568125 0.593171415625 0.69206759375 0.60509876875 0.6979154484375 0.5982528921875 0.6849549328125 0.594394734375 0.6843438609375
0 0.56355299375 0.7230052015624999 0.5693402296875 0.7239218109375 0.57442170625 0.716809146875 0.5749392671875 0.701056140625 0.5726573078125 0.69673596875 0.56494099375 0.695513825 0.56336479375 0.699222925 0.5695049109375 0.7041541687499999 0.570971321875 0.713623496875 0.56355299375 0.7230052015624999
0 0.6453428109375 0.6435887250000001 0.6430608531249999 0.639268553125 0.6353445375 0.638046409375 0.6295024078125 0.643719015625 0.6286868609375 0.648868171875 0.63096881875 0.65318834375 0.63792448125 0.6529704296875 0.6453428109375 0.6435887250000001
0 0.6256912875 0.7302077765625 0.6303649921875001 0.72566969375 0.6312903249999999 0.7073421093750001 0.6294161390624999 0.700447359375 0.6221075984375 0.6966506359375 0.613928615625 0.704592284375 0.625095315625 0.709000078125 0.620311825 0.7267165906249999 0.6256912875 0.7302077765625
0 0.6212450125 0.614699959375 0.628200675 0.614482046875 0.6328743796875 0.6099439609374999 0.6340976984375 0.602220228125 0.6314628609375 0.5938854203124999 0.6326861796875 0.5861616859375001 0.6299964484375 0.5844160921875 0.6171437625 0.5968958234375 0.6155126703125 0.6071941359374999 0.6212450125 0.614699959375
0 0.4708239515625 0.3533509203125 0.47585053593750004 0.3528274703125 0.47818738749999995 0.350558428125 0.4770738546875 0.3451037375 0.4717492859375 0.3350233359375 0.4659620484375 0.334106728125 0.45392490937499996 0.3414373046875 0.45579909531249996 0.348332053125 0.46818911406249997 0.3450161125 0.4708239515625 0.3533509203125
0 0.5104092734375001 0.3780947625 0.508833075 0.381803859375 0.514918296875 0.3933243171875 0.5121736718750001 0.39816793906250003 0.5048102359375 0.40096042968749995 0.49983854687499996 0.3948946640625 0.4882640734375 0.3930614484375 0.478916665625 0.40213761718749996 0.4738900828125 0.402661065625 0.47576426875 0.4095558140625 0.48271992968750005 0.40933790156249994 0.4885620609375 0.403665296875 0.5070373015625 0.4118698140625 0.51562405625 0.40135358906249996 0.5168473765625 0.393629853125 0.5218739593749999 0.3931064046875 0.526194784375 0.38455368437500004 0.5223915203125 0.37735339843750004 0.5104092734375001 0.3780947625
0 0.82621355 0.6814729078124999 0.8350982921875 0.6815605296875 0.84017976875 0.6744478671875 0.8422186343750001 0.6615749765625 0.85664751875 0.6453861437499999 0.8567024125 0.63879693125 0.839583796875 0.65324016875 0.8328712265625 0.6706511453124999 0.824339365625 0.6745781578125001 0.82621355 0.6814729078124999
0 0.8224886984375 0.711233325 0.81273351875 0.722884071875 0.8150154765625001 0.7272042421875 0.820042059375 0.72668079375 0.8247706578124999 0.7155534968749999 0.83055789375 0.7164701046874999 0.8433556859375001 0.7105795859375 0.8511268937500001 0.7052125171875 0.851942440625 0.7000633609375 0.8306676796874999 0.703291678125 0.8249902312499999 0.689196640625 0.8224886984375 0.711233325
0 0.753457490625 0.6039704 0.7545161296875 0.6160143078125 0.7579665140625 0.61919995625 0.7612287 0.59860333125 0.75549635625 0.5910975078125 0.7516381984375 0.5904864359374999 0.742290790625 0.5995626046875 0.72639549375 0.606282109375 0.7263406015625 0.6128713234375 0.734056915625 0.6140934671875 0.753457490625 0.6039704