0 0.631441803125 0.2770953890625 0.6341840796875 0.260346925 0.62421704375 0.2710939765625 0.626449503125 0.2778811921875 0.631441803125 0.2770953890625
0 0.6747903625 0.313103853125 0.6767152249999999 0.3041325625 0.662010796875 0.3038975796875 0.6659132109375 0.313481340625 0.6747903625 0.313103853125
0 0.6736297437500001 0.576395275 0.6653150984375 0.5807634296875 0.6597778562500001 0.5867340140625 0.6622827874999999 0.5909288359375 0.6653326625 0.5899388765625 0.6780771 0.5807942546875 0.6736297437500001 0.576395275
0 0.5296358234375 0.2834318375 0.523808546875 0.282819365625 0.514386453125 0.2883816359375 0.5149489593750001 0.2923723015625 0.5335382375 0.29301559843749997 0.5357531343749999 0.2906273640625 0.5296358234375 0.2834318375
0 0.6529580125 0.2125205953125 0.6452058734375 0.22087941406249997 0.6510331500000001 0.2214918859375 0.66738996875 0.21534796875 0.6684798546875 0.2049784046875 0.66430496875 0.197987034375 0.6604201171875 0.19757872031249998 0.659040196875 0.20136522812500002 0.6643225312500001 0.20716248125 0.6637775890625 0.2123472640625 0.6529580125 0.2125205953125
0 0.687191596875 0.5594734796874999 0.681654353125 0.565444065625 0.6811094109375 0.570628846875 0.6883517343750001 0.5858057062500001 0.693344034375 0.5850199046875 0.6961038734375 0.5774468875000001 0.687191596875 0.5594734796874999
0 0.688773734375 0.5163927937499999 0.688228790625 0.521577575 0.6921136421875 0.5219858890625 0.7029156546875 0.5126371109375001 0.7034605984375 0.5074523296875 0.7120477140625 0.5004917843750001 0.7114852078125 0.49650111875 0.705930403125 0.49329625625 0.7006656312499999 0.4966744515625 0.6976333218749999 0.5068398578125 0.688773734375 0.5163927937499999
0 0.590273015625 0.2203477953125 0.6005300859375 0.21618379999999998 0.5963376359375 0.20001698124999998 0.5985349703125 0.1884533 0.586080565625 0.204180978125 0.5877505203125 0.20697752500000002 0.584718209375 0.2171429328125 0.587223140625 0.2213377546875 0.590273015625 0.2203477953125
0 0.6261680109375 0.4206976828125 0.6286729421875 0.424892503125 0.631722815625 0.42390254531249993 0.6389124500000001 0.4115530609375 0.6377874375 0.40357173125 0.6463745546874999 0.3966111859375 0.6460845187500001 0.3900281296875 0.6360999203125 0.39159973593749997 0.632505103125 0.3977744765625 0.6311427468749999 0.41073643281249994 0.6261680109375 0.4206976828125
0 0.6838426656250001 0.694104484375 0.6927198171875 0.693726996875 0.7051742203125 0.67799931875 0.7007268640625 0.673600340625 0.6915948046875 0.6857456671875 0.673277996875 0.6825099781249999 0.6727330546875 0.6876947609374999 0.676907940625 0.6946861296875 0.6838426656250001 0.694104484375
0 0.5078386 0.2011994734375 0.506748715625 0.21156903749999997 0.49983155312500005 0.22132612968749998 0.498469196875 0.23428808750000002 0.49403940312500005 0.23906455312500002 0.499611771875 0.2514448640625 0.502661646875 0.2504549046875 0.50876139375 0.2484749828125 0.5081988890625 0.24448431875 0.504041565625 0.2466683953125 0.5015366343750001 0.2424735734375 0.5051138875000001 0.22712338437500001 0.514245946875 0.2149780578125 0.510888475 0.20020951406249998 0.5078386 0.2011994734375
0 0.8060047171875 0.5968610187500001 0.8170967656249999 0.5940952953124999 0.818476684375 0.5903087890625 0.8159717531249999 0.586113965625 0.806259625 0.5850931796875 0.7995798078125 0.5739069875 0.7923726125 0.5770810234375 0.7915727609375 0.59403364375 0.8060047171875 0.5968610187500001
0 0.71890364375 0.3138088015625 0.7261284046875 0.3198102125 0.7242035421875 0.3287815015625 0.7336607625 0.3415701265625 0.7386530609374999 0.3407843234375 0.7452977515625 0.3336196234375 0.7361305671875 0.32741405625 0.735550496875 0.3142479421875 0.7297056578125 0.3044600234375 0.718051103125 0.30323508125 0.7105714359374999 0.3090015078125 0.712803896875 0.315788721875 0.71890364375 0.3138088015625
0 0.6543023265625 0.48000684062500004 0.65404741875 0.4917746796875 0.65793226875 0.49218299375 0.6629070046875001 0.48222174375 0.6601120390624999 0.47144386406249994 0.6639617640625 0.453501284375 0.6595144078125 0.4491023046875 0.6459525546875 0.4660241 0.640125278125 0.46541162812500003 0.6276708734375 0.4811393046875 0.6543023265625 0.48000684062500004
0 0.6986790578125001 0.6183434984375 0.6872969765625 0.614526165625 0.6798173078125 0.6202925921875 0.6801073421875 0.6268756484375 0.691761896875 0.6281005921875 0.6962092531249999 0.632499571875 0.6940294828125 0.6532387 0.6870947578125 0.6538203453125 0.68128504375 0.6623833218749999 0.698494403125 0.666813125 0.70319666875 0.6594442671875 0.704559025 0.6464823125 0.7012191156250001 0.640889215625 0.7023090015625 0.6305196515625 0.7072837375 0.6205584015625 0.707266175 0.6113829546875 0.7011664265625 0.6133628734375 0.6986790578125001 0.6183434984375
0 0.7051651984375 0.8182234203125001 0.7007354046875001 0.8229998875 0.6907156796875 0.8062205984374999 0.6887908171875 0.8151918890625 0.6918582546875001 0.823377375 0.684668621875 0.835726859375 0.6888435078125 0.842718228125 0.6957782328125 0.8421365843749999 0.697975565625 0.8305729046874999 0.7052003250000001 0.8365743140624999 0.707415221875 0.834186078125 0.72656700625 0.8388200421875001 0.7321042484375 0.8328494578125 0.7317966515625 0.817090953125 0.7243169828125 0.8228573828125001 0.7051651984375 0.8182234203125001
0 0.72592570625 0.648728040625 0.7301005921875 0.6557194109375 0.73787029375 0.656536040625 0.740375225 0.6607308625 0.737342915625 0.67089626875 0.7415178 0.6778876406250001 0.754279803125 0.677918465625 0.751212365625 0.6697329796875 0.7531196640625 0.651586240625 0.74921725 0.642002478125 0.7450599265625 0.64418655625 0.7447698921875 0.6376035 0.7369826265625 0.6276114234375 0.722005728125 0.62996883125 0.72592570625 0.648728040625
0 0.7218215531250001 0.3888148109375 0.7226389671875 0.3810376375 0.6982224125000001 0.3797818703125 0.6926851703125 0.3857524546875 0.689652859375 0.3959178609375 0.678850846875 0.405266640625 0.681355778125 0.40946146250000004 0.69301033125 0.41068640624999997 0.6999274921875 0.4009293125 0.70381234375 0.40133762656250005 0.7129970921875 0.41671864062499997 0.7096923109375 0.42947644062499996 0.7150097718749999 0.45362458906249997 0.7127948749999999 0.45601282187500003 0.71529980625 0.4602076453125 0.72417695625 0.45983015624999996 0.726936796875 0.452257140625 0.7235968875000001 0.44666404374999996 0.72495924375 0.4337020890625 0.7174620125 0.43029306875 0.72243675 0.42033181875 0.723526634375 0.40996225468749997 0.7151768625 0.39597951249999996 0.7218215531250001 0.3888148109375
0 0.25403971406250003 0.37372233593750004 0.2534772078125 0.3697316703125 0.2446000578125 0.370109159375 0.24710498906249997 0.37430398125000003 0.25403971406250003 0.37372233593750004
0 0.2447405640625 0.44351273593749996 0.24475812656249998 0.4526881828125 0.25363527812500003 0.45231069531249996 0.24472299999999997 0.4343372890625 0.2414006546875 0.437919640625 0.2447405640625 0.44351273593749996
0 0.28372958125 0.520999459375 0.2831846390625 0.526184240625 0.2887394453125 0.5293891015625001 0.3014663203125 0.511069034375 0.2892668234375 0.5150288734374999 0.28372958125 0.520999459375
0 0.23776169062500002 0.5659675875 0.24164654218749998 0.5663759015625 0.24549626562500002 0.5484333234375 0.2563158421875 0.548259990625 0.2596381875 0.544677640625 0.25907568125 0.5406869750000001 0.254918359375 0.5428710515625 0.245478703125 0.539257875 0.24215635781249997 0.5428402250000001 0.23776169062500002 0.5659675875
0 0.172378565625 0.46867004687499997 0.167966334375 0.48262196093750004 0.169091346875 0.4906032921875 0.1732662328125 0.49759466249999995 0.17631610625 0.4966047015625 0.182688325 0.4920323921875 0.172378565625 0.46867004687499997
0 0.2537672421875 0.3763147265625 0.252132415625 0.3918690734375 0.254637346875 0.39606389375 0.2576872203125 0.3950739359375 0.2599021171875 0.3926857015625 0.2593220484375 0.3795195890625 0.2670741875 0.3711607703125 0.2706865671875 0.3741614765625 0.2748438890625 0.3719773984375 0.27538883125 0.3667926171875 0.26400674999999996 0.362975284375 0.2537672421875 0.3763147265625
0 0.179612346875 0.33444735625 0.1710252296875 0.3414079015625 0.18351476093750002 0.34403111875 0.18547475 0.3534107234375 0.180772484375 0.36077958125 0.1865997609375 0.3613920515625 0.1910295546875 0.35661558437499996 0.1918118421875 0.3304875171875 0.2062262359375 0.32413944375 0.201778878125 0.3197404640625 0.19206675 0.318719678125 0.185422059375 0.32588438124999997 0.17959478281250002 0.325271909375 0.179612346875 0.33444735625
0 0.291016053125 0.41430311093750005 0.2893636625 0.420682009375 0.2835363859375 0.4200695375 0.2724619015625 0.43201070625 0.259427428125 0.434572271875 0.259989934375 0.43856293749999997 0.2821915921875 0.44220694062500004 0.2844064890625 0.43981870624999997 0.2835539484375 0.429244984375 0.29631595 0.4292758109375 0.3037780546875 0.4143339359375 0.29655329531249996 0.40833252499999995 0.28878359374999996 0.407515896875 0.2874036734375 0.4113024046875 0.291016053125 0.41430311093750005
0 0.1995900859375 0.48070369375000005 0.20044262656249998 0.49127741562500005 0.187408153125 0.49383898125 0.1840858078125 0.49742132968749997 0.18326839374999998 0.505198503125 0.176623703125 0.51236320625 0.175806290625 0.5201403796874999 0.1841560609375 0.5341231203125 0.18718837187499998 0.5239577125 0.1932881203125 0.52197779375 0.19131056875000002 0.5034227421875 0.200460190625 0.5004528625 0.20626990312500001 0.4918898859375 0.206814846875 0.486705103125 0.20263996093749997 0.4797137328125 0.1995900859375 0.48070369375000005
0 0.543135484375 0.6688314484375 0.548382690625 0.6562778078125 0.5547549109375 0.6517054953125 0.5522499796875 0.647510675 0.548365128125 0.6471023609375 0.5420104718750001 0.6608501171875 0.5336958265625 0.6652182718749999 0.538143184375 0.6696172515625001 0.543135484375 0.6688314484375
0 0.5598174640625 0.6876214843749999 0.5711995453125 0.6914388171875 0.5750668328125 0.682671684375 0.5567500265625 0.679435996875 0.551212784375 0.68540658125 0.5506678421875 0.6905913625 0.55649511875 0.691203834375 0.5598174640625 0.6876214843749999
0 0.5451657265625001 0.7149128421875 0.5554052328125 0.7015733984375 0.542915703125 0.6989501812500001 0.529063815625 0.7092889203125 0.5304612984375 0.714677859375 0.53378364375 0.7110955078125001 0.5451657265625001 0.7149128421875
0 0.49549763750000003 0.71100303125 0.49491756875000004 0.6978369171875001 0.48631288906250003 0.6956220140625 0.4810305546875 0.6898247609375 0.4805031765625 0.7041849906250001 0.48634801562499996 0.713972909375 0.49328274062500005 0.7133912625 0.49549763750000003 0.71100303125
0 0.5660667390625 0.6188210421875 0.57274655625 0.6300072359375 0.569441775 0.6427650328125 0.5727816828125001 0.648358128125 0.5749965796875001 0.6459698953124999 0.573599096875 0.64058095625 0.5802437874999999 0.6334162546875 0.5810612015625 0.62563908125 0.5713315109375 0.6154428484375 0.5682640734375 0.6072573609374999 0.564941728125 0.6108397109375 0.5660667390625 0.6188210421875
0 0.5991231015625 0.6406426078125 0.5955458484375 0.655992796875 0.5997207328124999 0.66298416875 0.606655459375 0.662402521875 0.614970103125 0.6580343671875 0.610522746875 0.6536353890625 0.6022081015625 0.6580035421875 0.6032804234375 0.63845853125 0.5991055375000001 0.6314671609375 0.5932782609375 0.6308546890625 0.58968344375 0.63702943125 0.5991231015625 0.6406426078125
0 0.5053417312499999 0.636027846875 0.49230725781249995 0.6385894125 0.48871244062499997 0.644764153125 0.4923248203125 0.647764859375 0.50535929375 0.6452032937500001 0.5108965359375001 0.639232709375 0.5094639265625001 0.6154928749999999 0.512786271875 0.611910525 0.5186135484375 0.6125229953125 0.517216065625 0.6071340578125 0.50363665 0.6148804046875 0.5053417312499999 0.636027846875
0 0.508039859375 0.7411525890624999 0.50832989375 0.7477356453125 0.514992146875 0.749746390625 0.5036451921875 0.7642799515625 0.5031002484375 0.769464734375 0.50560518125 0.7736595546875 0.5086550546875 0.7726695968749999 0.5094724687500001 0.7648924234375001 0.52027448125 0.75554364375 0.5249416203124999 0.729823890625 0.519641721875 0.714851190625 0.5102020656249999 0.7112380140625 0.5174443890625 0.7264148703125 0.516626975 0.73419204375 0.508039859375 0.7411525890624999
0 0.27030775625 0.9009484796875 0.2678379515625 0.91510455 0.2747902390625 0.923698353125 0.2719952734375 0.9129204734374999 0.273085159375 0.9025509093749999 0.27030775625 0.9009484796875
0 0.4055659921875 0.6884456875 0.40721838281249995 0.6820667890625 0.3905715296875 0.68162765 0.4005736921875 0.6892314921875 0.4055659921875 0.6884456875
0 0.3470995484375 0.8710147015624999 0.34847946875 0.8672281937499999 0.340709765625 0.8664115656250001 0.3373698578125 0.86081846875 0.33043513281250003 0.8614001140624999 0.3309976375 0.8653907796875 0.336824915625 0.86600325 0.3401648234375 0.8715963468749999 0.3470995484375 0.8710147015624999
0 0.392285153125 0.8521746406249999 0.389780221875 0.8479798171875 0.3858953703125 0.847571503125 0.3787057375 0.8599209859375 0.3717710125 0.8605026328125 0.37427594375 0.8646974546875 0.38121066875 0.8641158093750001 0.392285153125 0.8521746406249999
0 0.4172642140625 0.8574210734375001 0.4211315015625 0.848653940625 0.4324960203125 0.8432958265625 0.43193351562500004 0.8393051625 0.42222138749999993 0.8382843765624999 0.416139203125 0.8494397421875 0.4097669828125 0.8540120546875001 0.41227191406249997 0.8582068765624999 0.4172642140625 0.8574210734375001
0 0.4086334296875 0.6966311765625 0.4191980984375 0.7082256828125 0.41200846562500004 0.7205751671875 0.41783574218749997 0.7211876390625 0.4236454546875 0.7126246625 0.43335758281250003 0.7136454484375 0.43473750312500004 0.709858940625 0.42224797187499996 0.7072357234375 0.41723810937500005 0.698846078125 0.4133532578125 0.6984377640625 0.4102858203125 0.6902522765625 0.4086334296875 0.6966311765625
0 0.38300356562500004 0.9311404890625001 0.3899734171875 0.9489097375 0.3955282234375 0.9521146 0.4019004421875 0.9475422890624999 0.3971806140625 0.9457357 0.3871608890625 0.9289564109375 0.38160608281249997 0.9257515484375001 0.37412641562500004 0.9315179765625 0.37441645 0.9381010328125001 0.3791187140625 0.9307321749999999 0.38300356562500004 0.9311404890625001
0 0.33720276562499996 0.91846354375 0.31919355625 0.9309863578125 0.3228059359375 0.9339870640625 0.3344429265625 0.9260365609375001 0.34221262812500003 0.9268531890625 0.338890284375 0.9304355390625 0.3394527890625 0.9344262046875 0.355264665625 0.93346706875 0.3610743796875 0.92490409375 0.34831237656249997 0.9248732687500001 0.33720276562499996 0.91846354375
0 0.41157744375 0.9302121796874999 0.41907467499999995 0.9336211999999999 0.41627970937500003 0.9228433218750001 0.4193120203125 0.9126779140625001 0.417079559375 0.9058907015625 0.40763990312500004 0.902277525 0.3921180609375 0.9098197140625001 0.3946229921875 0.9140145375 0.41237729375 0.9132595609375 0.41157744375 0.9302121796874999
0 0.24542553281249999 0.8013551812499999 0.261237409375 0.800396046875 0.2673547203125 0.807591575 0.2645597546875 0.7968136953125 0.258169971875 0.7922105609375001 0.251762625 0.7784319749999999 0.24121552031250001 0.776012915625 0.242613003125 0.7814018546875 0.23958069218750003 0.7915672625 0.24181315312499999 0.798354475 0.24542553281249999 0.8013551812499999
0 0.4182838453125 0.8103497203125001 0.42298611093750005 0.8029808609375 0.42158862812500003 0.7975919218749999 0.41213140781249996 0.7848032984375 0.40824655625000006 0.7843949828125 0.4063216953125 0.7933662734375 0.41548887968750003 0.7995718421875 0.41189406406250006 0.805746584375 0.388857428125 0.8007043062499999 0.384427634375 0.805480775 0.37471550625 0.804459990625 0.36830816093749996 0.7906814046874999 0.3605384578125 0.7898647765625 0.3716831953125 0.8146253953124999 0.38195782968750003 0.819636846875 0.3750406671875 0.8293939390625 0.376710621875 0.8321904874999999 0.387512634375 0.822841709375 0.389437496875 0.81387041875 0.394992303125 0.81707528125 0.40886175312499995 0.815911990625 0.417211525 0.8298947312499999 0.42525369843750005 0.8281189703124999 0.42663361718750004 0.8243324609375 0.4182838453125 0.8103497203125001
0 0.378169815625 0.7248816687499999 0.3911691625 0.7039692078125 0.39866639375 0.707378228125 0.4019887390625 0.7037958765625 0.3994838078125 0.69960105625 0.3919865765625 0.696192034375 0.3753572875 0.7049283421875 0.360362825 0.698110303125 0.3526106859375 0.706469121875 0.356803134375 0.722635940625 0.3443311671875 0.72918816875 0.341571328125 0.7367611859375 0.3438037890625 0.7435484 0.3468536625 0.742558440625 0.34683609843749996 0.7333829921875 0.35682069843750003 0.7318113875 0.36235794062500004 0.725840803125 0.3631753546875 0.718063628125 0.3592729390625 0.7084798671875 0.3745398734375 0.712705515625 0.3811845640625 0.7055408140625 0.383961965625 0.7071432453125001 0.37179759687499997 0.7294539796875 0.36849281562499997 0.7422117765625 0.36295557343749996 0.7481823609375 0.349086121875 0.749345653125 0.34354887968750003 0.7553162390625 0.3410615125 0.7602968625 0.3421865234375 0.76827819375 0.3499562265625 0.769094821875 0.352716065625 0.76152180625 0.3676754015625 0.74998895 0.3762449546875 0.733852959375 0.3856846109375 0.7374661359375 0.3951067046875 0.7319038640625 0.3945441984375 0.7279131999999999 0.38067474687499997 0.7290764921874999 0.378169815625 0.7248816687499999