0 0.7273560765625 0.6235824734375 0.7441900421875001 0.6257385671875 0.7331016921875 0.6161526687500001 0.7263965234375 0.6186206390625 0.7273560765625 0.6235824734375
0 0.692882390625 0.668161303125 0.70191539375 0.6697718984375001 0.70163705625 0.655068228125 0.6921953249999999 0.659302734375 0.692882390625 0.668161303125
0 0.429710853125 0.6761901296875 0.42505518281250004 0.668032996875 0.41889498906249995 0.6627074984375 0.4147901421875 0.6653572999999999 0.41588593906250004 0.6683707671875 0.42546976406250003 0.6807883 0.429710853125 0.6761901296875
0 0.7174705109375 0.52205965 0.7178792406250001 0.5162145484375 0.7119915328124999 0.5069923140625 0.708022928125 0.5076937499999999 0.7080287796875 0.5262941546875 0.7104928578124999 0.5284243546875 0.7174705109375 0.52205965
0 0.7926424375 0.6428319484375 0.784018165625 0.63537625 0.7836094359375 0.6412213515625 0.7903204546875 0.6573537875000001 0.8007217390625 0.658081115625 0.8075631484375 0.653664778125 0.8078356343750001 0.64976804375 0.804003275 0.6485211109375 0.7983939046875 0.6540025484374999 0.7931932609375 0.6536388843750001 0.7926424375 0.6428319484375
0 0.4470956421875 0.689153159375 0.440935446875 0.683827659375 0.4357348046875 0.6834639953125 0.4208199453125 0.6912315718750001 0.421779496875 0.69619340625 0.4294442171875 0.6986872703125 0.4470956421875 0.689153159375
0 0.49020530000000007 0.6892308375 0.48500465937500004 0.6888671734375 0.48473217343749997 0.6927639078125 0.4944522421875 0.7032330734375 0.49965288281250003 0.7035967375000001 0.5069088734375 0.711935703125 0.5108774765625 0.71123426875 0.5138865265625 0.7055709984375 0.510326653125 0.70042733125 0.5000616124999999 0.6977516359375 0.49020530000000007 0.6892308375
0 0.78263233125 0.5804583015625 0.78715175625 0.590563803125 0.8031624125000001 0.58580969375 0.8147957343750001 0.587602121875 0.7986429859374999 0.57570419375 0.795906421875 0.577470728125 0.7856413812499999 0.5747950328125 0.781536534375 0.5774448343749999 0.78263233125 0.5804583015625
0 0.5836572078125 0.6233235421875001 0.5795523640625 0.6259733453125 0.5806481578125 0.6289868109375 0.593241034375 0.6357410734375 0.601178240625 0.634338203125 0.60843423125 0.6426771687499999 0.6150031546875 0.642157565625 0.6130840484375 0.632233896875 0.6067876125 0.6288567656249999 0.59378600625 0.6279476046875 0.5836572078125 0.6233235421875001
0 0.312429775 0.6905048234375 0.313116840625 0.6993633921875 0.329269590625 0.7112613203125 0.3335106796875 0.70666315 0.321054046875 0.6979605203125 0.3236485171875 0.6795419468749999 0.318447875 0.6791782828125 0.311606465625 0.683594621875 0.312429775 0.6905048234375
0 0.7988920687500001 0.4974058375 0.7884907859375 0.496678509375 0.7784982312500001 0.490106078125 0.765496625 0.4891969171875 0.7605684703125 0.48493651875 0.7483901734375 0.490937559375 0.7494859703125 0.49395102656249995 0.7516775625000001 0.4999779609375 0.7556461640625 0.49927652499999997 0.7533183296875 0.4951979578125 0.7574231765625 0.49254815625 0.7728888578124999 0.49558751562500003 0.7853454906249999 0.5042901453125 0.7999878640625 0.5004193046875 0.7988920687500001 0.4974058375
0 0.41387739687499997 0.8091987078124999 0.41702854218749996 0.8201874765625 0.4208609015625 0.821434409375 0.424965746875 0.81878460625 0.4256469625 0.80904276875 0.43659321875 0.8019766296874999 0.4331695890625 0.7948845953125 0.41619938124999994 0.7946768703125 0.41387739687499997 0.8091987078124999
0 0.6937174015625 0.712272315625 0.6879717890625 0.7197021203125 0.6789387875 0.7180915234375 0.6664880046875 0.7279892984375 0.6674475578125 0.7329511328125 0.674839790625 0.7393417312499999 0.680721646875 0.729963559375 0.693859496875 0.728924353125 0.7034374703124999 0.7227414796875 0.7042549296875 0.7110512765625 0.698230978125 0.7037774109375 0.6915258109375 0.70624538125 0.6937174015625 0.712272315625
0 0.5253660546875001 0.653510578125 0.5135964875 0.6536665171875 0.5133240015625 0.6575632515625001 0.5234527984375 0.6621873140625001 0.53412656875 0.6590179093749999 0.5521925734375001 0.6622391015625 0.5564336625 0.65764093125 0.539048875 0.6446779031250001 0.539457603125 0.6388328 0.5233048546875 0.626934871875 0.5253660546875001 0.653510578125
0 0.3886623921875 0.70268815625 0.3920801703125 0.6911797843749999 0.38605622031250003 0.6839059187500001 0.37948729531250003 0.6844255218749999 0.3786698375 0.6961157265625 0.3744287484375 0.700713896875 0.3536261796875 0.6992592390625 0.352802871875 0.6923490375 0.3440423546875 0.68684170625 0.340215846875 0.7041951796875 0.3477443234375 0.7086374109375 0.360745928125 0.709546571875 0.36621905625 0.7060135015625 0.376620340625 0.7067408296875 0.3867491375 0.71136489375 0.3959183828125 0.7110271218750001 0.393726790625 0.7050001890625001 0.3886623921875 0.70268815625
0 0.1891305953125 0.7161460546875 0.184202440625 0.71188565625 0.20062182343749999 0.7012864453125001 0.19158882187499998 0.6996758484375001 0.18351537499999998 0.7030270875 0.17092249843750001 0.696272825 0.16408108906250002 0.7006891625 0.1649043984375 0.7075993640625 0.17653772031249998 0.7093917921874999 0.17079210625000002 0.716821596875 0.173256184375 0.718951796875 0.16929343125000001 0.7382536375 0.17545362656250002 0.7435791359375 0.19119179687500001 0.7427217609375 0.18516784375 0.7354478953125 0.1891305953125 0.7161460546875
0 0.359247253125 0.7309786125 0.35240584375 0.73539495 0.3518608703125 0.74318841875 0.34775602499999997 0.7458382218749999 0.33749098593750004 0.7431625265624999 0.3306495734375 0.7475788640625 0.3310641546875 0.7603341671875 0.339137603125 0.756982928125 0.35733985 0.7582557546875 0.36678158125000004 0.7540212484375 0.36445374531249997 0.7499426812500001 0.3710226703125 0.749423078125 0.3807368875 0.7412918375 0.3778582296875 0.7264063359375 0.359247253125 0.7309786125
0 0.6188589171875 0.71780611875 0.6266598812499999 0.7183516156249999 0.627062759375 0.6939061078125001 0.6209025640625 0.688580609375 0.6106375234375 0.6859049140625 0.6009174546875 0.6754357484375 0.5968126093749999 0.6780855515625 0.59599515 0.6897757546875 0.6059877046875 0.6963481859375 0.60571521875 0.7002449203125 0.5906641171875 0.7099608625 0.5777987546875 0.707103334375 0.55385089375 0.713260315625 0.551386815625 0.711130115625 0.5472819703125 0.71377991875 0.5479690374999999 0.7226384875 0.55563375625 0.72513235 0.561106884375 0.72159928125 0.5741084890625 0.722508440625 0.5772537828125001 0.7148968046874999 0.5873825796875 0.7195208671875 0.5977838640625001 0.7202481953125 0.6114666859375 0.7114155203125 0.6188589171875 0.71780611875
0 0.61761685 0.24978251875000002 0.621585453125 0.24908108437499998 0.6208983859375 0.24022251562500002 0.6167935390625 0.24287231718750002 0.61761685 0.24978251875000002
0 0.5475444265625 0.242924684375 0.5383751828125 0.24326245468750002 0.5390622484375001 0.2521210234375 0.556713671875 0.24258691250000003 0.5530175546875 0.2393916140625 0.5475444265625 0.242924684375
0 0.4714656046875 0.2845941984375 0.4662649640625 0.284230534375 0.4632559140625 0.28989380468750003 0.4820089828125 0.301973565625 0.47762580000000004 0.289919696875 0.4714656046875 0.2845941984375
0 0.42492061249999996 0.24022367500000003 0.42464812656250006 0.244120409375 0.4427141296875 0.24734160156249999 0.443264953125 0.2581485375 0.44696107031250004 0.2613438375 0.4509296734375 0.2606424015625 0.44860183906250006 0.25656383437499997 0.451883375 0.24700382968749998 0.4481872578125 0.24380853125000002 0.42492061249999996 0.24022367500000003
0 0.5198770453125 0.17148474375 0.5057796453125001 0.167562115625 0.49784243906250003 0.1689649859375 0.491001028125 0.173381325 0.49209682499999996 0.17639479062500002 0.49688873750000007 0.18260355781249998 0.5198770453125 0.17148474375
0 0.615016528125 0.2496006875 0.5994146015624999 0.24850969374999998 0.5953097578125 0.251159496875 0.5964055515625 0.2541729640625 0.5988696296875 0.25630316406250003 0.612007478125 0.2552639578125 0.6206317515625 0.2627196546875 0.6177589421875 0.2664345578125 0.620086778125 0.2705131234375 0.6252874203125 0.2708767890625 0.6287051984375001 0.25936841718750003 0.615016528125 0.2496006875
0 0.654270425 0.1740298140625 0.6470144343750001 0.16569084843749998 0.64482869375 0.17826431874999998 0.63552320625 0.1805504578125 0.6279947296875 0.1761082265625 0.6275860015625 0.181953328125 0.63251415625 0.186213728125 0.6586536078125 0.18608368125000002 0.6655008703124999 0.20026775 0.669741959375 0.1956695796875 0.670423175 0.18592774375 0.663030940625 0.1795371453125 0.6634396703125 0.1736920421875 0.654270425 0.1740298140625
0 0.5783512515625 0.2881525828125 0.5719185703125 0.28672381874999997 0.5723273 0.2808787171875 0.5600069109375 0.27022771875 0.556992009375 0.257290584375 0.55302340625 0.25799201875 0.5501564484375 0.2803073265625 0.5526205281250001 0.2824375265625 0.5631580546875 0.2812164875 0.563572634375 0.293971790625 0.5787658312499999 0.3009078859375 0.5845114453125 0.29347808125 0.58505641875 0.2856846125 0.5812240578125001 0.2844376796875 0.5783512515625 0.2881525828125
0 0.508800396875 0.19909965624999998 0.4982628703125 0.2003206953125 0.49524796875000004 0.187383559375 0.491551853125 0.18418826093750001 0.4837508890625 0.1836427640625 0.47635865468749994 0.17725216562499999 0.4685576921875 0.17670666875000002 0.454874871875 0.1855393453125 0.46513991250000003 0.188215040625 0.46733150468750007 0.194241975 0.4858062375 0.191618065625 0.48909362500000003 0.20065846562499998 0.497854140625 0.206165796875 0.5030547828125 0.2065294609375 0.5098961937500001 0.2021131234375 0.508800396875 0.19909965624999998
0 0.33277680625 0.5490013390625 0.345505925 0.553807234375 0.3502978375 0.5600160015625 0.3544026828125 0.5573661984375 0.35467516875 0.5534694640625 0.3407140125 0.54759846875 0.33605834218749997 0.5394413359375 0.331817253125 0.5440395046875001 0.33277680625 0.5490013390625
0 0.314580409375 0.5663289203125 0.31116263125 0.577837290625 0.3200593890625 0.5813962546875 0.3226538578125 0.56297768125 0.3164936640625 0.5576521828125001 0.3112930234375 0.55728851875 0.31088429375 0.5631336203124999 0.314580409375 0.5663289203125
0 0.2867943375 0.5526385625 0.300483009375 0.5624062921874999 0.30266875 0.5498328203125 0.2918528859375 0.5363501890625 0.286516 0.5379348921875 0.29021211875 0.541130190625 0.2867943375 0.5526385625
0 0.2889683765625 0.5028642796875 0.302106225 0.5018250734375 0.3040194796875 0.4931483375 0.3096288515625 0.48766689999999996 0.29525896406249996 0.48764100624999995 0.285680990625 0.49382387968749997 0.2865043 0.50073408125 0.2889683765625 0.5028642796875
0 0.3835570359375 0.5701732875000001 0.3726107796875 0.5772394281250001 0.35974541875 0.5743819 0.354272290625 0.5779149703125 0.35673636875 0.5800451703125 0.362073253125 0.5784604671875 0.36946548749999997 0.584851065625 0.37726645 0.5853965624999999 0.387116909375 0.5753169546875 0.395190359375 0.5719657171875 0.3914942421875 0.5687704171875 0.3835570359375 0.5701732875000001
0 0.3629024140625 0.6039710734375 0.3474367328125 0.6009317140625 0.3405953203125 0.6053480515625 0.34141863125 0.612258253125 0.34607430156249996 0.6204153875 0.35031538906250004 0.6158172171875 0.3456597203125 0.6076600828125 0.36523024843749996 0.608049640625 0.37207165937500003 0.603633303125 0.3724803875 0.5977882015625 0.36618395000000004 0.5944110703125001 0.3629024140625 0.6039710734375
0 0.36424144062499997 0.5100857796875 0.3612265390625 0.49714864375 0.354930103125 0.4937715140625 0.35205729531249996 0.49748641562499996 0.355072196875 0.5104235515625 0.361232390625 0.5157490499999999 0.384907765625 0.5134888046875 0.38860388281249997 0.516684103125 0.38819515312499997 0.52252920625 0.3935320375 0.520944503125 0.3853164953125 0.5076437031250001 0.36424144062499997 0.5100857796875
0 0.2592749015625 0.516451065625 0.252705978125 0.51697066875 0.250928965625 0.5236990375 0.23600825625000002 0.5128662078125 0.2308076140625 0.5125025437499999 0.22670276875 0.515152346875 0.2277985640625 0.5181658140625001 0.2355995265625 0.518711309375 0.24531959531249997 0.529180475 0.27118656093750004 0.5329471640625 0.285965178125 0.5271279546875001 0.2892467140625 0.5175679515625 0.27433185625 0.5253355265625 0.2665308921875 0.52479003125 0.2592749015625 0.516451065625
0 0.0912796234375 0.284440578125 0.07704598124999999 0.28246631875 0.0687000453125 0.289714290625 0.079373815625 0.286544884375 0.0897751 0.28727221406250003 0.0912796234375 0.284440578125
0 0.3083734078125 0.412200178125 0.3148060890625 0.4136289421875 0.3146639953125 0.3969769046875 0.3074138546875 0.40723834375 0.3083734078125 0.412200178125
0 0.12387516093749999 0.36014091718749996 0.127707521875 0.36138785 0.12825249375 0.35359438125 0.13372562187499998 0.35006131093750004 0.1329023125 0.34315110937500004 0.12893370937499998 0.34385254375 0.1285249796875 0.34969764531249997 0.123051853125 0.35323071562499997 0.12387516093749999 0.36014091718749996
0 0.1442807015625 0.4046414875 0.14838554843750001 0.401991684375 0.148658034375 0.39809495 0.13606515937500002 0.3913406875 0.1352418484375 0.3844304859375 0.13113700156250002 0.38708028906249997 0.1319603125 0.39399049062499997 0.1442807015625 0.4046414875
0 0.1399092203125 0.4297884296875 0.14880597812500002 0.43334739375 0.15455744531249999 0.44451799375 0.158526046875 0.443816559375 0.1592072625 0.43407472187499996 0.1478464265625 0.428385559375 0.1430545140625 0.42217679375 0.1389496671875 0.4248265953125 0.1399092203125 0.4297884296875
0 0.300299959375 0.4155514171875 0.289081215625 0.42651429218750003 0.276488340625 0.4197600296875 0.2760796125 0.42560513125000005 0.2848401265625 0.43111246249999996 0.2841589109375 0.4408542984375 0.287991271875 0.44210122968750004 0.2901770125 0.429527759375 0.2983867046875 0.42422815312499995 0.29865919218750003 0.42033141875 0.3067326390625 0.41698018125 0.300299959375 0.4155514171875
0 0.0650390328125 0.3981214234375 0.0475238546875 0.4057071671875 0.044514803125 0.4113704359375 0.0493067171875 0.417579203125 0.0509474859375 0.4127992015625 0.06736686875 0.40219999062499995 0.07037591875 0.3965367203125 0.0643519671875 0.3892628546875 0.05778304375 0.3897824578125 0.06531151874999999 0.39422468906249997 0.0650390328125 0.3981214234375
0 0.07610983125000001 0.3519061046875 0.06296613437500001 0.33434490625 0.060093324999999996 0.3380598078125 0.0684451109375 0.349412240625 0.0679001390625 0.35720570937499996 0.06420402343750001 0.3540104109375 0.060235420312499996 0.354711846875 0.061745796875 0.3704806171875 0.0705063125 0.3759879484375 0.07009173125 0.36323264375000003 0.07610983125000001 0.3519061046875
0 0.066963990625 0.426645496875 0.063818696875 0.434257134375 0.0744924671875 0.43108772812499996 0.0847575078125 0.43376342343749996 0.09146267500000001 0.431295453125 0.09474421093749999 0.4217354484375 0.08666491093749999 0.40648628125 0.082560065625 0.40913608437500004 0.083934196875 0.42685322187499997 0.066963990625 0.426645496875
0 0.1899438765625 0.2560977578125 0.1914542515625 0.271866528125 0.1844765984375 0.2782312328125 0.19515036875 0.2750618265625 0.1995277 0.2685152890625 0.213074278125 0.26163098125 0.21512377656249998 0.2510058765625 0.209786890625 0.2525905796875 0.19952185 0.249914884375 0.1928166828125 0.2523828546875 0.1899438765625 0.2560977578125
0 0.1869874828125 0.429164675 0.1945159609375 0.4336069046875 0.1998528453125 0.432022203125 0.21230362656250001 0.4221244265625 0.2125761140625 0.4182276921875 0.2035431125 0.41661709687500004 0.197661253125 0.42599526875000004 0.19136481562500002 0.42261813750000005 0.19560005625000002 0.3994195625 0.190671896875 0.3951591625 0.1913531125 0.3854173265625 0.2048996921875 0.37853301875 0.2054446640625 0.3707395484375 0.1810880734375 0.38274163125 0.17643825468750002 0.393184903125 0.1664457 0.38661247187500003 0.1637091375 0.3883790078125 0.1734292046875 0.398848171875 0.18246220625 0.40045876874999997 0.17945315625 0.40612203750000003 0.18109977500000002 0.419942440625 0.1674169546875 0.42877511718749994 0.169472303125 0.43675041875 0.1733046640625 0.43799735 0.1869874828125 0.429164675
0 0.2710035109375 0.3860922890625 0.292356903125 0.3983538828125 0.289211609375 0.40596551875 0.2929077265625 0.40916081875000004 0.29701257187499996 0.406511015625 0.300157865625 0.398899378125 0.2908465265625 0.3825851125 0.2971371125 0.3673618375 0.28851284062500004 0.35990614062500004 0.272502184375 0.3646602484375 0.26551868125 0.35242454843750004 0.2578539609375 0.34993068437499997 0.2511487953125 0.35239865625 0.25224458906249997 0.35541212187500004 0.2614138359375 0.3550743515625 0.263332940625 0.3649980203125 0.269493134375 0.37032351874999997 0.27729409843749997 0.37086901562499996 0.2867358296875 0.366634509375 0.2830455640625 0.382039615625 0.290437796875 0.3884302140625 0.288933271875 0.3912618484375 0.26621159843750003 0.3798835234375 0.2533462375 0.37702599531250003 0.2471860421875 0.371700496875 0.245539421875 0.3578800921875 0.239379228125 0.35255459375 0.2343148296875 0.35024256249999997 0.22637762343749998 0.351645434375 0.2258326515625 0.359438903125 0.23349737187500003 0.3619327671875 0.24554527343750002 0.3764804984375 0.261970509375 0.3844816921875 0.2586889734375 0.394041696875 0.26457668125 0.40326392968749997 0.26854528437499997 0.4025624953125 0.2668986640625 0.3887420921875 0.2710035109375 0.3860922890625