0 0.8109641859375 0.644840978125 0.8042169703125 0.6471915515625 0.8050897796875001 0.6521693765625 0.8120072234375 0.6478731109375 0.8109641859375 0.644840978125
0 0.860686278125 0.6746787109375 0.8513423093749999 0.6768020984375 0.8575788484375 0.680288603125 0.861729315625 0.67771084375 0.860686278125 0.6746787109375
0 0.8136845875000001 0.4941138890625 0.8097043484374999 0.49474595624999995 0.8100664796875 0.505560859375 0.8142169453125 0.5029831 0.8136845875000001 0.4941138890625
0 0.8632830296874999 0.674905896875 0.872797225 0.6708368171875 0.8717541890625 0.667804684375 0.8679441750000001 0.666491059375 0.8622399937499999 0.6718737640625 0.8632830296874999 0.674905896875
0 0.9004421031250001 0.519349459375 0.887458346875 0.518213528125 0.8857344046875 0.5229641671875 0.9001016515625 0.5232408453125 0.9004421031250001 0.519349459375
0 0.8282871015625 0.5365637421875 0.823774503125 0.5283265984375001 0.814600759375 0.5285042921875001 0.8255201234375 0.5382822484374999 0.8282871015625 0.5365637421875
0 0.6922129859374999 0.521717921875 0.698619753125 0.5232587328125 0.6989602046875001 0.5193673484375 0.6944476046875 0.5111302046875 0.6902971390625 0.5137079640625 0.6922129859374999 0.521717921875
0 0.6249576109375 0.69228654375 0.6431565515625 0.7085831375 0.6485202796875 0.7070918171875 0.6422837421875001 0.7036053124999999 0.638984403125 0.6964546078125 0.6249576109375 0.69228654375
0 0.9332218765625001 0.563389615625 0.9209407046875 0.569177203125 0.9216432890625 0.5761007203124999 0.933413784375 0.5761502125 0.9332218765625001 0.563389615625
0 0.8058357234375 0.688505471875 0.8120722656250001 0.691991978125 0.81760621875 0.6885549640625 0.825396475 0.6892365234375 0.8285039031249999 0.68362663125 0.8210541015624999 0.6790536875 0.8058357234375 0.688505471875
0 0.9164032093750001 0.42663776562500005 0.9369853156250001 0.415694659375 0.9366231812500001 0.40487975625 0.9321322640625 0.41134890156250004 0.918467603125 0.417995740625 0.9164032093750001 0.42663776562500005
0 0.888541528125 0.431062234375 0.89737481875 0.434775925 0.9053353 0.433511790625 0.9094857656249999 0.43093403124999996 0.9087831812499999 0.4240105140625 0.895629196875 0.42482027499999997 0.888541528125 0.431062234375
0 0.7807811640625 0.6010280078125 0.776098340625 0.5947365578125 0.7686485375000001 0.5901636124999999 0.764668296875 0.5907956796875 0.7643278437500001 0.594687065625 0.7717776468750001 0.599260009375 0.77716305625 0.6124749781250001 0.7811432968750001 0.6118429109375 0.7807811640625 0.6010280078125
0 0.7139063859375 0.6775218187500001 0.70871288125 0.677067446875 0.7056054515625 0.6826773390625 0.7031789265625 0.680504459375 0.678424675 0.6793190359375 0.6896844921875 0.68520560625 0.7104585046875 0.687023096875 0.7146089703125 0.6844453374999999 0.7139063859375 0.6775218187500001
0 0.8301009796875001 0.7102342640625 0.8448086781249999 0.70661955625 0.8238644390625 0.7067477578125 0.8197139734375 0.7093255187499999 0.8190330687499999 0.7171082890625 0.8083056109375001 0.7200909296875 0.8346352578125 0.7331776953125 0.8361889734375 0.73037275 0.8263126453125 0.7236269265625 0.8301009796875001 0.7102342640625
0 0.6517979359375 0.6995362328125 0.659758415625 0.6982720984374999 0.66963474375 0.705017921875 0.6748282484375 0.7054722953125 0.6751687000000001 0.701580909375 0.668932159375 0.6980944046875 0.674636340625 0.6927116984375 0.6713370046875 0.68556099375 0.658353246875 0.6844250625 0.6538623296875 0.6908942078125 0.6459018484375 0.6921583421874999 0.645561396875 0.696049728125 0.6517979359375 0.6995362328125
0 0.78282709375 0.6972756984374999 0.7952784921875 0.6895424203125 0.7945759078125 0.6826189015625 0.786274975 0.687774421875 0.7788251734375 0.6832014765625 0.7732912171875 0.686638490625 0.76756535625 0.67731490625 0.7613288171875 0.6738284015625 0.7629258921875001 0.7004360328125 0.76673590625 0.701749659375 0.78282709375 0.6972756984374999
0 0.263730525 0.58912189375 0.27775731718749996 0.5932899578125 0.2871229671875 0.605872859375 0.2862718375 0.6156013234375 0.2921679265625 0.6229792140625 0.2961481640625 0.6223471468749999 0.2964669359375 0.6037494734375 0.2905708484375 0.5963715828125 0.291421978125 0.58664311875 0.2877821921875 0.5833838 0.2822482359375 0.5868208125 0.269264478125 0.58568488125 0.2619849015625 0.57916624375 0.25523768593749996 0.5815168171875 0.263730525 0.58912189375
0 0.8886282484375 0.48988738906249996 0.8960780515625 0.494460334375 0.8976534453125 0.5063616765625001 0.9023362718750001 0.512653128125 0.9182789124999999 0.52483115 0.922259153125 0.5241990828125 0.92155656875 0.5172755640625 0.905784153125 0.50315185 0.9066352828124999 0.4934233859375 0.902122684375 0.48518624375 0.913531046875 0.47442083124999995 0.90712428125 0.47288001875 0.9026333624999999 0.47934916406249994 0.8891389265624999 0.48405031093749995 0.8886282484375 0.48988738906249996
0 0.545990346875 0.6677325328125 0.54045639375 0.6711695468750001 0.5399457140624999 0.677006625 0.5434152765625 0.6822116359375 0.5536320578125 0.6850660734375 0.5631462515625001 0.68099699375 0.562103215625 0.6779648625 0.551545984375 0.679001809375 0.5479061953125 0.675742490625 0.5506731734375 0.674023984375 0.5487573265625 0.6660140265625001 0.5603575953125 0.6680092125 0.563294796875 0.6643450125 0.5522052078125 0.65651275 0.5559935406250001 0.6431200859375 0.55148094375 0.6348829421875 0.545244403125 0.6313964375000001 0.5409237109375 0.635919890625 0.545606534375 0.6422113406250001 0.5418182015624999 0.6556040046875 0.545990346875 0.6677325328125
0 0.664468521875 0.13599610625 0.657891528125 0.13640098750000001 0.6559973625 0.14309731875 0.66534133125 0.14097393125 0.664468521875 0.13599610625
0 0.6163218234375 0.1180597171875 0.6203020640625 0.11742765 0.6192590265625 0.1143955171875 0.6093827015625 0.10764969375 0.605402459375 0.1082817609375 0.6163218234375 0.1180597171875
0 0.5320807703125 0.2734181859375 0.5194591453124999 0.2830971578125 0.5205021828125 0.28612929062500003 0.5300163765625 0.2820602109375 0.5320807703125 0.2734181859375
0 0.5092608296875001 0.17535300468749998 0.5025136109375 0.17770357812499998 0.50166248125 0.1874320421875 0.5053022703125001 0.1906913609375 0.5092608296875001 0.17535300468749998
0 0.5571722593749999 0.1511162203125 0.5576829375 0.1452791421875 0.5538729234375 0.14396551562499998 0.5493820046875 0.1504346609375 0.557534390625 0.1619311234375 0.5616848578125 0.1593533640625 0.5608120453125001 0.15437553906249998 0.5571722593749999 0.1511162203125
0 0.5690479390625 0.10510115312499999 0.575454703125 0.1066419640625 0.580988659375 0.10320495156250001 0.5989956953125 0.1067409484375 0.599336146875 0.10284956406250001 0.5814993375 0.0973678734375 0.5690479390625 0.10510115312499999
0 0.6215185421875 0.23811009374999997 0.617538303125 0.2387421609375 0.617027625 0.24457923906249998 0.61132344375 0.2499619453125 0.6005959859375001 0.252944584375 0.5976587828125 0.256608784375 0.6012985703125 0.25986810312499997 0.6218806765625 0.24892499687499997 0.6215185421875 0.23811009374999997
0 0.590444246875 0.2942090140625 0.605854528125 0.297517825 0.6127719734375 0.29322155781250003 0.6125800671875 0.28046096249999997 0.60583285 0.28281153593749997 0.6053221718749999 0.28864861406250003 0.6011717046875 0.2912263734375 0.5883581734375001 0.28814474843750004 0.5814407296875 0.292441015625 0.581100278125 0.2963324 0.5847400656249999 0.29959171875 0.590444246875 0.2942090140625
0 0.45554003437499996 0.2510370546875 0.46869401718750003 0.25022729374999997 0.4771651765625 0.24312608125000001 0.4560507125 0.2451999765625 0.446174384375 0.238454153125 0.435787378125 0.23754540781250003 0.4271243125 0.23188602343750003 0.42678385937499996 0.23577740937499997 0.4352767 0.2433824859375 0.44566370624999996 0.24429123125 0.45554003437499996 0.2510370546875
0 0.5477046390625 0.30419388125 0.5547923109374999 0.2979519234375 0.5539195 0.2929740984375 0.5537275937499999 0.28021350156249997 0.549917578125 0.27889987656250004 0.5457671125 0.2814776359375 0.5449159828125001 0.2912061 0.5367852765625 0.29441592656250004 0.5364448234375 0.29830731093749996 0.5425111375 0.303739509375 0.5477046390625 0.30419388125
0 0.6136632484375 0.19330966875 0.6245609328125 0.188381334375 0.6278385875 0.18082575 0.6470372046875 0.1707418984375 0.653422290625 0.15757642031250002 0.65271970625 0.150652903125 0.65046340625 0.14653433124999998 0.636820425 0.167887459375 0.620218559375 0.1781984984375 0.6169409031249999 0.1857540828125 0.60587299375 0.192628109375 0.603978825 0.19932444062500002 0.61055581875 0.198919559375 0.6136632484375 0.19330966875
0 0.8434773640625 0.273213659375 0.8474576046875001 0.2725815921875 0.8495219984375 0.26393956875 0.8470954734375 0.2617666890625 0.842774778125 0.266290140625 0.8434773640625 0.273213659375
0 0.8168289453125 0.2787245671875 0.819233790625 0.26619115781249997 0.82338425625 0.26361339687499996 0.815594003125 0.2629318390625 0.8114435359375 0.2655095984375 0.8168289453125 0.2787245671875
0 0.8943910374999999 0.2894315421875 0.9068424359374999 0.2816982625 0.9066505312500001 0.2689376671875 0.9018191609375 0.2792981984375 0.8935182265625 0.2844537171875 0.8943910374999999 0.2894315421875
0 0.8372191453125 0.25502086562500004 0.8411993843750001 0.2543887984375 0.8465414328125 0.2381911890625 0.8441149078124999 0.23601831093749998 0.8399644421874999 0.2385960703125 0.8372191453125 0.25502086562500004
0 0.9318504203125 0.22016714531249998 0.9411943890625001 0.21804375937499998 0.9429183296874999 0.2132931203125 0.9404918062500001 0.21112024062499998 0.9171427218750001 0.22378185312499999 0.9133543890625001 0.23717451562499997 0.9024567046874999 0.2421028484375 0.9034997406249999 0.24513498125000002 0.918547890625 0.23762888906250001 0.921995771875 0.22812761093749997 0.9318504203125 0.22016714531249998
0 0.812105975 0.3626165421875 0.8122762015625 0.36067085 0.804996625 0.3541522125 0.7869895921875 0.350616215625 0.779880240625 0.3421518859375 0.7759 0.342783953125 0.7778158484375 0.350793909375 0.7838821625 0.3562261078125 0.8043157203125 0.361934984375 0.812105975 0.3626165421875
0 0.863592153125 0.297520209375 0.8692963328125 0.2921375046875 0.8689342 0.2813226 0.86408115 0.27697684218749996 0.8575041578124999 0.2773817234375 0.8590795531250001 0.289283065625 0.8533753734375 0.294665771875 0.85271615 0.31715483125 0.8606766296874999 0.3158906984375 0.864997321875 0.3113672453125 0.863592153125 0.297520209375