0 0.0295243296875 0.1847822 0.02916300625 0.1730171484375 0.02199538125 0.17916712968749998 0.021722535937500002 0.184373325 0.0295243296875 0.1847822
0 0.2333184984375 0.2333111953125 0.2214793859375 0.23530098124999999 0.21431176093749998 0.24145096093750001 0.21480950468749999 0.250612915625 0.2256051828125 0.24987356875 0.23408908906249998 0.23726695156250002 0.2333184984375 0.2333111953125
0 0.12104414999999999 0.304429459375 0.12063488281250001 0.3122387546875 0.123355921875 0.3162967296875 0.12830025312499999 0.3152507265625 0.1303871234375 0.31274984843750003 0.1298009015625 0.2866166453125 0.1360615140625 0.27911400625 0.135290925 0.27515825 0.12735270781250002 0.2773524734375 0.12408597968749999 0.2837068921875 0.125354315625 0.2968246015625 0.12104414999999999 0.304429459375
0 0.2067052125 0.4798900046875 0.2220359546875 0.48591395000000004 0.228930734375 0.48497016718749997 0.22634611875 0.47830909374999997 0.2188171703125 0.47269402187500004 0.211015378125 0.472285146875 0.20856718437500002 0.46302097499999995 0.2040321203125 0.45625768281249995 0.20103823593749998 0.457405903125 0.20230657187499998 0.4705236140625 0.2067052125 0.4798900046875
0 0.08076684843750001 0.289267375 0.0846677453125 0.2894718125 0.0858955484375 0.266043928125 0.0902057140625 0.2584390703125 0.09061498125 0.25062977656249996 0.07673694375 0.2355460953125 0.075284240625 0.2446058296875 0.08267676562500001 0.252824 0.0801806265625 0.26313417499999997 0.08076684843750001 0.289267375
0 0.042030728125 0.2820168046875 0.0299187703125 0.2892127890625 0.034453834375 0.29597608124999997 0.0393981671875 0.29493007968749996 0.0496960984375 0.2850287796875 0.0502417890625 0.27461638593750004 0.0533720953125 0.270865065625 0.06625464375 0.2676248390625 0.065620475 0.261065984375 0.0498804671875 0.2628513328125 0.0424399953125 0.2742075109375 0.042030728125 0.2820168046875
0 0.25410960781249997 0.45235651250000003 0.2624570921875 0.44235299375 0.2576491828125 0.4407958984375 0.2482582625 0.4520498578125 0.24757615 0.46506534843749997 0.23909224375 0.47767196562500003 0.238546553125 0.4880843578125 0.2485236953125 0.502963603125 0.26231325625 0.501076034375 0.2716562296875 0.509396421875 0.2902537 0.50906595 0.2858550578125 0.49969955937500005 0.2740159453125 0.501689346875 0.264672971875 0.49336895781249995 0.2508834109375 0.495256525 0.24621192500000003 0.49109633124999996 0.244807165625 0.48058171875 0.25537794375 0.4654742234375 0.25410960781249997 0.45235651250000003
0 0.3924510671875 0.8354823828125 0.39322165625 0.839438140625 0.399209425 0.837141696875 0.4046515015625 0.8452576484375 0.40959583437499997 0.8442116453124999 0.4012962953125 0.8346408171874999 0.3924510671875 0.8354823828125
0 0.4363638328125 0.7999351578125 0.425022465625 0.8110868984374999 0.4287869390625 0.813894434375 0.44389278125000003 0.8055502296875 0.44507263906250005 0.8016966921875 0.4363638328125 0.7999351578125
0 0.23964881249999997 0.728284934375 0.22740043281250003 0.7380840156249999 0.22699116406250003 0.7458933109375 0.23243324062499998 0.7540092625 0.23297893125 0.74359686875 0.24209700625 0.73754910625 0.245363734375 0.7311946890625001 0.245773003125 0.72338539375 0.2500831671875 0.7157805359375 0.24944899999999998 0.7092216812500001 0.2443682453125 0.7128707828125 0.23964881249999997 0.728284934375
0 0.6023106031250001 0.6376608218750001 0.61274495625 0.625156421875 0.608346315625 0.61579003125 0.6089804828125 0.6223488875000001 0.6004965765625 0.634955503125 0.5999508859375 0.6453678968750001 0.601901334375 0.645470115625 0.6023106031250001 0.6376608218750001
0 0.5882002515625 0.6643289328125 0.5844357765625 0.6615213953125 0.5771317296875 0.670274475 0.576858884375 0.675480671875 0.5807597796875 0.675685109375 0.5888344187500001 0.6708877859375 0.5882002515625 0.6643289328125
0 0.6131468109375 0.6734670687500001 0.6058427625 0.6822201484375 0.6085638015625 0.6862781250000001 0.61273754375 0.6812763625 0.6252108234375 0.685845434375 0.6170477078125 0.67367150625 0.6131468109375 0.6734670687500001
0 0.586515234375 0.7151404593749999 0.5923665796875001 0.715447115625 0.59667674375 0.7078422578125 0.59554483125 0.6921214484375 0.5928237921874999 0.6880634718749999 0.585022 0.6876545968750001 0.5838421406250001 0.6915081359374999 0.5904640765625 0.6957705484375001 0.5929122703124999 0.7050347218749999 0.586515234375 0.7151404593749999
0 0.6595557171875 0.6276096703125 0.656834678125 0.62355169375 0.6490328843750001 0.6231428203125 0.6438157078125 0.6293950203125 0.6435428625 0.6346012156249999 0.6462639 0.6386591921875 0.65315868125 0.6377154078125 0.6595557171875 0.6276096703125
0 0.649066003125 0.7158083578125 0.6532397453125001 0.7108065984375 0.6522442546875 0.692482690625 0.6496596390625 0.6858216171875 0.64199426875 0.68280964375 0.6346902203125 0.6915627234375 0.6462564875 0.6947791328124999 0.64335108125 0.712898603125 0.649066003125 0.7158083578125
0 0.63257023125 0.601398065625 0.6394650109375 0.60045428125 0.6436387531250001 0.595452521875 0.6440480203125001 0.5876432281249999 0.6405563921875 0.5796294953125 0.640965659375 0.5718202015625 0.6381081984375 0.5703653234375 0.6266304078125 0.5841201609375 0.6260847187499999 0.594532553125 0.63257023125 0.601398065625
0 0.455654778125 0.35720400625000004 0.4605991109375 0.356158003125 0.46268598125000004 0.353657125 0.461008378125 0.348348709375 0.45465928906249997 0.3388800984375 0.44880794375 0.33857344375 0.4376029984375 0.3471220859375 0.44018761562500003 0.353783159375 0.45216314999999996 0.3491902734375 0.455654778125 0.35720400625000004
0 0.49760968281249995 0.37767450625 0.496429825 0.38152804218749997 0.503685928125 0.3923493109375 0.5014626343749999 0.3974532890625 0.49443143125000005 0.401000171875 0.48885293125 0.39548731875 0.47715024218749996 0.39487400625 0.4688027578125 0.404877525 0.4638584265625 0.40592352812500004 0.4664430421875 0.4125846 0.4733378234375 0.4116408171875 0.47855499999999995 0.40538861875 0.49778663749999996 0.41161700156250003 0.505227109375 0.400260825 0.5056363765625 0.3924515296875 0.5105807078125 0.391405528125 0.513983859375 0.3824480109375 0.5094487953125 0.37568471875 0.49760968281249995 0.37767450625
0 0.8433956031250001 0.6463801796875 0.8522408312499999 0.6455386125 0.8565509953125 0.6379337546875 0.857233109375 0.6249182640625001 0.86989075625 0.6073098875 0.8692565890624999 0.60075103125 0.8537414796875 0.61690453125 0.848885625 0.6349217828125 0.8408109859374999 0.6397191046875 0.8433956031250001 0.6463801796875
0 0.8428019671874999 0.67636691875 0.8343180609375 0.6889735359375 0.8370390999999999 0.693031509375 0.8419834312500001 0.6919855078125 0.8455230046875 0.6804248937499999 0.8513743500000001 0.68073155 0.8634863078125001 0.6735355671875001 0.870653934375 0.6673855859375 0.8709267781250001 0.662179390625 0.850106015625 0.667613840625 0.842986334375 0.6541894734375 0.8428019671874999 0.67636691875
0 0.762936890625 0.57690731875 0.7652486609375 0.5887745890625 0.7690131359375 0.5915821234374999 0.770104515625 0.5707573375 0.763619003125 0.563891825 0.75971810625 0.5636873875 0.7513706234375 0.57369090625 0.7362647812499999 0.5820351125000001 0.7368989499999999 0.5885939671875 0.7447007421875 0.589002840625 0.762936890625 0.57690731875