0 0.48828125 0.845864634375 0.48828125 0.8510779749999999 0.4912109375 0.8549879812500001 0.494140625 0.8536846453125 0.490234375 0.8432579625000001 0.4833984375 0.8367412859375 0.482421875 0.8406512921875 0.48828125 0.845864634375
0 0.53515625 0.9605581437499999 0.533203125 0.9761981671875001 0.537109375 0.9761981671875001 0.5390625 0.9631648140625 0.544921875 0.957951471875 0.5458984375 0.951434796875 0.53515625 0.9605581437499999
0 0.5859375 0.6138709437500001 0.5869140625 0.6203876203124999 0.60546875 0.6216909562499999 0.6044921875 0.615174278125 0.5986328125 0.61778095 0.5927734375 0.6099609375 0.5859375 0.6138709437500001
0 0.58984375 0.6920710640625 0.5927734375 0.69598106875 0.595703125 0.694677734375 0.5966796875 0.664701021875 0.591796875 0.6712176984375 0.58984375 0.6868577218749999 0.58984375 0.6920710640625
0 0.5458984375 0.90712139375 0.53515625 0.9214580828125 0.5458984375 0.9410081140625 0.55078125 0.9397047781250001 0.544921875 0.9214580828125 0.548828125 0.9136380718750001 0.548828125 0.9084247296875001 0.5458984375 0.90712139375
0 0.8984375 0.374057240625 0.8984375 0.3662372296875 0.8916015625 0.359720553125 0.892578125 0.3688439 0.888671875 0.374057240625 0.888671875 0.381877253125 0.892578125 0.3870905953125 0.890625 0.4001239484375 0.89453125 0.4001239484375 0.8984375 0.397517278125 0.8984375 0.3870905953125 0.89453125 0.3792705828125 0.8984375 0.374057240625
0 0.7412109375 0.9123347359375 0.759765625 0.9110314 0.7548828125 0.8993013828124999 0.7392578125 0.8966947109375001 0.736328125 0.9006047171875 0.7412109375 0.9123347359375
0 0.43359375 0.8875713640624999 0.4267578125 0.8836613578125 0.431640625 0.8953913765625 0.4296875 0.9214580828125 0.439453125 0.9344914359375001 0.44140625 0.9292780953124999 0.435546875 0.9162447406249999 0.4375 0.897998046875 0.43359375 0.8875713640624999
0 0.8388671875 0.268487078125 0.8359375 0.2723970859375 0.8359375 0.28282376875000004 0.830078125 0.288037109375 0.8330078125 0.2945537859375 0.83984375 0.295857121875 0.84765625 0.280217096875 0.84765625 0.2723970859375 0.8447265625 0.268487078125 0.8388671875 0.268487078125
0 0.6630859375 0.7637545078125 0.658203125 0.7676645140625 0.658203125 0.775484525 0.6630859375 0.7820012015625 0.6708984375 0.7846078734375 0.6728515625 0.7820012015625 0.6787109375 0.7898212140624999 0.681640625 0.788517878125 0.681640625 0.778091196875 0.6767578125 0.7715745187499999 0.6669921875 0.7689678484375 0.6630859375 0.7637545078125
0 0.6552734375 0.5995342546875 0.646484375 0.60605093125 0.646484375 0.6242976265625 0.63671875 0.634724309375 0.63671875 0.63993765 0.640625 0.63993765 0.654296875 0.6295109671875 0.654296875 0.6138709437500001 0.658203125 0.60605093125 0.6552734375 0.5995342546875
0 0.6220703125 0.9592548078125 0.6142578125 0.9618614781250001 0.59375 0.9892315203125 0.6025390625 0.99053485625 0.6162109375 0.9853215140625 0.626953125 0.9892315203125 0.6279296875 0.98271484375 0.6142578125 0.98271484375 0.611328125 0.9788048375 0.6220703125 0.9592548078125
0 0.6884765625 0.9566481359375001 0.68359375 0.9605581437499999 0.681640625 0.9709848265625001 0.671875 0.9840181781249999 0.6767578125 0.995748196875 0.68359375 0.9970515328125 0.681640625 0.9892315203125 0.69140625 0.9761981671875001 0.69140625 0.9631648140625 0.6884765625 0.9566481359375001
0 0.6220703125 0.873234675 0.6171875 0.8745380109375 0.615234375 0.890178034375 0.60546875 0.9032113890625 0.607421875 0.9162447406249999 0.615234375 0.9214580828125 0.6171875 0.9188514124999999 0.61328125 0.9084247296875001 0.623046875 0.897998046875 0.6220703125 0.873234675
0 0.4951171875 0.9253680890625 0.4853515625 0.9331881015624999 0.4794921875 0.9331881015624999 0.46484375 0.9553448015624999 0.46875 0.9553448015624999 0.4853515625 0.951434796875 0.490234375 0.9397047781250001 0.5 0.9292780953124999 0.4951171875 0.9253680890625
0 0.544921875 0.8119779140625001 0.5244140625 0.810674578125 0.517578125 0.822404596875 0.517578125 0.8354379515625 0.521484375 0.8380446218750001 0.5244140625 0.826314603125 0.5380859375 0.826314603125 0.544921875 0.8171912562499999 0.544921875 0.8119779140625001
0 0.7001953125 0.81328125 0.6962890625 0.808067909375 0.6796875 0.8119779140625001 0.6806640625 0.8184945906250001 0.6865234375 0.815887921875 0.7001953125 0.8289212734375001 0.703125 0.8380446218750001 0.71484375 0.8510779749999999 0.716796875 0.8406512921875 0.712890625 0.8354379515625 0.7119140625 0.810674578125 0.7001953125 0.81328125
0 0.544921875 0.7468111484375 0.54296875 0.7598445015624999 0.5498046875 0.7715745187499999 0.5556640625 0.7715745187499999 0.55859375 0.7676645140625 0.5576171875 0.758541165625 0.5595703125 0.7611478359375 0.5673828125 0.758541165625 0.56640625 0.775484525 0.5712890625 0.7820012015625 0.57421875 0.780697865625 0.576171875 0.75723783125 0.5732421875 0.7481144828125 0.5693359375 0.7455078125 0.544921875 0.7468111484375
0 0.69140625 0.9110314 0.6787109375 0.8993013828124999 0.669921875 0.905818059375 0.666015625 0.9188514124999999 0.66796875 0.9240647531249999 0.666015625 0.9449181187500001 0.6689453125 0.951434796875 0.67578125 0.95273813125 0.68359375 0.9423114484375 0.681640625 0.931884765625 0.69140625 0.9188514124999999 0.69140625 0.9110314
0 0.501953125 0.8119779140625001 0.505859375 0.804157903125 0.5029296875 0.800247896875 0.4892578125 0.800247896875 0.486328125 0.788517878125 0.474609375 0.780697865625 0.4736328125 0.7637545078125 0.46875 0.7676645140625 0.466796875 0.7911245484375 0.48046875 0.8276179390625 0.486328125 0.8276179390625 0.4931640625 0.8184945906250001 0.5029296875 0.826314603125 0.505859375 0.822404596875 0.501953125 0.8119779140625001
0 0.4541015625 0.406640625 0.4501953125 0.41185396562500004 0.44140625 0.4131573015625 0.4443359375 0.41967397812499996 0.44921875 0.41837064375 0.4560546875 0.41185396562500004 0.4599609375 0.41446063593750004 0.4609375 0.41055063125 0.4541015625 0.406640625
0 0.4658203125 0.31019380937499996 0.462890625 0.321923828125 0.4580078125 0.325833834375 0.4560546875 0.3232271640625 0.44921875 0.3323505109375 0.451171875 0.33495718124999996 0.4541015625 0.331047175 0.4619140625 0.331047175 0.466796875 0.32453049843750004 0.4658203125 0.31019380937499996
0 0.349609375 0.254150390625 0.359375 0.261970403125 0.3583984375 0.265880409375 0.353515625 0.26718374375 0.3544921875 0.27109375 0.357421875 0.2697904140625 0.36328125 0.26457707343750003 0.36328125 0.2567570609375 0.3486328125 0.2476337140625 0.349609375 0.254150390625
0 0.4384765625 0.30498046875 0.443359375 0.303677134375 0.44921875 0.288037109375 0.4462890625 0.2815204328125 0.435546875 0.295857121875 0.4384765625 0.30498046875
0 0.4150390625 0.182466946875 0.408203125 0.1968036359375 0.4130859375 0.19550030000000002 0.416015625 0.2046236484375 0.4267578125 0.2189603359375 0.431640625 0.21765700156249998 0.41796875 0.2020169765625 0.416015625 0.1968036359375 0.421875 0.1889836234375 0.4150390625 0.182466946875
0 0.3876953125 0.37275390625 0.3779296875 0.3910006015625 0.3662109375 0.3910006015625 0.361328125 0.4001239484375 0.36328125 0.4053372890625 0.3681640625 0.3988206140625 0.3837890625 0.3962139421875 0.390625 0.374057240625 0.3876953125 0.37275390625
0 0.4462890625 0.20592698281250002 0.443359375 0.20983698906249998 0.447265625 0.22287034218750001 0.4453125 0.24893704843750003 0.455078125 0.25936373125 0.44921875 0.2437237078125 0.453125 0.233297025 0.453125 0.220263671875 0.4462890625 0.20592698281250002
0 0.4091796875 0.404033953125 0.40625 0.41055063125 0.40625 0.41837064375 0.4111328125 0.4222806484375 0.4169921875 0.41706730781249995 0.4228515625 0.4222806484375 0.4296875 0.4209773140625 0.4296875 0.41055063125 0.4228515625 0.404033953125 0.4150390625 0.40142728437499997 0.4091796875 0.404033953125
0 0.2578125 0.720744440625 0.2548828125 0.7142277640625 0.248046875 0.710317759375 0.2529296875 0.71944110625 0.2578125 0.720744440625
0 0.1650390625 0.5004807687499999 0.1728515625 0.5004807687499999 0.17578125 0.504390775 0.16796875 0.5174241281249999 0.16796875 0.5226374703125 0.171875 0.5226374703125 0.1796875 0.5017841046875 0.1748046875 0.495267428125 0.1669921875 0.495267428125 0.1650390625 0.5004807687499999
0 0.216796875 0.465290715625 0.220703125 0.47050405624999997 0.21875 0.49396409218750004 0.2265625 0.5017841046875 0.22265625 0.49396409218750004 0.2265625 0.47050405624999997 0.2177734375 0.4587740390625 0.216796875 0.465290715625
0 0.1494140625 0.5265474765625 0.146484375 0.53045748125 0.1474609375 0.5343674890625 0.1572265625 0.5343674890625 0.1650390625 0.5526141828125 0.173828125 0.551310846875 0.166015625 0.54609750625 0.166015625 0.53827749375 0.1611328125 0.5291541468750001 0.1494140625 0.5265474765625
0 0.2470703125 0.6933743984375 0.25 0.6868577218749999 0.2333984375 0.680341046875 0.23046875 0.6920710640625 0.220703125 0.6998910765625 0.2236328125 0.70380108125 0.228515625 0.702497746875 0.232421875 0.6998910765625 0.2353515625 0.6881610578124999 0.2412109375 0.6933743984375 0.2470703125 0.6933743984375
0 0.16796875 0.60605093125 0.1708984375 0.615174278125 0.1826171875 0.615174278125 0.1943359375 0.6282076328125 0.20703125 0.6295109671875 0.2021484375 0.6203876203124999 0.1943359375 0.61778095 0.1884765625 0.6073542671875 0.16796875 0.60605093125