0 0.3828125 0.822404596875 0.3798828125 0.815887921875 0.375 0.8171912562499999 0.3798828125 0.8237079328125001 0.3828125 0.822404596875
0 0.357421875 0.8745380109375 0.3544921875 0.8654146640624999 0.3515625 0.871931340625 0.3544921875 0.8758413468749999 0.357421875 0.8745380109375
0 0.533203125 0.8119779140625001 0.5322265625 0.808067909375 0.521484375 0.80937124375 0.5244140625 0.81328125 0.533203125 0.8119779140625001
0 0.3623046875 0.886268028125 0.365234375 0.88496469375 0.3662109375 0.8810546875 0.3603515625 0.8758413468749999 0.357421875 0.8771446812500001 0.3623046875 0.886268028125
0 0.515625 0.9006047171875 0.515625 0.8875713640624999 0.5107421875 0.886268028125 0.51171875 0.9006047171875 0.515625 0.9006047171875
0 0.4921875 0.830224609375 0.5 0.82501126875 0.4990234375 0.815887921875 0.490234375 0.8276179390625 0.4921875 0.830224609375
0 0.494140625 0.6998910765625 0.498046875 0.6998910765625 0.505859375 0.694677734375 0.5029296875 0.690767728125 0.4951171875 0.6933743984375 0.494140625 0.6998910765625
0 0.3046875 0.660791015625 0.306640625 0.66600435625 0.3095703125 0.65948768125 0.31640625 0.6555776734375 0.3193359375 0.6412409859375 0.3046875 0.660791015625
0 0.474609375 0.93709810625 0.4677734375 0.9253680890625 0.4609375 0.9266714234375 0.4619140625 0.9384014421875 0.474609375 0.93709810625
0 0.33984375 0.8328312796875 0.33984375 0.8406512921875 0.345703125 0.8432579625000001 0.349609375 0.8354379515625 0.3388671875 0.8211012609375 0.3359375 0.8276179390625 0.33984375 0.8328312796875
0 0.6220703125 0.9279747593750001 0.6328125 0.9266714234375 0.6259765625 0.9227614187500001 0.6181640625 0.909728065625 0.609375 0.9084247296875001 0.6220703125 0.9279747593750001
0 0.6015625 0.897998046875 0.6044921875 0.9019080531249999 0.611328125 0.9006047171875 0.609375 0.8875713640624999 0.6025390625 0.8810546875 0.599609375 0.890178034375 0.6015625 0.897998046875
0 0.4287109375 0.7715745187499999 0.4248046875 0.77939453125 0.412109375 0.7859112078125 0.4130859375 0.7898212140624999 0.423828125 0.788517878125 0.4296875 0.7833045375000001 0.43359375 0.775484525 0.4326171875 0.7715745187499999 0.4287109375 0.7715745187499999
0 0.3369140625 0.6933743984375 0.33203125 0.7051044171874999 0.33203125 0.7259577828125 0.3349609375 0.7298677890625 0.341796875 0.728564453125 0.341796875 0.7233511109374999 0.3359375 0.720744440625 0.337890625 0.7181377703125 0.3369140625 0.6933743984375
0 0.3076171875 0.826314603125 0.296875 0.8536846453125 0.2998046875 0.8549879812500001 0.3056640625 0.8445612984374999 0.3193359375 0.84716796875 0.32421875 0.8615046578125 0.322265625 0.8406512921875 0.3193359375 0.8367412859375 0.3115234375 0.8367412859375 0.3076171875 0.826314603125
0 0.330078125 0.67382436875 0.3232421875 0.6699143640624999 0.3212890625 0.6620943515625 0.3173828125 0.6620943515625 0.314453125 0.6686110281250001 0.31640625 0.6764310390625 0.310546875 0.6868577218749999 0.310546875 0.6920710640625 0.314453125 0.6920710640625 0.3173828125 0.6855543859375001 0.3232421875 0.690767728125 0.330078125 0.6868577218749999 0.330078125 0.67382436875
0 0.3466796875 0.7820012015625 0.349609375 0.775484525 0.3232421875 0.77939453125 0.322265625 0.7833045375000001 0.328125 0.7989445609375 0.3369140625 0.810674578125 0.34375 0.80937124375 0.337890625 0.80155123125 0.341796875 0.7937312203125 0.337890625 0.788517878125 0.3466796875 0.7820012015625
0 0.39453125 0.2906437796875 0.39453125 0.2776104265625 0.400390625 0.2697904140625 0.3974609375 0.2632737390625 0.390625 0.2723970859375 0.3876953125 0.2867337734375 0.3759765625 0.29716045625 0.3662109375 0.29716045625 0.359375 0.303677134375 0.3603515625 0.3075871390625 0.37890625 0.30628380312500003 0.3857421875 0.29976712656250004 0.3955078125 0.29976712656250004 0.3984375 0.295857121875 0.39453125 0.2906437796875
0 0.5615234375 0.909728065625 0.5625 0.9032113890625 0.5556640625 0.8993013828124999 0.5498046875 0.886268028125 0.5439453125 0.886268028125 0.5400390625 0.894088040625 0.5283203125 0.8966947109375001 0.5224609375 0.9019080531249999 0.51171875 0.9188514124999999 0.5126953125 0.9227614187500001 0.51953125 0.9214580828125 0.5322265625 0.9045147234375 0.5419921875 0.9045147234375 0.5498046875 0.8993013828124999 0.5615234375 0.909728065625
0 0.373046875 0.5565241890625 0.3681640625 0.5526141828125 0.3623046875 0.5578275234375 0.3486328125 0.555220853125 0.3369140625 0.56043419375 0.3330078125 0.555220853125 0.3271484375 0.555220853125 0.322265625 0.559130859375 0.3203125 0.5695575421875 0.3251953125 0.5786808890625 0.328125 0.577377553125 0.326171875 0.566950871875 0.3291015625 0.563040865625 0.3310546875 0.5656475359375001 0.3388671875 0.563040865625 0.337890625 0.574770884375 0.341796875 0.577377553125 0.3486328125 0.5656475359375001 0.3623046875 0.56825420625 0.3701171875 0.563040865625 0.373046875 0.5565241890625
0 0.876953125 0.6321176390625001 0.8759765625 0.6256009609375 0.869140625 0.6242976265625 0.8720703125 0.6334209734375 0.876953125 0.6321176390625001
0 0.8916015625 0.5865009015625 0.89453125 0.5851975656249999 0.900390625 0.574770884375 0.8994140625 0.5708608765625 0.890625 0.5825908953125001 0.8916015625 0.5865009015625
0 0.728515625 0.5122107875 0.7177734375 0.5004807687499999 0.71484375 0.5017841046875 0.7197265625 0.5109074515625001 0.728515625 0.5122107875
0 0.82421875 0.48093073906250006 0.8212890625 0.4744140625 0.8115234375 0.4744140625 0.80859375 0.47832406875 0.82421875 0.48093073906250006
0 0.8525390625 0.5187274640624999 0.841796875 0.5278508109375 0.8447265625 0.5317608171875 0.849609375 0.53045748125 0.8525390625 0.5265474765625 0.8583984375 0.5265474765625 0.859375 0.5226374703125 0.8525390625 0.5187274640624999
0 0.90234375 0.54609750625 0.900390625 0.5643442015625 0.904296875 0.5643442015625 0.908203125 0.54609750625 0.8994140625 0.5343674890625 0.8984375 0.5408841640625 0.90234375 0.54609750625
0 0.7548828125 0.5786808890625 0.7509765625 0.57607421875 0.748046875 0.579984225 0.7607421875 0.5995342546875 0.771484375 0.59823091875 0.7705078125 0.5943209140625 0.7646484375 0.5943209140625 0.7587890625 0.589107571875 0.7548828125 0.5786808890625
0 0.71875 0.5695575421875 0.7138671875 0.563040865625 0.7099609375 0.563040865625 0.70703125 0.566950871875 0.712890625 0.5721642124999999 0.7109375 0.5878042359375 0.7158203125 0.5943209140625 0.728515625 0.593017578125 0.7255859375 0.5865009015625 0.7197265625 0.5865009015625 0.716796875 0.5825908953125001 0.71875 0.5695575421875
0 0.7607421875 0.404033953125 0.7568359375 0.404033953125 0.75 0.4131573015625 0.75 0.423583984375 0.744140625 0.4340106671875 0.74609375 0.4470440203125 0.75390625 0.4548640328125 0.75 0.4340106671875 0.755859375 0.423583984375 0.755859375 0.4131573015625 0.7607421875 0.404033953125
0 0.7119140625 0.5265474765625 0.7080078125 0.5187274640624999 0.7041015625 0.5187274640624999 0.69921875 0.525244140625 0.69921875 0.53045748125 0.7060546875 0.5369741593749999 0.7109375 0.5356708234374999 0.7236328125 0.5343674890625 0.724609375 0.53045748125 0.7216796875 0.5265474765625 0.7119140625 0.5265474765625
0 0.8232421875 0.589107571875 0.8154296875 0.5786808890625 0.80859375 0.577377553125 0.8095703125 0.5838942312500001 0.8154296875 0.5865009015625 0.8212890625 0.596927584375 0.8291015625 0.5995342546875 0.8408203125 0.61778095 0.8544921875 0.622994290625 0.861328125 0.6216909562499999 0.865234375 0.619084284375 0.8427734375 0.6073542671875 0.8310546875 0.5917142421875 0.8232421875 0.589107571875
0 0.7568359375 0.826314603125 0.765625 0.8276179390625 0.767578125 0.82501126875 0.7626953125 0.8211012609375 0.755859375 0.822404596875 0.7568359375 0.826314603125
0 0.7607421875 0.7976412265625 0.763671875 0.80155123125 0.763671875 0.7937312203125 0.7607421875 0.7898212140624999 0.748046875 0.796337890625 0.7607421875 0.7976412265625
0 0.7529296875 0.886268028125 0.765625 0.88496469375 0.7548828125 0.8810546875 0.7490234375 0.873234675 0.744140625 0.8745380109375 0.7529296875 0.886268028125
0 0.7744140625 0.8184945906250001 0.791015625 0.822404596875 0.79296875 0.8197979265625 0.7900390625 0.815887921875 0.7734375 0.8145845859374999 0.7744140625 0.8184945906250001
0 0.7919921875 0.8784480171875 0.7890625 0.8797513515625001 0.7978515625 0.894088040625 0.8076171875 0.8966947109375001 0.81640625 0.905818059375 0.8193359375 0.91494140625 0.82421875 0.9162447406249999 0.826171875 0.9136380718750001 0.8115234375 0.8914813703125001 0.7978515625 0.8888747 0.7919921875 0.8784480171875
0 0.6806640625 0.7611478359375 0.6728515625 0.7637545078125 0.66796875 0.7702711843750001 0.6640625 0.7911245484375 0.6640625 0.7989445609375 0.666015625 0.7989445609375 0.671875 0.7911245484375 0.673828125 0.7728778546874999 0.681640625 0.7650578421875001 0.6806640625 0.7611478359375
0 0.7353515625 0.8341346156249999 0.712890625 0.8354379515625 0.71484375 0.8432579625000001 0.7197265625 0.84716796875 0.7333984375 0.8445612984374999 0.7392578125 0.8497746390625001 0.75 0.848471303125 0.75390625 0.8432579625000001 0.7529296875 0.8367412859375 0.7412109375 0.8393479562499999 0.7353515625 0.8341346156249999