0 0.6771623046874999 0.506909975 0.6829595578125 0.512192309375 0.69213500625 0.512209871875 0.6765498328125 0.5010826984375 0.6771623046874999 0.506909975
0 0.7664360640625001 0.4710145 0.7624453984375 0.47045199374999996 0.7526883078125 0.47736915468749996 0.737133959375 0.4790039828125 0.7373381171875 0.480946409375 0.7556890125 0.48098153593750004 0.7664360640625001 0.4710145
0 0.3438414484375 0.2532525546875 0.3474238 0.249930209375 0.346811328125 0.2441029328125 0.3396157984375 0.237985621875 0.3342268609375 0.23658813906249998 0.329246234375 0.23907550624999999 0.32985870624999997 0.24490278437500002 0.3438414484375 0.2532525546875
0 0.43747578593750003 0.3710636078125 0.4466204078125 0.35831916875 0.4546017390625 0.35944418125 0.4577757734375 0.352236984375 0.43823076250000004 0.35330930625 0.43226017812500006 0.35884654843749997 0.43467923906249994 0.369393653125 0.43747578593750003 0.3710636078125
0 0.678691459375 0.3967717859375 0.6862336484375 0.3812499453125 0.6740574968749999 0.37762000156250003 0.6637187578125 0.3914718890625 0.665525346875 0.3961917171875 0.6711184421875 0.3995316265625 0.678691459375 0.3967717859375
0 0.593080903125 0.380239334375 0.6114317953125 0.3802744609375 0.6171982234375 0.37279479375 0.5896718812499999 0.3727421046875 0.5727500875 0.38630395625 0.5833238093750001 0.387156496875 0.593080903125 0.380239334375
0 0.42713299843749997 0.135502734375 0.4498212234375 0.11446121406250001 0.436859265625 0.11582357031249998 0.41635512031250005 0.13270776875 0.4189783375 0.1451972984375 0.42556139374999996 0.14548733281249998 0.42713299843749997 0.135502734375
0 0.73520001875 0.1738233859375 0.7274536734375 0.1874028015625 0.7328426109375 0.18880028437500002 0.7416097453125 0.184932996875 0.7451612703125 0.16884865 0.7618789078125 0.153344371875 0.7572757703125 0.1469545890625 0.7453346015625 0.1580290734375 0.73656746875 0.16189636093749998 0.73520001875 0.1738233859375
0 0.3965175234375 0.34296441875 0.385158 0.347104178125 0.3791874140625 0.3526414203125 0.3802081984375 0.3623535484375 0.37683000624999996 0.36761831875 0.369256990625 0.370378159375 0.356090878125 0.3697980890625 0.34394555000000004 0.3789301484375 0.330983596875 0.3802925046875 0.331187753125 0.3822349296875 0.33678085 0.3855748390625 0.3471504140625 0.384484953125 0.35690750625 0.3775677921875 0.3748500859375 0.3737180671875 0.409479478125 0.34160206249999997 0.41562339374999996 0.3252452453125 0.406652103125 0.32717010625 0.3965175234375 0.34296441875
0 0.6243128984374999 0.4280176875 0.6061661609375 0.4299249859375 0.5872027953125001 0.42406258281250003 0.581028053125 0.4276574 0.582630484375 0.4304348015625 0.600808046875 0.44128950468749994 0.6020638171875 0.4657060609375 0.6072485984375 0.46516111718750003 0.6132191828125 0.459623875 0.612198396875 0.4499117484375 0.6157807484375 0.44658940312500006 0.6373056796875 0.43941733281250006 0.6243128984374999 0.4280176875
0 0.3556057578125 0.66443158125 0.36396457656250003 0.6566794421875 0.3623621453125 0.6539020390625 0.35618740312499997 0.65749685625 0.3556057578125 0.66443158125
0 0.47997887656250005 0.62582895625 0.48516365937500006 0.6252840140625 0.4885418515625 0.6200192437500001 0.48414287343750007 0.6155718859375 0.47997887656250005 0.62582895625
0 0.4500951265625 0.640753165625 0.45289167656249996 0.64242311875 0.469027665625 0.6338535671875001 0.45725982812500005 0.634108475 0.4500951265625 0.640753165625
0 0.265007 0.8124076718750001 0.261016334375 0.8118451656250001 0.2488710078125 0.820977225 0.2436862265625 0.8215221671874999 0.244094540625 0.82540701875 0.2568523390625 0.8221022359375001 0.265007 0.8124076718750001
0 0.4305117125 0.7910846578124999 0.42850096718749997 0.7844224046875 0.42471445937499996 0.7858023249999999 0.42652104843750005 0.790522153125 0.43092002812499997 0.794969509375 0.42894010781249997 0.8010692578124999 0.43214497031250004 0.8066240625000001 0.43633979375000004 0.8091289953125 0.44411696718749993 0.8083115812500001 0.4371255953125 0.8041366953125 0.436104809375 0.7944245671875 0.4305117125 0.7910846578124999
0 0.3904701328125 0.6470200046875 0.4000538953125 0.65092241875 0.4006663671875 0.6567496953124999 0.4048611875 0.659254628125 0.4048303625 0.646492625 0.396644875 0.6434251875 0.3970223625 0.6345480375 0.38845938750000003 0.64035775 0.3904701328125 0.6470200046875
0 0.4450953015625 0.71787011875 0.4377264421875 0.722572384375 0.440522990625 0.7242423390625 0.45328078906249997 0.72093755625 0.470264234375 0.7328997078125 0.47804140781250004 0.73208229375 0.4889926171875 0.7240576843750001 0.4748365453125 0.7265274890625 0.46064964843749995 0.7162352921874999 0.4450953015625 0.71787011875
0 0.1814647921875 0.5786487171875 0.1778824421875 0.5819710625 0.179484871875 0.5847484640625 0.19981568593750001 0.57868384375 0.205786271875 0.5731466015625 0.20496964218749997 0.5653768984374999 0.1991723890625 0.5600945640625 0.1995498765625 0.5512174140625 0.1909869015625 0.557027128125 0.197804940625 0.5720215890625 0.1814647921875 0.5786487171875
0 0.2346532828125 0.797923025 0.235816575 0.784053575 0.21763901093750002 0.773198871875 0.2130667 0.7795710921875 0.2172615234375 0.7820760234375 0.21667987812499998 0.7890107484375 0.22145634531249997 0.7845809546875 0.22803940156250002 0.7848709890625 0.22687611093750001 0.7987404390624999 0.24007304999999998 0.8120825109375 0.24065469374999998 0.8051477859375 0.2346532828125 0.797923025
0 0.317004903125 0.62135549375 0.2990623234375 0.62520521875 0.2876719734375 0.6165829765625 0.27191346875 0.616275378125 0.26972939218750003 0.6204327000000001 0.28009895625 0.619342815625 0.2942858546875 0.6296350125 0.312432590625 0.6277277140625 0.320036434375 0.6377298765625 0.32423125625 0.6402348078125 0.3278136078125 0.6369124625 0.32420042968749996 0.62747280625 0.317004903125 0.62135549375
0 0.4769589703125 0.6968461625 0.46877348281250003 0.693778725 0.460996309375 0.6945961390625001 0.46120046718749996 0.6965385640624999 0.47078422968750006 0.700440978125 0.477398109375 0.713493015625 0.4921666546875 0.7168504875 0.4997704953125 0.72685265 0.5037611625 0.72741515625 0.5037303359374999 0.714653153125 0.48176626562499997 0.7051783703125001 0.4769589703125 0.6968461625
0 0.24606283437499998 0.7319156828125 0.252064246875 0.7391404421875001 0.2413171921875 0.749107478125 0.2347341375 0.7488174437499999 0.228120253125 0.7357654078125 0.23746903281249998 0.72496339375 0.234845815625 0.7124738640625 0.23126346562500003 0.715796209375 0.2344683265625 0.7213510140625 0.23228425156250002 0.7255083359375 0.222731315625 0.7343679234375 0.22474206093750002 0.741030178125 0.2341524921875 0.7557521687500001 0.24452205624999998 0.7546622828125 0.2590556171875 0.743315328125 0.273620003125 0.7447303749999999 0.2636279265625 0.7369431093750001 0.251451775 0.733313165625 0.24664448125 0.7249809578125 0.24606283437499998 0.7319156828125
0 0.273955040625 0.635699634375 0.2701685328125 0.637079553125 0.26818861250000003 0.6431793015625 0.272210103125 0.656503809375 0.265249559375 0.665090925 0.26906689375 0.6764730078125 0.2479502765625 0.687529928125 0.24856274687500002 0.69335720625 0.2611163890625 0.6881099984375 0.268281090625 0.6814653078124999 0.2818555171875 0.6859302281249999 0.285642025 0.6845503078124999 0.27343504687500003 0.6681583625 0.28257966875 0.6554139250000001 0.2817630390625 0.647644221875 0.273955040625 0.635699634375
0 0.4366131796875 0.67457425 0.43241835625 0.67206931875 0.411883384375 0.676191515625 0.3979622953125 0.693365746875 0.3863986140625 0.69556308125 0.4001771984375 0.7019704265625 0.39880974999999996 0.7138974515625 0.384480346875 0.7271868328125 0.3864910921875 0.7338490859375 0.40460700312500003 0.7191797859375 0.4081585296875 0.7030954390625 0.41811977968749997 0.6981207015625001 0.4127308390625 0.69672321875 0.41669067968749995 0.6845237234375 0.42266126406250004 0.67898648125 0.433030828125 0.6778965953125 0.4366131796875 0.67457425
0 0.2338907296875 0.9776985 0.24187206093750002 0.9788235125 0.24982256406249997 0.967186521875 0.24323950781249998 0.9668964875 0.2338907296875 0.9776985
0 0.265007 0.8124076718750001 0.253647475 0.8165474312500001 0.2464827734375 0.8231921218749999 0.25187171406250003 0.8245896046875 0.2618329625 0.8196148687499999 0.265007 0.8124076718750001
0 0.0811822171875 0.846457559375 0.10052307187500001 0.8434428125 0.098920640625 0.8406654093749999 0.080773903125 0.842572709375 0.0771607265625 0.8331330515625 0.073578375 0.836455396875 0.075589121875 0.8431176515625 0.0811822171875 0.846457559375
0 0.19087927031250002 0.8427834687500001 0.1992380890625 0.8350313296874999 0.1950432671875 0.8325263984375001 0.185286175 0.839443559375 0.17730484375 0.8383185484375 0.17113010312500002 0.8419133640625001 0.172936690625 0.84663319375 0.19087927031250002 0.8427834687500001
0 0.10050387031250001 0.9180723984375 0.102514615625 0.9247346515625001 0.10790355625 0.9261321359375 0.10967931875 0.9180899609375001 0.1226412734375 0.9167276046874999 0.12840769999999999 0.9092479375 0.12162048750000001 0.907015478125 0.11704817812499999 0.913387696875 0.10408622187500001 0.9147500531249999 0.10050387031250001 0.9180723984375
0 0.23062421562500002 0.946619690625 0.2439944859375 0.9491421859375 0.24979173906250002 0.9544245203124999 0.26135541875 0.9522271859375 0.25954883125 0.9475073578125001 0.2365948 0.9410824484375 0.23437989843749998 0.9324777687499999 0.22840931250000002 0.9380150125 0.23062421562500002 0.946619690625
0 0.25020005312500004 0.958309371875 0.2506083671875 0.962194221875 0.27496067343749997 0.9694541093750001 0.28512607968750003 0.9664217984375 0.2934848984375 0.958669659375 0.289290075 0.956164728125 0.28192121718749996 0.9608669921875 0.27414404375 0.9616844062500001 0.2553848359375 0.9577644281250001 0.25020005312500004 0.958309371875
0 0.12573445625 0.958625990625 0.10601611250000001 0.9705178890624999 0.1078227015625 0.9752377171875001 0.120988815625 0.9758177859374999 0.125561125 0.9694455671875 0.1307459078125 0.9689006250000001 0.13671649218749998 0.9633633828124999 0.1400638609375 0.9453366093750001 0.13784895625 0.9367319296875 0.1273060625 0.9486413921875 0.12573445625 0.958625990625
0 0.179346415625 0.857742803125 0.1584031296875 0.8579801484375 0.1474519203125 0.8660047593750001 0.139501415625 0.8776417484374999 0.1283460484375 0.883723934375 0.1301526375 0.8884437625 0.132949184375 0.890113715625 0.1550557609375 0.8760069218750001 0.16201630625000002 0.8674198046875 0.190940921875 0.8683074718749999 0.1969115078125 0.8627702296875001 0.19650319375 0.8588853796875 0.1869194328125 0.8549829640625 0.179346415625 0.857742803125