0 0.1594404328125 0.54405198125 0.1648075015625 0.5362807734375 0.160792865625 0.53592789375 0.15656031718750002 0.5425306765625 0.1514111609375 0.543346221875 0.148007596875 0.5468515 0.149753190625 0.54954123125 0.1594404328125 0.54405198125
0 0.054714 0.61600820625 0.0613032125 0.6159533125000001 0.050611740625 0.606770584375 0.0348587359375 0.6072881453125001 0.0354698078125 0.611146303125 0.048648234375 0.611036515625 0.054714 0.61600820625
0 0.39909870000000003 0.6158434781250001 0.40590582656249996 0.6088329234375001 0.40097458281250004 0.60269280625 0.39469090625000003 0.6046767796875 0.396306209375 0.6232069140625 0.4025898875 0.6212229421875 0.39909870000000003 0.6158434781250001
0 0.3452504703125 0.6174510515625 0.329497465625 0.6179686125 0.3243483078125 0.6187841578125 0.320944746875 0.6222894359375 0.3226903390625 0.6249791671875 0.35245075625 0.621254315625 0.3452504703125 0.6174510515625
0 0.0907580953125 0.61029938125 0.0990929015625 0.6129342203125 0.1042420578125 0.6121186734374999 0.10507104375000001 0.60902116875 0.0892304140625 0.6006539875 0.071601525 0.6143222203125001 0.0736526546875 0.6189410296875 0.0907580953125 0.61029938125
0 0.6851938718749999 0.864184890625 0.6774701359375 0.8654082109375001 0.6729320515625 0.8700819140625 0.659753625 0.8701917015625 0.660364696875 0.8740498593750001 0.6635503468749999 0.8775002437499999 0.673848659375 0.8758691515624999 0.6809613234375 0.8707876734375001 0.6867215515625 0.8738302843750001 0.6944452859375 0.8726069656250001 0.6998123546875 0.8648357578124999 0.6909541 0.8672275031250001 0.6851938718749999 0.864184890625
0 0.1412972546875 0.79608691875 0.13047549218750001 0.80274459375 0.134665375 0.8208669562500001 0.1454871359375 0.8142092796875 0.1456174265625 0.7983688765625 0.1412972546875 0.79608691875
0 0.06138625625000001 0.5081679921875 0.0668409484375 0.509281525 0.07879723281249999 0.5014554234374999 0.097124815625 0.500530090625 0.10681205625000001 0.49504084062500003 0.1096045484375 0.4876774046875 0.098782784375 0.49433508125000003 0.0727314671875 0.4964837328125 0.06138625625000001 0.5081679921875
0 0.7550107296874999 0.796769065625 0.754792815625 0.803724728125 0.7714624296875 0.808994403125 0.7791861640625 0.8077710843749999 0.7825897296875 0.8042658062499999 0.7816731203125 0.7984785703124999 0.777352946875 0.7961966125 0.767054634375 0.7978277046875 0.7609888703125 0.7928560140625 0.7550107296874999 0.796769065625
0 0.24563052812500002 0.7133168750000001 0.2485106421875 0.7148381796875001 0.24170351562499998 0.7218487359375 0.24344910937500003 0.7245384671874999 0.253747421875 0.722907375 0.259420028125 0.7170652453125 0.260466925 0.707012078125 0.265005009375 0.702338375 0.2603793015625 0.6981273375 0.25265556718750004 0.69935065625 0.24698296250000001 0.7051927859375 0.24563052812500002 0.7133168750000001
0 0.3831727390625 0.6569265875 0.38378381093749997 0.6607847437500001 0.3962208765625 0.672657203125 0.41166834531249996 0.6702105640625 0.420003153125 0.672845403125 0.42598129374999993 0.6689323515625001 0.4181699359375 0.6612709296875 0.4001478890625 0.6641253421875 0.3883218953125 0.656111040625 0.3831727390625 0.6569265875
0 0.0388329953125 0.6907012 0.036651575 0.7019227921875 0.0432407890625 0.7018678984375 0.0411020375 0.688364346875 0.0445056 0.6848590703124999 0.065495384375 0.6924107046875 0.0616986625 0.6851021625 0.0314574625 0.669128453125 0.0315450859375 0.67801319375 0.0388329953125 0.6907012
0 0.0380063 0.752133734375 0.0377883859375 0.759089396875 0.0452065859375 0.7559369984375001 0.05960715625 0.7635435265625 0.0724800484375 0.7615046609375 0.07845819062500001 0.757591609375 0.07383248125 0.7533805734375 0.06322863281249999 0.7530825875 0.048828062500000005 0.7454760578124999 0.0380063 0.752133734375
0 0.10568440625 0.6712143562499999 0.10175739375 0.67974621875 0.1046375078125 0.6812675234375 0.1143247484375 0.6757782734375 0.1261507421875 0.683792575 0.1504564671875 0.6789541906250001 0.1484053375 0.6743353812499999 0.1326523328125 0.674852940625 0.11825175937500002 0.6672464125 0.10568440625 0.6712143562499999
0 0.045372671875 0.540366359375 0.05183159375 0.5561518703125 0.06418103750000001 0.5591395875 0.0760070296875 0.5671538890625001 0.0791050578125 0.5617195328125 0.0698536421875 0.5532974578125 0.068937034375 0.547510221875 0.0447616 0.5365082015625 0.045372671875 0.540366359375
0 0.169478165625 0.574101696875 0.181522071875 0.5751603359375 0.183660825 0.5886638875 0.1937412234375 0.59398845625 0.19889038125 0.5931729109375 0.1969695421875 0.572713696875 0.1843145640625 0.5677969 0.1714416703125 0.5698357656249999 0.169478165625 0.574101696875
0 0.2171798765625 0.7336427828125001 0.20644574062499998 0.7491852 0.19789301875 0.7535060234375 0.1868533453125 0.7671193625 0.19745719374999998 0.7674173484375 0.2019952765625 0.7627436453125 0.22630100468749997 0.7579052609375 0.22189320937499998 0.7467385609375 0.22643129218750002 0.7420648562500001 0.2199723703125 0.726279346875 0.2136886921875 0.72826331875 0.2171798765625 0.7336427828125001
0 0.2447969625 0.59974431875 0.25365521874999997 0.5973525734375 0.2513861765625 0.599689425 0.2551829 0.6069979671875 0.2382953734375 0.608683953125 0.2326227671875 0.6145260828125 0.23436836093750002 0.6172158140625 0.2578451 0.6154749359375 0.26639782031250003 0.6111541109374999 0.2683613265625 0.6068881796875 0.2632548359375 0.5829785828125 0.250076409375 0.58308836875 0.239560184375 0.5916751234375 0.2404767921875 0.5974623593749999 0.2447969625 0.59974431875
0 0.10743228906249999 0.73223911875 0.0865301265625 0.733572225 0.080551984375 0.7374852765625 0.080334071875 0.7444409390625 0.09185452968749999 0.7505261609375 0.10184730625 0.7469659890625 0.116247878125 0.7545725187500001 0.1239716125 0.7533491984375 0.1335712296875 0.7389752078125 0.12575987187499998 0.7313137859375 0.11227590937500001 0.7294944937500001 0.10743228906249999 0.73223911875
0 0.212895503125 0.5316305890625 0.21878602187500001 0.5188327968750001 0.23536801093749998 0.51521773125 0.230742303125 0.51100669375 0.2072655640625 0.5127475734375 0.1733602203125 0.5319599484374999 0.1742768296875 0.5377471859375 0.18435722968749998 0.5430717546875 0.178161175 0.55394046875 0.182481346875 0.5562224265625 0.19216858750000002 0.5507331765625 0.20050339374999998 0.553368015625 0.20390695781249998 0.5498627375 0.2017682046875 0.5363591859375 0.212895503125 0.5316305890625
0 0.5726804249999999 0.43707430625 0.5801862484375 0.44280664999999997 0.5782227437499999 0.44707257968749997 0.5822373765625 0.44742545937499995 0.58502986875 0.440062025 0.579269640625 0.43701941250000004 0.5766074390625 0.42854244531249996 0.570629296875 0.432455496875 0.5726804249999999 0.43707430625
0 0.6576415078125 0.42361779374999997 0.655372465625 0.4259546453125 0.6596926375 0.42823660312499995 0.6609147828124999 0.43595291875 0.6681150671875 0.4397561828125 0.6821224796875 0.436548890625 0.6700785734375 0.4354902515625 0.6654528656250001 0.43127921562499993 0.6677219078125 0.42894236250000006 0.6576415078125 0.42361779374999997
0 0.703325596875 0.320474803125 0.705071190625 0.323164534375 0.7111369546875 0.328136225 0.718860690625 0.32691290624999997 0.72558019375 0.311017609375 0.719296515625 0.31300158125 0.7131004609375 0.32387029375 0.7090858250000001 0.3235174140625 0.707034696875 0.31889860468750003 0.703325596875 0.320474803125
0 0.69154685 0.40440541874999997 0.68299413125 0.4087262421875 0.685045259375 0.41334505312500003 0.7014093375 0.41668564999999996 0.7073874796874999 0.4127725984375 0.69154685 0.40440541874999997
0 0.766121996875 0.38369525625 0.768173125 0.3883140671875 0.78148184375 0.37236387656250003 0.7863254625 0.3696192515625 0.79496580625 0.3741831671875 0.8003328749999999 0.36641195937500004 0.78510331875 0.3619029359375 0.7871544484374999 0.366521746875 0.7786017281250001 0.3708425703125 0.766121996875 0.38369525625
0 0.5721097312500001 0.3501559734375 0.5793100156250001 0.35395923906250004 0.5843288828125 0.3689840953125 0.607282175 0.3722698 0.608111159375 0.3691722953125 0.5885614312499999 0.3623813125 0.5867282140625 0.350806840625 0.5769533515624999 0.3474113484375 0.5721097312500001 0.3501559734375
0 0.7306463078125 0.41798738125 0.74517716875 0.40975350625000007 0.7560865531250001 0.41198057187500003 0.76895944375 0.40994170625 0.7820502484375 0.400947178125 0.7777300765625 0.39866522031249996 0.7654682578124999 0.4045622421875 0.739416940625 0.40671089531250004 0.7306463078125 0.41798738125
0 0.5689263703125 0.4050406203125 0.5646938234375 0.411643403125 0.5670504875 0.4181912921875 0.5773488 0.4165602 0.5827158703124999 0.408788990625 0.584068303125 0.400664903125 0.5805771187500001 0.3952854390625 0.5736823671875 0.3934112546875 0.5659586328125 0.39463457343749997 0.56286060625 0.40006892968749996 0.5689263703125 0.4050406203125
0 0.2440868171875 0.29532626875 0.250064959375 0.2914132171875 0.2528574484375 0.28404978281250004 0.244610265625 0.290299684375 0.2440868171875 0.29532626875
0 0.42570010312499995 0.1755978859375 0.42631117500000004 0.17945604375 0.44812994531249994 0.1839101734375 0.4538025515625 0.17806804375000002 0.4525804078125 0.1703517296875 0.44712571562500003 0.169238196875 0.448347859375 0.1769545109375 0.44494429531249996 0.1804597890625 0.4308492609375 0.17478233906250001 0.42570010312499995 0.1755978859375
0 0.46257547499999996 0.2251265875 0.48635775 0.22531478749999997 0.49656843906250003 0.214798953125 0.4899792265625 0.214853846875 0.48544114218749995 0.2195275515625 0.461964403125 0.2212684296875 0.45546281093749996 0.2302080640625 0.46257547499999996 0.2251265875
0 0.39563415 0.177393659375 0.3982963515625 0.1858706265625 0.40222336406250003 0.177338765625 0.40994709843750005 0.176115446875 0.41819428125 0.16986554375000001 0.41893564375 0.157883296875 0.4146154734375 0.1556013390625 0.410906371875 0.15717753750000002 0.412434053125 0.1668229328125 0.39563415 0.177393659375
0 0.2588782578125 0.2554115859375 0.2554746953125 0.25891686406250003 0.2575258234375 0.263535675 0.2607114734375 0.26698605937500003 0.2727553796875 0.2680446984375 0.2685228328125 0.27464748125 0.26943944062499997 0.2804347171875 0.276334190625 0.282308903125 0.280173578125 0.26489229999999997 0.26812967187500003 0.2638336609375 0.2588782578125 0.2554115859375
0 0.32625311875 0.23089816093749999 0.3345003015625 0.22464825781250003 0.335852734375 0.21652416875 0.3452344390625 0.209105840625 0.3433136 0.1886466265625 0.33476088125 0.19296744999999998 0.3365940984375 0.20454192343750002 0.325554421875 0.2181552625 0.32625311875 0.23089816093749999