0 0.44255713906249994 0.8385582875 0.4366946734375 0.8311536515625001 0.435183446875 0.8348896953124999 0.4402602421875 0.8408677687500001 0.43953468593749995 0.8460303734375 0.44189169375 0.8503100609375001 0.444974259375 0.8494271437500001 0.44255713906249994 0.8385582875
0 0.480750171875 0.9597466359375 0.4826241765625 0.9534292921875 0.47071680625 0.960968828125 0.46660601875 0.976184821875 0.470474253125 0.976728465625 0.4742222625 0.964093775 0.480750171875 0.9597466359375
0 0.581280984375 0.6303617484374999 0.57656696875 0.621802371875 0.5692533890625 0.6247229484375 0.569313503125 0.631312115625 0.587506228125 0.6351850812500001 0.5874461156249999 0.6285959125 0.581280984375 0.6303617484374999
0 0.567074615625 0.682327075 0.562963828125 0.69754306875 0.562238271875 0.702705675 0.5645952796875 0.7069853609375001 0.5676778453125 0.7061024453125 0.57281685625 0.676553375 0.567074615625 0.682327075
0 0.4858290703125 0.9236083984375 0.49078564062499996 0.9164081359375 0.491511196875 0.9112455296874999 0.4887914109375 0.90954714375 0.47615848281249995 0.9222492859375 0.484075290625 0.9431040812499999 0.4890919734375 0.9424929859375 0.4858290703125 0.9236083984375
0 0.902417190625 0.42937557656249997 0.9013288562499999 0.43711948593749994 0.9044715343749999 0.44282573750000004 0.9007235234375001 0.455460428125 0.9045917593749999 0.4560040734375 0.9088227718749999 0.45396641562499995 0.9102738859375 0.44364120468749996 0.9074939859375 0.43535365 0.912087778125 0.4307346890625 0.9131761125000001 0.4229907828125 0.9073136484375001 0.41558614687500006 0.9070109828125 0.4247566171875 0.902417190625 0.42937557656249997
0 0.6782747953125 0.9295965781250001 0.6814775859375 0.941891996875 0.7000330890625001 0.9431836578125001 0.6968302984375 0.930888240625 0.6817201390625 0.9261323562499999 0.6782747953125 0.9295965781250001
0 0.3795728421875 0.9218364984375 0.3822325171875 0.9169457171875001 0.37824405781250003 0.9032237343749999 0.3827176234375 0.8854264390625 0.380300503125 0.8745575828125001 0.37407525937499997 0.8697342499999999 0.37727805000000003 0.8820296687500001 0.3717161484375 0.9075708734375001 0.3795728421875 0.9218364984375
0 0.858359590625 0.3428989046875 0.8649476109374999 0.345140934375 0.8748607515625 0.33074040781249997 0.8759490859374999 0.3229965 0.873592078125 0.3187168109375 0.8677897265625001 0.31790134375 0.8643443828124999 0.32136556562499996 0.86289326875 0.3316907765625 0.856365359375 0.3360379140625 0.858359590625 0.3428989046875
0 0.6296255046875 0.8056225546875 0.6319224015625 0.8033130734375 0.6366364171875001 0.8118724500000001 0.6397189828125 0.8109895312500001 0.641170096875 0.800664321875 0.63724175 0.7935315078125 0.6279339421875 0.7895910921875 0.6247912640625 0.7838848421875 0.619411803125 0.7870772406250001 0.6183234671875 0.7948211484375001 0.6222518140625 0.8019539609375 0.6296255046875 0.8056225546875
0 0.61591265625 0.657603359375 0.619780890625 0.6581470031250001 0.634770825 0.64972455 0.6369474953125 0.634236734375 0.641904065625 0.6270364703125 0.6399098359375001 0.6201754796875 0.6302993625 0.6254055359375 0.6277599125 0.6434746546875 0.6166382125000001 0.6524407546875 0.61591265625 0.657603359375
0 0.5582642250000001 1 0.5595037625 0.9958214671875 0.5459649421874999 0.993918709375 0.5436079328125001 0.989639021875 0.5569664171875 0.9717742749999999 0.54886716875 0.9732682875 0.5247497640625001 0.99751783125 0.5331644890625 1 0.5334105453125 1 0.54753628125 0.996771834375 0.553607371875 1 0.5582642250000001 1
0 0.6214817578125 1 0.623269521875 0.998202440625 0.6250834140625 0.9852959265625 0.623089184375 0.9784349359375 0.6177097234375 0.9816273343749999 0.6143244921875 0.9916807234375 0.6060505468749999 1 0.6214817578125 1
0 0.54844638125 0.9271441109375 0.55545729375 0.93339400625 0.5577541890625 0.9310845265625 0.55533706875 0.9202156718750001 0.56645876875 0.9112495718750001 0.56893810625 0.8865912843749999 0.5639214234375001 0.8872023812500001 0.559810634375 0.9024183734375001 0.54832615625 0.9139657765625 0.54844638125 0.9271441109375
0 0.40568237500000004 0.9465642578125 0.42266653906249996 0.9450027953125 0.42913433593750006 0.9340664890625 0.4402560359375 0.925100390625 0.4359649109375 0.9205488796875001 0.42520598906249996 0.9269336765625 0.4194036375 0.926118209375 0.401814140625 0.9460206124999999 0.40568237500000004 0.9465642578125
0 0.474228571875 0.8377448421875 0.4787622515625 0.8265367124999999 0.49230107187499994 0.8284394703125001 0.5003402078125 0.8203562890624999 0.5010657640625 0.8151936828125 0.480938921875 0.8110488953124999 0.47253700781249997 0.8217133796875 0.47072311562499997 0.8346198953125 0.474228571875 0.8377448421875
0 0.640745103125 0.8387727671875 0.65247003125 0.8535820359375 0.6541014828125 0.8630243312499999 0.6638922953125 0.8775617796875 0.6672775265625 0.8675083906250001 0.6641348484375 0.8618021406249999 0.666614184375 0.8371438515625 0.654646703125 0.8380942203125 0.651504025 0.832387971875 0.634519859375 0.8339494328124999 0.634579971875 0.8405386015625 0.640745103125 0.8387727671875
0 0.52077181875 0.7732142953125 0.5210744859374999 0.7640438234375 0.5226458234375 0.7668969484375 0.530745071875 0.7654029359375001 0.527419953125 0.7820454921875 0.5313483 0.7891783046875 0.534430865625 0.7882953875 0.5396299890625 0.7653354859375 0.5379985375 0.7558931921875 0.5344930812500001 0.7527682453125 0.510135225 0.750661115625 0.506387215625 0.76329580625 0.5115241234375 0.775863046875 0.5173264750000001 0.7766785140625 0.52077181875 0.7732142953125
0 0.6073156828124999 0.9433145156249999 0.6024793374999999 0.963693115625 0.6044735671875 0.9705541078125 0.6110615890625 0.9727961359374999 0.6202491718750001 0.9635582156250001 0.61976616875 0.9529611812500001 0.631250646875 0.94141378125 0.6323389828125 0.9336698718750001 0.6213997234375 0.9202871640625 0.61178925 0.9255172203124999 0.606107121875 0.9378800890625 0.6073156828124999 0.9433145156249999
0 0.4463072515625 0.783807284375 0.4357908828125 0.7744324406249999 0.4371818828125 0.7575180640625 0.43180242187499995 0.7607104625 0.4266033 0.7836703625 0.435063221875 0.821711359375 0.440865575 0.8225268265624999 0.448904709375 0.8144436453124999 0.45748696093749996 0.8235466656250001 0.46093230468749996 0.8200824453125 0.45851518281250003 0.8092135890625001 0.463471753125 0.8020133265625 0.46111474531249996 0.7977336390625 0.4475759234375 0.79583088125 0.4463072515625 0.783807284375
0 0.4610735609375 0.4120976703125 0.46874991718750003 0.40659579062500006 0.4722553734375 0.4097207390625 0.4737666 0.40598469687499994 0.46754135625000004 0.40116136406249997 0.46294756562500006 0.40578032343750003 0.4540626484375 0.40584777499999997 0.45605687812499995 0.412708765625 0.4610735609375 0.4120976703125
0 0.4730452484375 0.3269146796875 0.4746165875 0.3297678046875 0.47806193124999996 0.326303584375 0.4857984015625 0.32739087499999997 0.49154064062499997 0.3216171734375 0.49256886250000004 0.307284096875 0.488035184375 0.3184922265625 0.48265572343749996 0.321684625 0.481084384375 0.3188315 0.4730452484375 0.3269146796875
0 0.3877658515625 0.25307067656250004 0.3908484171875 0.25218775781249997 0.3973763265625 0.2478406203125 0.3984646609375 0.24009671250000003 0.38522850625 0.229023484375 0.38528861875 0.23561265312500002 0.3938708703125 0.2447156734375 0.39235964375 0.24845171718749998 0.3873429609375 0.2490628109375 0.3877658515625 0.25307067656250004
0 0.464585325 0.288873684375 0.4662167765625 0.298315978125 0.47123345937499994 0.2977048828125 0.4792124828125 0.283032534375 0.47721825312500005 0.27617154374999997 0.464585325 0.288873684375
0 0.4665837625 0.2115020515625 0.47160044375 0.2108909578125 0.46023829374999997 0.19350038281249998 0.4590297328125 0.18806595625 0.4659204203125 0.181137515625 0.46005795625 0.1737328796875 0.45129326406250003 0.186978665625 0.456309946875 0.1863675703125 0.4579413984375 0.195809865625 0.4665837625 0.2115020515625
0 0.377786290625 0.3872309671875 0.3835285296875 0.38145726875 0.399364246875 0.38105054374999997 0.40921727499999994 0.36006084843749997 0.4064974875 0.358362465625 0.3942874515625 0.375072471875 0.3826827484375 0.37344153750000003 0.37657772968750003 0.381796540625 0.377786290625 0.3872309671875
0 0.489005396875 0.2554536703125 0.485379715625 0.2391503875 0.49069906406249997 0.2293688203125 0.49251295624999997 0.2164623078125 0.487738828125 0.2013137640625 0.484293484375 0.204777984375 0.4863478265625 0.2182281421875 0.480785925 0.24376934687500001 0.489005396875 0.2554536703125
0 0.4293420140625 0.40632194843749997 0.434418809375 0.41230002031249996 0.44136960937499997 0.41196074843749997 0.442820721875 0.4016355375 0.4369582578125 0.39423090156249996 0.4295845671875 0.390562309375 0.42341943750000005 0.39232814375 0.4196113140625 0.39837366875 0.4185229796875 0.4061175765625 0.42281410468749997 0.4106690859375 0.4293420140625 0.40632194843749997
0 0.22944776406249998 0.6848901859375001 0.22745353437500002 0.6780291953125 0.221228290625 0.6732058640624999 0.224793859375 0.6829199796875 0.22944776406249998 0.6848901859375001
0 0.16804952812500001 0.4762073453125 0.1719177625 0.476750990625 0.182556459375 0.45718785781250004 0.1786281125 0.4500550453125 0.17089164375000002 0.4489677546875 0.16823196875 0.45385853750000005 0.17596843906249998 0.45494582812499995 0.17832544687500002 0.459225515625 0.16877508593749999 0.4710447390625 0.16804952812500001 0.4762073453125
0 0.2261953765625 0.45542404375 0.23332861718750003 0.4327359640625 0.2262575921875 0.4198969015625 0.22438358749999998 0.426214246875 0.22752626562499997 0.431920496875 0.2223271421875 0.45488039843749994 0.22897527499999998 0.46371159687499997 0.2261953765625 0.45542404375
0 0.1609764 0.5054845921875 0.1698613171875 0.5054171421875 0.1628504046875 0.499167246875 0.163938740625 0.4914233390625 0.160373171875 0.4817092234375 0.14913124687499998 0.4774969859375 0.14568590312500002 0.48096120468750003 0.14610879375000002 0.484969071875 0.1557793796875 0.486328184375 0.1609764 0.5054845921875
0 0.1956017625 0.6590751375 0.1979587703125 0.663354825 0.202975453125 0.6627437296875 0.20720646562499997 0.6607060734375 0.2117401453125 0.6494979437499999 0.216816940625 0.655476015625 0.2226192921875 0.6562914828124999 0.2264274140625 0.6502459593750001 0.21089436250000002 0.6414822140625 0.20636068437500002 0.6526903421875 0.1956017625 0.6590751375
0 0.191857959375 0.58747720625 0.188292390625 0.577763090625 0.1809186984375 0.5740944984375 0.1765674609375 0.5629538203125 0.15644061874999998 0.5588090328125 0.15807207031249998 0.5682513250000001 0.1696767734375 0.569882259375 0.1794675859375 0.584419709375 0.191857959375 0.58747720625