0 0.623046875 0.280217096875 0.62109375 0.29325045156249996 0.625 0.29325045156249996 0.626953125 0.2854304390625 0.63671875 0.2723970859375 0.6357421875 0.268487078125 0.623046875 0.280217096875
0 0.81640625 0.5617375296875 0.826171875 0.566950871875 0.828125 0.551310846875 0.8251953125 0.547400840625 0.81640625 0.55391751875 0.81640625 0.5617375296875
0 0.6259765625 0.37275390625 0.623046875 0.3792705828125 0.630859375 0.381877253125 0.626953125 0.3923039359375 0.62890625 0.40273061875 0.6318359375 0.406640625 0.6484375 0.4079439609375 0.6455078125 0.40142728437499997 0.6328125 0.4001239484375 0.63671875 0.3792705828125 0.6259765625 0.37275390625
0 0.7177734375 0.7142277640625 0.7265625 0.6998910765625 0.7197265625 0.69598106875 0.7158203125 0.7011944109375 0.7119140625 0.690767728125 0.7080078125 0.6933743984375 0.701171875 0.702497746875 0.703125 0.710317759375 0.701171875 0.7155311 0.705078125 0.7155311 0.7080078125 0.7064077515625 0.7109375 0.7077110875 0.7119140625 0.7142277640625 0.7177734375 0.7142277640625
0 0.84375 0.6581843453125 0.8427734375 0.65166766875 0.8388671875 0.65166766875 0.822265625 0.6764310390625 0.822265625 0.6868577218749999 0.8251953125 0.690767728125 0.83203125 0.68946439375 0.833984375 0.6868577218749999 0.830078125 0.6790377109375 0.837890625 0.6712176984375 0.84375 0.6581843453125
0 0.6669921875 0.46138070937500003 0.6572265625 0.4587740390625 0.650390625 0.46789738593749997 0.6533203125 0.4770207328125 0.671875 0.4757173984375 0.673828125 0.465290715625 0.6806640625 0.4561673671875 0.6708984375 0.4561673671875 0.6669921875 0.46138070937500003
0 0.9287109375 0.8602013218750001 0.9228515625 0.8602013218750001 0.919921875 0.864111328125 0.919921875 0.871931340625 0.9287109375 0.8810546875 0.9345703125 0.8810546875 0.93359375 0.8953913765625 0.9375 0.8953913765625 0.943359375 0.8875713640624999 0.94140625 0.8745380109375 0.9345703125 0.8706280046874999 0.9287109375 0.8602013218750001
0 0.8017578125 0.909728065625 0.81640625 0.9162447406249999 0.814453125 0.9344914359375001 0.8173828125 0.9410081140625 0.822265625 0.9397047781250001 0.82421875 0.9110314 0.8154296875 0.9019080531249999 0.8017578125 0.9019080531249999 0.8017578125 0.909728065625
0 0.7314453125 0.7559344953125 0.732421875 0.74941781875 0.7197265625 0.7455078125 0.7119140625 0.7559344953125 0.7060546875 0.7559344953125 0.701171875 0.7676645140625 0.708984375 0.778091196875 0.72265625 0.762451171875 0.720703125 0.7598445015624999 0.7236328125 0.7559344953125 0.7314453125 0.7559344953125
0 0.818359375 0.7259577828125 0.818359375 0.7181377703125 0.8115234375 0.71162109375 0.810546875 0.7442044765625 0.8291015625 0.7559344953125 0.83203125 0.7546311593749999 0.8359375 0.74941781875 0.833984375 0.7415978062499999 0.8232421875 0.7350811296875001 0.818359375 0.7259577828125
0 0.7060546875 0.4978740984375 0.693359375 0.509604115625 0.693359375 0.5200307984375 0.6982421875 0.5265474765625 0.71484375 0.5278508109375 0.712890625 0.5174241281249999 0.716796875 0.506997446875 0.7158203125 0.495267428125 0.7060546875 0.4978740984375
0 0.796875 0.5904109078124999 0.7958984375 0.5838942312500001 0.7861328125 0.589107571875 0.77734375 0.60605093125 0.78515625 0.6242976265625 0.783203125 0.634724309375 0.791015625 0.634724309375 0.794921875 0.6295109671875 0.794921875 0.6138709437500001 0.791015625 0.6034442609374999 0.796875 0.5904109078124999
0 0.7998046875 0.7689678484375 0.783203125 0.775484525 0.78125 0.7989445609375 0.7841796875 0.800247896875 0.7880859375 0.79503455625 0.79296875 0.7989445609375 0.8056640625 0.7976412265625 0.810546875 0.7911245484375 0.8095703125 0.774181190625 0.7998046875 0.7689678484375
0 0.767578125 0.4887507515625 0.765625 0.4731107265625 0.7529296875 0.453560696875 0.7470703125 0.453560696875 0.7392578125 0.4431340140625 0.7353515625 0.4431340140625 0.736328125 0.457470703125 0.7412109375 0.46398737968750003 0.7490234375 0.46398737968750003 0.751953125 0.46789738593749997 0.7470703125 0.4718073921875 0.7451171875 0.46920072187499995 0.744140625 0.4731107265625 0.755859375 0.48093073906250006 0.755859375 0.4965707640625 0.767578125 0.506997446875 0.765625 0.5174241281249999 0.7685546875 0.521334134375 0.78125 0.5200307984375 0.783203125 0.509604115625 0.78125 0.49917743437500006 0.7763671875 0.4926607578125 0.767578125 0.4887507515625
0 0.30859375 0.7389911359375 0.3095703125 0.732474459375 0.30078125 0.736384465625 0.3017578125 0.740294471875 0.30859375 0.7389911359375
0 0.3134765625 0.7272611171875 0.3203125 0.728564453125 0.322265625 0.7259577828125 0.3193359375 0.7220477765625 0.3125 0.7233511109374999 0.3134765625 0.7272611171875
0 0.31640625 0.7051044171874999 0.3203125 0.7077110875 0.318359375 0.694677734375 0.3203125 0.6868577218749999 0.3173828125 0.682947715625 0.31640625 0.7051044171874999
0 0.380859375 0.6503643328125001 0.3837890625 0.6542743390625 0.392578125 0.652971003125 0.404296875 0.642544321875 0.3974609375 0.638634315625 0.3896484375 0.6490609984375 0.380859375 0.6503643328125001
0 0.3984375 0.7181377703125 0.38671875 0.7337777937500001 0.388671875 0.7389911359375 0.40234375 0.7233511109374999 0.40234375 0.712924428125 0.3994140625 0.7090144234375 0.3984375 0.7181377703125
0 0.287109375 0.6164776140625 0.2841796875 0.615174278125 0.279296875 0.626904296875 0.283203125 0.6373309796875 0.28125 0.6581843453125 0.2890625 0.660791015625 0.28515625 0.6555776734375 0.2890625 0.6373309796875 0.28515625 0.6295109671875 0.287109375 0.6164776140625
0 0.3603515625 0.7350811296875001 0.3544921875 0.7350811296875001 0.36328125 0.7468111484375 0.361328125 0.7520244890625001 0.36328125 0.7702711843750001 0.3720703125 0.7767878609375 0.376953125 0.775484525 0.3671875 0.762451171875 0.3671875 0.7468111484375 0.36328125 0.7389911359375 0.3603515625 0.7350811296875001
0 0.3759765625 0.615174278125 0.3857421875 0.6125676078125 0.3916015625 0.6203876203124999 0.3984375 0.6216909562499999 0.400390625 0.6164776140625 0.3876953125 0.6021409249999999 0.373046875 0.6086576015625 0.3759765625 0.615174278125
0 0.326171875 0.577377553125 0.326171875 0.566950871875 0.3212890625 0.563040865625 0.322265625 0.5721642124999999 0.314453125 0.579984225 0.314453125 0.593017578125 0.3193359375 0.596927584375 0.326171875 0.5956242484375001 0.33203125 0.593017578125 0.3291015625 0.589107571875 0.3203125 0.5878042359375 0.326171875 0.577377553125
0 0.2236328125 0.5004807687499999 0.216796875 0.506997446875 0.2197265625 0.5109074515625001 0.2275390625 0.5109074515625001 0.2314453125 0.5187274640624999 0.240234375 0.525244140625 0.23828125 0.53045748125 0.2421875 0.53045748125 0.244140625 0.5200307984375 0.232421875 0.506997446875 0.2314453125 0.5004807687499999 0.2236328125 0.5004807687499999
0 0.40625 0.566950871875 0.3935546875 0.5578275234375 0.3837890625 0.5656475359375001 0.3759765625 0.5656475359375001 0.3681640625 0.5500075109375 0.369140625 0.566950871875 0.373046875 0.577377553125 0.376953125 0.579984225 0.3857421875 0.57607421875 0.3916015625 0.56825420625 0.4052734375 0.5708608765625 0.40625 0.566950871875
0 0.4228515625 0.5917142421875 0.421875 0.5956242484375001 0.4296875 0.6008375906250001 0.4228515625 0.6099609375 0.4150390625 0.6099609375 0.4091796875 0.6021409249999999 0.40625 0.6034442609374999 0.40625 0.6112642734375 0.4130859375 0.622994290625 0.421875 0.6216909562499999 0.44140625 0.6008375906250001 0.4365234375 0.5917142421875 0.4326171875 0.589107571875 0.4228515625 0.5917142421875
0 0.1357421875 0.6855543859375001 0.138671875 0.68164438125 0.1337890625 0.675127703125 0.1181640625 0.677734375 0.109375 0.68946439375 0.1103515625 0.6933743984375 0.11328125 0.6920710640625 0.1142578125 0.6855543859375001 0.1220703125 0.6855543859375001 0.1298828125 0.680341046875 0.1357421875 0.6855543859375001
0 0.087890625 0.6555776734375 0.0830078125 0.6490609984375 0.0791015625 0.6490609984375 0.076171875 0.652971003125 0.08203125 0.6581843453125 0.080078125 0.6686110281250001 0.08203125 0.6842510515625 0.0869140625 0.6881610578124999 0.09375 0.6868577218749999 0.09765625 0.68164438125 0.0869140625 0.680341046875 0.083984375 0.67382436875 0.087890625 0.6555776734375
0 0.08203125 0.8823580234374999 0.0859375 0.890178034375 0.076171875 0.9006047171875 0.076171875 0.9084247296875001 0.08203125 0.9110314 0.09375 0.8953913765625 0.091796875 0.88496469375 0.0849609375 0.8784480171875 0.08203125 0.8823580234374999
0 0.0595703125 0.7011944109375 0.0556640625 0.69598106875 0.052734375 0.6998910765625 0.0595703125 0.7090144234375 0.0771484375 0.70380108125 0.08984375 0.7337777937500001 0.08984375 0.7259577828125 0.0810546875 0.6985877406250001 0.0732421875 0.69598106875 0.0595703125 0.7011944109375
0 0.1630859375 0.84716796875 0.1640625 0.8354379515625 0.1591796875 0.8341346156249999 0.150390625 0.8562913156249999 0.1552734375 0.8602013218750001 0.1591796875 0.8549879812500001 0.1708984375 0.852381309375 0.1796875 0.8667179984375 0.181640625 0.864111328125 0.177734375 0.8536846453125 0.1728515625 0.84716796875 0.1630859375 0.84716796875
0 0.091796875 0.822404596875 0.08984375 0.830224609375 0.0927734375 0.8341346156249999 0.0986328125 0.8367412859375 0.1015625 0.8328312796875 0.09375 0.8171912562499999 0.09375 0.80937124375 0.0986328125 0.800247896875 0.0908203125 0.8028545671874999 0.0869140625 0.810674578125 0.0791015625 0.810674578125 0.076171875 0.8145845859374999 0.076171875 0.8276179390625 0.0732421875 0.8315279437499999 0.068359375 0.830224609375 0.0693359375 0.8393479562499999 0.080078125 0.8380446218750001 0.083984375 0.8328312796875 0.080078125 0.822404596875 0.0849609375 0.815887921875 0.091796875 0.822404596875